yy mm dd hh mm ss co2
2010    1   26    3    0    0   400.1998
2010    1   26    4    0    0   401.6409
2010    1   26    5    0    0   402.5068
2010    1   26    7    0    0   403.5900
2010    1   26    8    0    0   403.9899
2010    1   26   12    0    0   403.9108
2010    1   26   19    0    0   390.6576
2010    1   26   21    0    0   389.7635
2010    1   27   17    0    0   392.7828
2010    1   27   18    0    0   390.5159
2010    1   27   19    0    0   388.8962
2010    1   27   20    0    0   387.1757
2010    1   27   21    0    0   385.9586
2010    1   28   17    0    0   394.8107
2010    1   28   18    0    0   391.1694
2010    1   28   19    0    0   389.1373
2010    1   28   20    0    0   388.0681
2010    1   29   18    0    0   388.9963
2010    1   29   20    0    0   386.1367
2010    1   30   16    0    0   392.3897
2010    1   30   18    0    0   388.1105
2010    1   30   19    0    0   387.7321
2010    1   30   21    0    0   389.3500
2010    1   31    5    0    0   402.1158
2010    1   31    6    0    0   403.5252
2010    1   31    9    0    0   407.4262
2010    1   31   10    0    0   408.4269
2010    1   31   11    0    0   408.9298
2010    1   31   13    0    0   408.0651
2010    1   31   15    0    0   405.7966
2010    1   31   17    0    0   403.3228
2010    1   31   20    0    0   399.8039
2010    1   31   21    0    0   399.0827
2010    1   31   22    0    0   398.6742
2010    2    1    1    0    0   398.9728
2010    2    1    2    0    0   399.3268
2010    2    1    8    0    0   400.3234
2010    2    1   12    0    0   399.4217
2010    2    1   15    0    0   395.3945
2010    2    1   17    0    0   393.7978
2010    2    1   21    0    0   394.7952
2010    2    2   20    0    0   390.8881
2010    2    2   21    0    0   390.0384
2010    2    3    1    0    0   393.0657
2010    2    3    4    0    0   398.5997
2010    2    3    5    0    0   399.4416
2010    2    3    7    0    0   400.3099
2010    2    3    8    0    0   400.6086
2010    2    3   15    0    0   399.1781
2010    2    3   16    0    0   398.3514
2010    2    3   17    0    0   397.5983
2010    2    3   18    0    0   396.8199
2010    2    3   19    0    0   396.2775
2010    2    3   20    0    0   395.8140
2010    2    3   21    0    0   395.6041
2010    2    4    9    0    0   401.0580
2010    2    4   18    0    0   393.1768
2010    2    4   19    0    0   392.9276
2010    2    4   20    0    0   392.7234
2010    2    4   21    0    0   392.8804
2010    2    6    4    0    0   395.9753
2010    2    6    8    0    0   397.4472
2010    2    6   10    0    0   398.4023
2010    2    6   14    0    0   399.9626
2010    2    6   16    0    0   400.1134
2010    2    6   17    0    0   399.8723
2010    2    6   18    0    0   399.4042
2010    2    6   19    0    0   398.8800
2010    2    6   20    0    0   398.4917
2010    2    6   21    0    0   398.2606
2010    2    7    1    0    0   399.6873
2010    2    7    2    0    0   400.3629
2010    2    7    3    0    0   401.2368
2010    2    7    5    0    0   402.5254
2010    2    7    7    0    0   403.6330
2010    2    7    9    0    0   404.3355
2010    2    7   10    0    0   404.4948
2010    2    7   11    0    0   404.3834
2010    2    7   16    0    0   401.7524
2010    2   10    5    0    0   400.6948
2010    2   10    6    0    0   401.0924
2010    2   10    8    0    0   401.8240
2010    2   10    9    0    0   401.9662
2010    2   10   10    0    0   402.0269
2010    2   10   11    0    0   401.9796
2010    2   10   12    0    0   401.7087
2010    2   10   13    0    0   401.3452
2010    2   10   14    0    0   400.9784
2010    2   10   16    0    0   399.7441
2010    2   10   17    0    0   399.3237
2010    2   10   18    0    0   398.7865
2010    2   10   19    0    0   398.3368
2010    2   10   21    0    0   397.6740
2010    2   11    0    0    0   397.4546
2010    2   11    1    0    0   397.5856
2010    2   11    9    0    0   398.1329
2010    2   11   15    0    0   396.3405
2010    2   11   17    0    0   395.4392
2010    2   11   19    0    0   394.3603
2010    2   11   20    0    0   393.9522
2010    2   12    3    0    0   394.3353
2010    2   12    4    0    0   395.7352
2010    2   12    8    0    0   401.4283
2010    2   12    9    0    0   401.7212
2010    2   12   12    0    0   404.4082
2010    2   12   14    0    0   404.9270
2010    2   12   15    0    0   403.7381
2010    2   13    0    0    0   401.2461
2010    2   13    1    0    0   401.3884
2010    2   13    2    0    0   401.3490
2010    2   13    3    0    0   400.9141
2010    2   13    5    0    0   399.4479
2010    2   13    7    0    0   398.1687
2010    2   13    9    0    0   397.8870
2010    2   13   10    0    0   398.1138
2010    2   13   11    0    0   398.2781
2010    2   13   12    0    0   398.0172
2010    2   13   13    0    0   397.5221
2010    2   13   17    0    0   394.1325
2010    2   13   18    0    0   393.3135
2010    2   13   19    0    0   392.6042
2010    2   13   20    0    0   391.7568
2010    2   13   21    0    0   391.2730
2010    2   14    4    0    0   406.7344
2010    2   14   16    0    0   401.9195
2010    2   14   18    0    0   397.1049
2010    2   14   19    0    0   394.9871
2010    2   14   20    0    0   393.2906
2010    2   15   17    0    0   401.8850
2010    2   15   20    0    0   392.1435
2010    2   16    7    0    0   409.3564
2010    2   16   10    0    0   407.3477
2010    2   16   12    0    0   404.8435
2010    2   16   15    0    0   398.9414
2010    2   16   18    0    0   394.5607
2010    2   16   19    0    0   393.4338
2010    2   16   20    0    0   392.4930
2010    2   16   21    0    0   391.9718
2010    2   17   16    0    0   395.5461
2010    2   17   17    0    0   394.5744
2010    2   17   18    0    0   393.5507
2010    2   17   19    0    0   392.9077
2010    2   17   20    0    0   392.2793
2010    2   17   21    0    0   392.1693
2010    2   17   22    0    0   392.3062
2010    2   18    7    0    0   406.8417
2010    2   18    8    0    0   406.8398
2010    2   18   10    0    0   405.6594
2010    2   18   16    0    0   394.3101
2010    2   18   17    0    0   393.0372
2010    2   18   18    0    0   391.6913
2010    2   18   19    0    0   390.7432
2010    2   18   20    0    0   389.7946
2010    2   18   21    0    0   389.0785
2010    2   19   21    0    0   389.1907
2010    2   19   23    0    0   387.7038
2010    2   20    3    0    0   390.3678
2010    2   20    4    0    0   393.6931
2010    2   20   17    0    0   397.9385
2010    2   20   20    0    0   391.1613
2010    2   20   21    0    0   389.9922
2010    2   21    3    0    0   386.1092
2010    2   21    4    0    0   390.2352
2010    2   21    5    0    0   393.7880
2010    2   21    6    0    0   399.8351
2010    2   21    7    0    0   405.7433
2010    2   21    8    0    0   409.7470
2010    2   21   21    0    0   385.0422
2010    2   21   22    0    0   382.3291
2010    2   22    1    0    0   382.7729
2010    2   22    2    0    0   387.5102
2010    2   22    4    0    0   410.8938
2010    2   22    6    0    0   432.3117
2010    2   22    8    0    0   447.8771
2010    2   22    9    0    0   450.9246
2010    2   22   10    0    0   450.4771
2010    2   22   11    0    0   447.9002
2010    2   22   12    0    0   441.0923
2010    2   22   14    0    0   422.6975
2010    2   22   20    0    0   382.0186
2010    2   22   21    0    0   380.2255
2010    2   22   22    0    0   379.8790
2010    2   22   23    0    0   380.3542
2010    2   23    3    0    0   397.1275
2010    2   23   11    0    0   420.3264
2010    2   23   19    0    0   386.4469
2010    2   23   20    0    0   384.3951
2010    2   23   21    0    0   382.4039
2010    2   23   22    0    0   380.8748
2010    2   23   23    0    0   380.0304
2010    2   24    2    0    0   388.8378
2010    2   24    5    0    0   408.2768
2010    2   24   13    0    0   432.5994
2010    2   24   21    0    0   395.1932
2010    2   24   22    0    0   396.5290
2010    2   24   23    0    0   398.4369
2010    2   25    0    0    0   401.4469
2010    2   25    2    0    0   404.3349
2010    2   25    4    0    0   404.9895
2010    2   25    5    0    0   405.2431
2010    2   25    6    0    0   404.9318
2010    2   25    7    0    0   404.8303
2010    2   25    8    0    0   404.9555
2010    2   25    9    0    0   404.4249
2010    2   25   10    0    0   403.9585
2010    2   25   11    0    0   403.1802
2010    2   25   15    0    0   397.0874
2010    2   25   16    0    0   395.8543
2010    2   25   17    0    0   394.8487
2010    2   25   18    0    0   393.8067
2010    2   25   19    0    0   393.0527
2010    2   25   20    0    0   392.3815
2010    2   25   21    0    0   392.1443
2010    2   25   22    0    0   392.2110
2010    2   25   23    0    0   392.4268
2010    2   26    0    0    0   393.7347
2010    2   26    1    0    0   396.0302
2010    2   26    2    0    0   398.1993
2010    2   26    3    0    0   401.2125
2010    2   26    4    0    0   404.1917
2010    2   26   11    0    0   413.9656
2010    2   26   16    0    0   398.6375
2010    2   26   18    0    0   393.9446
2010    2   26   19    0    0   392.5978
2010    2   26   20    0    0   391.4427
2010    2   26   22    0    0   389.8852
2010    2   26   23    0    0   389.4966
2010    2   27    2    0    0   391.2675
2010    2   27    7    0    0   399.2874
2010    2   27   21    0    0   394.3979
2010    2   27   22    0    0   394.2965
2010    2   28    1    0    0   395.5473
2010    2   28    4    0    0   398.3190
2010    2   28    5    0    0   398.8739
2010    2   28    7    0    0   399.8444
2010    2   28    8    0    0   400.2881
2010    2   28    9    0    0   400.7802
2010    2   28   10    0    0   401.2353
2010    2   28   11    0    0   401.4541
2010    2   28   15    0    0   398.3377
2010    2   28   18    0    0   395.9121
2010    2   28   19    0    0   395.5539
2010    2   28   20    0    0   395.2298
2010    2   28   21    0    0   394.9558
2010    2   28   22    0    0   394.7840
2010    3    1    2    0    0   397.3302
2010    3    1    3    0    0   398.9584
2010    3    1    5    0    0   400.8628
2010    3    1    6    0    0   401.4626
2010    3    1    7    0    0   402.0430
2010    3    1    9    0    0   403.5662
2010    3    1   10    0    0   405.0906
2010    3    1   15    0    0   406.2321
2010    3    1   18    0    0   397.5731
2010    3    1   19    0    0   396.2348
2010    3    1   20    0    0   395.1759
2010    3    1   21    0    0   393.4742
2010    3    1   22    0    0   391.4948
2010    3    1   23    0    0   390.2101
2010    3    2    3    0    0   388.9152
2010    3    2    5    0    0   400.6378
2010    3    2    6    0    0   410.0064
2010    3    2    7    0    0   416.5783
2010    3    2    9    0    0   417.9060
2010    3    2   10    0    0   413.8824
2010    3    2   11    0    0   410.9765
2010    3    2   17    0    0   393.7312
2010    3    2   18    0    0   393.4480
2010    3    2   20    0    0   394.2545
2010    3    2   21    0    0   395.3067
2010    3    2   22    0    0   396.5315
2010    3    2   23    0    0   397.4726
2010    3    3    3    0    0   402.6137
2010    3    3    5    0    0   403.7893
2010    3    3    7    0    0   404.3413
2010    3    3    8    0    0   404.5225
2010    3    3    9    0    0   404.6551
2010    3    3   10    0    0   404.8018
2010    3    3   11    0    0   404.8215
2010    3    3   12    0    0   404.4723
2010    3    3   13    0    0   403.8301
2010    3    3   15    0    0   401.6494
2010    3    3   16    0    0   400.2682
2010    3    3   19    0    0   397.5051
2010    3    3   21    0    0   396.5773
2010    3    4    0    0    0   396.3322
2010    3    4    1    0    0   396.7723
2010    3    4    3    0    0   397.8863
2010    3    4    4    0    0   398.3723
2010    3    4    5    0    0   398.5690
2010    3    4    6    0    0   398.6413
2010    3    4    7    0    0   398.7290
2010    3    4    8    0    0   398.7958
2010    3    4   10    0    0   398.9959
2010    3    4   11    0    0   398.9286
2010    3    4   12    0    0   398.6554
2010    3    4   14    0    0   397.8880
2010    3    4   15    0    0   397.4593
2010    3    4   18    0    0   396.3190
2010    3    4   19    0    0   395.8824
2010    3    4   21    0    0   395.2837
2010    3    4   22    0    0   395.1136
2010    3    4   23    0    0   395.0258
2010    3    5    1    0    0   395.8130
2010    3    5    2    0    0   396.5475
2010    3    5    7    0    0   403.9578
2010    3    5    9    0    0   404.8436
2010    3    5   10    0    0   404.7846
2010    3    5   11    0    0   404.4462
2010    3    5   12    0    0   403.8789
2010    3    5   16    0    0   397.9179
2010    3    5   17    0    0   396.6623
2010    3    5   19    0    0   395.3631
2010    3    5   20    0    0   394.9463
2010    3    5   21    0    0   394.5824
2010    3    5   22    0    0   394.1856
2010    3    5   23    0    0   393.9715
2010    3    6    0    0    0   392.3548
2010    3    6    1    0    0   391.8200
2010    3    6    4    0    0   390.7046
2010    3    6    8    0    0   391.6396
2010    3    6    9    0    0   391.5533
2010    3    6   17    0    0   394.9604
2010    3    6   18    0    0   395.2679
2010    3    6   19    0    0   395.4902
2010    3    6   20    0    0   395.8529
2010    3    6   21    0    0   396.3505
2010    3    6   22    0    0   396.9685
2010    3    7    2    0    0   398.4459
2010    3    7    7    0    0   404.8388
2010    3    7   13    0    0   399.8711
2010    3    7   16    0    0   396.7721
2010    3    7   17    0    0   396.4433
2010    3    7   18    0    0   396.2014
2010    3    7   20    0    0   396.2269
2010    3    7   21    0    0   396.3687
2010    3    7   22    0    0   396.5153
2010    3    8    2    0    0   396.2326
2010    3    8    4    0    0   395.5720
2010    3    8    5    0    0   395.1912
2010    3    8   11    0    0   391.5474
2010    3    8   18    0    0   395.0759
2010    3    8   19    0    0   395.4009
2010    3    8   20    0    0   395.8509
2010    3    8   23    0    0   397.6653
2010    3    9    2    0    0   398.2336
2010    3    9   11    0    0   392.7994
2010    3    9   20    0    0   398.7971
2010    3    9   21    0    0   399.0707
2010    3   10    7    0    0   403.0337
2010    3   10    9    0    0   405.3079
2010    3   10   18    0    0   398.2502
2010    3   10   19    0    0   397.7752
2010    3   10   20    0    0   397.9535
2010    3   10   21    0    0   398.3807
2010    3   10   22    0    0   398.9239
2010    3   11    2    0    0   396.8593
2010    3   11    4    0    0   397.2473
2010    3   11   13    0    0   395.2106
2010    3   11   14    0    0   394.5998
2010    3   11   15    0    0   393.8269
2010    3   11   17    0    0   392.8212
2010    3   11   18    0    0   392.7211
2010    3   11   19    0    0   392.7982
2010    3   11   20    0    0   392.8057
2010    3   11   21    0    0   392.5513
2010    3   11   22    0    0   391.9777
2010    3   12   11    0    0   392.1944
2010    3   12   12    0    0   396.2304
2010    3   12   18    0    0   395.9475
2010    3   12   20    0    0   394.5003
2010    3   12   22    0    0   393.4569
2010    3   13    0    0    0   400.3023
2010    3   13    7    0    0   420.5034
2010    3   13    8    0    0   421.1302
2010    3   13    9    0    0   422.6144
2010    3   13   11    0    0   424.4952
2010    3   13   17    0    0   392.8630
2010    3   13   18    0    0   392.3449
2010    3   13   19    0    0   392.0537
2010    3   13   20    0    0   391.1296
2010    3   13   21    0    0   390.4550
2010    3   13   22    0    0   390.1133
2010    3   13   23    0    0   390.6893
2010    3   15    0    0    0   395.8059
2010    3   15    1    0    0   400.6026
2010    3   15    2    0    0   405.5192
2010    3   15    3    0    0   411.2815
2010    3   15    6    0    0   417.5322
2010    3   15    7    0    0   418.7159
2010    3   15    8    0    0   419.9593
2010    3   15    9    0    0   421.2078
2010    3   15   11    0    0   419.9051
2010    3   15   16    0    0   396.6236
2010    3   15   18    0    0   395.0560
2010    3   15   19    0    0   394.8745
2010    3   15   21    0    0   393.7509
2010    3   15   23    0    0   393.4254
2010    3   16    0    0    0   396.6693
2010    3   16    4    0    0   419.4412
2010    3   16    5    0    0   421.9180
2010    3   16    6    0    0   423.4687
2010    3   16    7    0    0   423.8968
2010    3   16    8    0    0   424.1751
2010    3   16    9    0    0   424.0972
2010    3   16   10    0    0   423.7174
2010    3   16   11    0    0   421.8534
2010    3   16   21    0    0   379.1351
2010    3   17    1    0    0   376.0340
2010    3   17   20    0    0   385.5219
2010    3   18    2    0    0   398.7156
2010    3   18    3    0    0   407.8684
2010    3   18   16    0    0   390.9991
2010    3   18   20    0    0   386.0843
2010    3   19    4    0    0   428.8934
2010    3   19    6    0    0   446.5719
2010    3   19    7    0    0   452.2634
2010    3   19    9    0    0   458.2805
2010    3   19   10    0    0   458.6464
2010    3   19   11    0    0   456.7991
2010    3   19   19    0    0   385.7074
2010    3   19   20    0    0   383.4494
2010    3   19   21    0    0   379.7517
2010    3   19   22    0    0   375.2914
2010    3   19   23    0    0   372.5331
2010    3   20    3    0    0   364.6019
2010    3   20   17    0    0   393.2538
2010    3   20   18    0    0   391.8569
2010    3   20   20    0    0   390.2429
2010    3   20   21    0    0   389.0572
2010    3   20   22    0    0   387.3158
2010    3   21    6    0    0   409.8832
2010    3   21    7    0    0   411.0538
2010    3   21   10    0    0   406.7634
2010    3   21   12    0    0   401.1278
2010    3   21   15    0    0   393.8654
2010    3   21   23    0    0   394.3757
2010    3   22    1    0    0   399.8112
2010    3   22    2    0    0   400.8350
2010    3   22    3    0    0   401.4980
2010    3   22    5    0    0   401.9822
2010    3   22    7    0    0   401.8324
2010    3   22   11    0    0   400.8323
2010    3   22   15    0    0   393.8809
2010    3   22   16    0    0   393.5638
2010    3   22   19    0    0   393.2057
2010    3   22   20    0    0   393.1306
2010    3   22   21    0    0   393.3080
2010    3   22   22    0    0   393.5422
2010    3   22   23    0    0   393.9464
2010    3   23    0    0    0   395.6366
2010    3   23    1    0    0   397.6135
2010    3   23    2    0    0   399.5328
2010    3   23    3    0    0   401.8979
2010    3   23   19    0    0   395.8837
2010    3   23   21    0    0   394.2485
2010    3   23   22    0    0   392.9079
2010    3   24    1    0    0   392.2391
2010    3   24    4    0    0   401.3099
2010    3   24    6    0    0   404.4862
2010    3   24   23    0    0   385.0173
2010    3   25    2    0    0   386.1177
2010    3   25    4    0    0   392.8527
2010    3   25   10    0    0   426.3939
2010    3   25   19    0    0   385.9695
2010    3   25   21    0    0   383.9240
2010    3   26    3    0    0   398.8116
2010    3   26   10    0    0   401.9137
2010    3   26   17    0    0   395.5027
2010    3   26   18    0    0   395.3981
2010    3   26   19    0    0   395.1198
2010    3   27   12    0    0   413.2825
2010    3   27   19    0    0   388.9004
2010    3   27   20    0    0   387.5803
2010    3   27   21    0    0   386.4565
2010    3   27   22    0    0   385.3203
2010    3   27   23    0    0   384.8587
2010    3   28    0    0    0   387.2826
2010    3   28    1    0    0   391.3996
2010    3   28    2    0    0   395.1299
2010    3   28    3    0    0   400.8921
2010    3   28    4    0    0   405.0610
2010    3   28    6    0    0   409.7621
2010    3   28    8    0    0   413.3870
2010    3   28   10    0    0   417.5754
2010    3   28   11    0    0   418.5611
2010    3   28   15    0    0   398.3633
2010    3   28   17    0    0   390.0484
2010    3   28   22    0    0   382.0429
2010    3   29    6    0    0   405.5144
2010    3   29   12    0    0   403.4647
2010    3   29   13    0    0   400.4004
2010    3   29   17    0    0   392.7475
2010    3   29   20    0    0   393.7030
2010    3   29   22    0    0   394.7429
2010    3   30    3    0    0   404.4628
2010    3   30    5    0    0   407.6370
2010    3   30    7    0    0   408.3595
2010    3   30   11    0    0   407.8249
2010    3   30   17    0    0   395.5736
2010    3   30   18    0    0   394.9559
2010    3   30   19    0    0   394.3201
2010    3   30   20    0    0   393.2527
2010    3   30   21    0    0   392.2123
2010    3   30   22    0    0   390.4814
2010    3   31    1    0    0   391.7833
2010    3   31    4    0    0   411.4271
2010    3   31    7    0    0   424.6510
2010    3   31    8    0    0   426.4099
2010    3   31    9    0    0   427.7598
2010    3   31   11    0    0   428.9217
2010    3   31   17    0    0   392.4533
2010    3   31   18    0    0   390.7267
2010    3   31   19    0    0   389.4417
2010    3   31   20    0    0   387.4901
2010    3   31   21    0    0   384.7591
2010    3   31   22    0    0   380.3220
2010    4    1    7    0    0   408.1190
2010    4    1   18    0    0   388.0071
2010    4    1   19    0    0   385.8989
2010    4    1   20    0    0   383.8269
2010    4    1   21    0    0   381.0793
2010    4    1   22    0    0   377.6351
2010    4    2    0    0    0   371.6696
2010    4    2   18    0    0   395.5370
2010    4    2   19    0    0   392.1988
2010    4    2   20    0    0   389.4948
2010    4    2   21    0    0   385.6437
2010    4    2   22    0    0   382.0685
2010    4    3    5    0    0   403.9855
2010    4    3    6    0    0   415.0703
2010    4    3    8    0    0   431.6060
2010    4    3   22    0    0   379.5046
2010    4    4   18    0    0   389.3991
2010    4    4   20    0    0   385.6908
2010    4    4   21    0    0   383.6900
2010    4    4   23    0    0   378.9611
2010    4    5    2    0    0   384.5411
2010    4    5    5    0    0   407.6964
2010    4    5   18    0    0   388.9887
2010    4    5   19    0    0   387.4499
2010    4    5   20    0    0   386.0894
2010    4    5   21    0    0   384.6973
2010    4    6    1    0    0   382.7413
2010    4    6   21    0    0   381.8741
2010    4    6   22    0    0   378.8573
2010    4    7   10    0    0   454.4527
2010    4    7   19    0    0   385.8953
2010    4    7   20    0    0   384.0934
2010    4    7   21    0    0   382.2578
2010    4    7   22    0    0   378.3588
2010    4    8   18    0    0   386.0606
2010    4    8   19    0    0   384.8849
2010    4    8   20    0    0   383.5785
2010    4    8   21    0    0   382.6612
2010    4    8   22    0    0   381.2808
2010    4    9    0    0    0   381.4357
2010    4    9    1    0    0   385.2986
2010    4    9   12    0    0   402.3552
2010    4    9   13    0    0   398.2681
2010    4    9   17    0    0   388.8074
2010    4    9   18    0    0   388.1406
2010    4    9   19    0    0   387.3604
2010    4    9   20    0    0   386.0054
2010    4    9   21    0    0   384.2090
2010    4    9   22    0    0   381.1177
2010    4   10    1    0    0   381.4952
2010    4   10    2    0    0   383.7968
2010    4   10   23    0    0   390.0240
2010    4   11    0    0    0   390.6752
2010    4   11    9    0    0   409.4318
2010    4   11   17    0    0   393.4793
2010    4   11   20    0    0   391.5896
2010    4   11   22    0    0   390.4588
2010    4   12    3    0    0   396.6999
2010    4   12   21    0    0   390.8963
2010    4   13    4    0    0   399.1330
2010    4   13    8    0    0   404.3208
2010    4   13   11    0    0   403.8029
2010    4   13   20    0    0   390.3273
2010    4   13   22    0    0   389.5230
2010    4   14    6    0    0   400.6874
2010    4   14    7    0    0   401.6389
2010    4   14   18    0    0   391.1560
2010    4   14   19    0    0   390.8329
2010    4   14   20    0    0   390.4739
2010    4   14   21    0    0   390.2986
2010    4   14   22    0    0   390.1056
2010    4   15    1    0    0   391.9760
2010    4   15    3    0    0   395.7340
2010    4   15    7    0    0   401.3690
2010    4   15    8    0    0   401.9873
2010    4   15   21    0    0   390.9669
2010    4   15   22    0    0   390.3242
2010    4   15   23    0    0   389.6106
2010    4   16    4    0    0   397.8619
2010    4   16    5    0    0   399.6555
2010    4   16    6    0    0   402.1491
2010    4   16   21    0    0   390.0921
2010    4   17    7    0    0   410.4741
2010    4   20    4    0    0   397.0730
2010    4   20    6    0    0   405.6898
2010    4   20    7    0    0   410.5676
2010    4   20    8    0    0   413.9235
2010    4   20   21    0    0   392.2842
2010    4   21   21    0    0   390.2214
2010    4   21   22    0    0   389.9400
2010    4   22    2    0    0   389.7798
2010    4   22   20    0    0   393.9389
2010    4   22   21    0    0   393.4722
2010    4   22   22    0    0   392.7449
2010    4   23   19    0    0   396.2217
2010    4   23   20    0    0   396.0404
2010    4   23   21    0    0   395.8336
2010    4   24   21    0    0   378.6708
2010    4   24   22    0    0   376.5740
2010    4   25   11    0    0   407.1524
2010    4   26   19    0    0   390.6003
2010    4   26   20    0    0   390.3474
2010    4   26   21    0    0   390.3742
2010    4   26   22    0    0   389.7324
2010    4   27   19    0    0   388.3767
2010    4   27   20    0    0   387.8196
2010    4   27   21    0    0   387.7744
2010    4   28    4    0    0   397.2149
2010    4   28    5    0    0   397.6571
2010    4   28   21    0    0   387.7748
2010    4   28   22    0    0   386.3048
2010    4   29   20    0    0   382.5821
2010    4   29   21    0    0   379.7845
2010    4   29   22    0    0   375.8721
2010    4   29   23    0    0   373.3754
2010    4   30    7    0    0   419.0376
2010    4   30   23    0    0   367.4792
2010    5    1   21    0    0   383.1883
2010    5    1   22    0    0   380.7818
2010    5    2   20    0    0   387.1660
2010    5    2   21    0    0   386.7067
2010    5    2   22    0    0   385.4299
2010    5    3   22    0    0   383.6060
2010    5    6   21    0    0   380.4011
2010    5    6   22    0    0   377.9887
2010    5    7   22    0    0   384.0662
2010    5    9   21    0    0   393.6147
2010    5    9   22    0    0   393.6557
2010    5    9   23    0    0   393.7541
2010    5   10   20    0    0   395.7443
2010    5   11    1    0    0   395.4873
2010    5   11    6    0    0   393.8400
2010    5   11   22    0    0   395.8313
2010    5   12   22    0    0   395.7061
2010    5   13    1    0    0   394.7176
2010    5   13   22    0    0   395.6209
2010    5   16    5    0    0   365.9859
2010    5   16   21    0    0   408.2556
2010    5   18   21    0    0   414.6834
2010    5   18   22    0    0   422.3370
2010    5   20   23    0    0   404.0757
2010    5   24   22    0    0   385.4484
2010    5   25   22    0    0   385.9154
2010    5   26   22    0    0   384.9831
2010    5   27   23    0    0   385.5255
2010    5   30   21    0    0   389.2068
2010    5   31   19    0    0   391.6209
2010    6    7   22    0    0   393.8917
2010    6    7   23    0    0   393.6432
2010    6    8   22    0    0   389.8111
2010    6    9   22    0    0   389.9193
2010    6   11   19    0    0   389.3761
2010    6   12   22    0    0   392.1569
2010    6   14   23    0    0   394.1071
2010    6   15   19    0    0   394.4921
2010    6   15   22    0    0   394.5724
2010    6   15   23    0    0   394.6538
2010    6   16   20    0    0   392.9493
2010    6   16   21    0    0   392.9363
2010   12    8   21    0    0   399.9192
2010   12    8   23    0    0   399.7695
2010   12    9    0    0    0   399.7765
2010   12    9    1    0    0   400.0292
2010   12    9    2    0    0   400.4525
2010   12    9    3    0    0   401.1456
2010   12    9    5    0    0   403.0902
2010   12    9    6    0    0   404.1281
2010   12    9    8    0    0   405.4350
2010   12    9    9    0    0   405.6570
2010   12    9   10    0    0   405.5845
2010   12    9   11    0    0   405.2419
2010   12    9   12    0    0   404.7513
2010   12    9   13    0    0   404.1498
2010   12    9   19    0    0   398.1933
2010   12    9   20    0    0   397.4483
2010   12    9   21    0    0   396.5411
2010   12   10    1    0    0   394.6796
2010   12   10    4    0    0   397.1168
2010   12   10   10    0    0   405.4367
2010   12   10   11    0    0   406.2865
2010   12   10   13    0    0   407.0664
2010   12   10   15    0    0   404.2679
2010   12   10   17    0    0   400.2767
2010   12   10   18    0    0   399.1512
2010   12   10   22    0    0   394.5621
2010   12   10   23    0    0   393.6850
2010   12   11    0    0    0   392.1797
2010   12   11    1    0    0   394.0840
2010   12   11    3    0    0   398.9494
2010   12   11    4    0    0   401.9039
2010   12   11    9    0    0   408.7162
2010   12   11   10    0    0   409.9346
2010   12   11   12    0    0   413.2139
2010   12   11   17    0    0   392.6019
2010   12   11   19    0    0   387.7631
2010   12   11   20    0    0   385.8692
2010   12   11   21    0    0   384.4205
2010   12   11   22    0    0   383.5102
2010   12   12    3    0    0   388.8660
2010   12   12    4    0    0   391.8465
2010   12   12   11    0    0   401.1971
2010   12   12   12    0    0   398.6799
2010   12   12   18    0    0   392.4880
2010   12   12   20    0    0   392.5704
2010   12   12   21    0    0   392.9026
2010   12   12   22    0    0   393.7197
2010   12   13    0    0    0   395.9603
2010   12   13    1    0    0   397.0529
2010   12   13    2    0    0   398.1347
2010   12   13    3    0    0   399.3334
2010   12   13    4    0    0   400.3176
2010   12   13    5    0    0   401.1627
2010   12   13    6    0    0   401.9499
2010   12   13    7    0    0   402.5728
2010   12   13   10    0    0   403.4171
2010   12   13   11    0    0   403.2617
2010   12   13   12    0    0   402.8173
2010   12   13   13    0    0   402.2211
2010   12   13   14    0    0   401.6184
2010   12   13   15    0    0   400.9751
2010   12   13   16    0    0   400.4967
2010   12   13   17    0    0   400.0538
2010   12   13   18    0    0   399.5648
2010   12   13   19    0    0   399.0994
2010   12   13   20    0    0   398.6521
2010   12   13   22    0    0   398.0980
2010   12   13   23    0    0   398.0242
2010   12   14    0    0    0   398.1735
2010   12   14    1    0    0   398.3334
2010   12   14    2    0    0   398.5649
2010   12   14    3    0    0   398.8904
2010   12   14    4    0    0   399.1753
2010   12   14    5    0    0   399.4910
2010   12   14    6    0    0   399.8719
2010   12   14    7    0    0   400.2581
2010   12   14    8    0    0   400.6448
2010   12   14    9    0    0   401.1013
2010   12   14   10    0    0   401.5762
2010   12   14   11    0    0   401.9193
2010   12   14   12    0    0   402.1268
2010   12   14   13    0    0   402.1276
2010   12   14   14    0    0   401.8979
2010   12   14   15    0    0   401.4085
2010   12   14   17    0    0   399.9763
2010   12   14   18    0    0   398.9744
2010   12   14   19    0    0   398.0844
2010   12   14   20    0    0   397.3039
2010   12   14   21    0    0   396.8098
2010   12   14   22    0    0   396.7744
2010   12   14   23    0    0   396.9748
2011    1   18   23    0    0   387.6440
2011    1   19    0    0    0   389.2541
2011    1   19   11    0    0   405.5750
2011    1   19   12    0    0   401.8964
2011    1   19   21    0    0   389.0104
2011    1   20    1    0    0   395.2471
2011    1   20    7    0    0   410.7039
2011    1   20   18    0    0   393.8733
2011    1   20   21    0    0   386.9346
2011    1   21   16    0    0   414.8126
2011    1   21   19    0    0   409.7020
2011    1   21   20    0    0   408.0579
2011    1   21   21    0    0   406.7581
2011    1   22    4    0    0   419.3747
2011    1   22    6    0    0   422.9802
2011    1   22    8    0    0   426.6623
2011    1   22   10    0    0   429.5936
2011    1   22   16    0    0   403.1596
2011    1   22   17    0    0   400.5477
2011    1   22   18    0    0   398.7593
2011    1   22   19    0    0   397.7400
2011    1   22   20    0    0   396.9419
2011    1   22   22    0    0   396.3231
2011    1   23    0    0    0   397.1697
2011    1   23    2    0    0   399.1519
2011    1   23    4    0    0   401.5105
2011    1   23   15    0    0   403.6692
2011    1   23   16    0    0   400.3708
2011    1   23   17    0    0   397.9239
2011    1   23   18    0    0   396.1282
2011    1   23   19    0    0   394.9110
2011    1   23   20    0    0   394.0941
2011    1   23   21    0    0   393.4712
2011    1   24    2    0    0   395.1743
2011    1   24    3    0    0   396.6659
2011    1   24    6    0    0   403.0931
2011    1   24    7    0    0   405.2734
2011    1   24   14    0    0   412.6839
2011    1   25    6    0    0   414.3973
2011    1   25   10    0    0   410.7368
2011    1   25   13    0    0   402.7706
2011    1   25   17    0    0   389.8372
2011    1   25   18    0    0   388.2040
2011    1   26    1    0    0   400.4536
2011    1   26    2    0    0   402.9426
2011    1   26    3    0    0   405.1883
2011    1   26   10    0    0   404.0935
2011    1   26   12    0    0   400.6021
2011    1   26   13    0    0   399.0095
2011    1   26   14    0    0   397.6599
2011    1   26   18    0    0   394.1835
2011    1   26   21    0    0   393.6173
2011    1   26   22    0    0   393.8356
2011    1   26   23    0    0   394.2593
2011    1   27    3    0    0   402.2615
2011    1   28    1    0    0   397.0797
2011    1   28    2    0    0   400.0399
2011    1   28    3    0    0   403.8352
2011    1   28    4    0    0   407.2490
2011    1   28    6    0    0   411.5091
2011    1   28    7    0    0   412.2989
2011    1   28   10    0    0   411.5803
2011    1   28   13    0    0   406.1018
2011    1   28   18    0    0   394.6745
2011    1   28   19    0    0   394.0083
2011    1   28   20    0    0   393.1525
2011    1   28   21    0    0   392.5360
2011    2    9   22    0    0   389.8531
2011    2   10    1    0    0   389.9120
2011    2   10    5    0    0   397.6178
2011    2   10   13    0    0   427.8678
2011    2   10   14    0    0   424.7853
2011    2   10   15    0    0   418.8148
2011    2   10   17    0    0   405.4318
2011    2   10   19    0    0   397.1659
2011    2   10   20    0    0   394.8592
2011    2   10   22    0    0   392.3798
2011    2   10   23    0    0   392.2530
2011    2   11    1    0    0   397.0456
2011    2   11    2    0    0   400.8956
2011    2   11    3    0    0   405.7934
2011    2   11    8    0    0   423.4746
2011    2   11    9    0    0   427.0732
2011    2   11   10    0    0   430.2955
2011    2   11   11    0    0   431.2567
2011    2   11   12    0    0   427.6823
2011    2   11   13    0    0   421.0167
2011    2   11   20    0    0   393.0382
2011    2   11   21    0    0   391.7733
2011    2   11   22    0    0   390.8319
2011    2   11   23    0    0   390.1482
2011    2   12    4    0    0   400.8193
2011    2   12    5    0    0   402.0310
2011    2   12    6    0    0   402.7929
2011    2   12    9    0    0   403.9821
2011    2   12   10    0    0   404.2955
2011    2   12   11    0    0   404.3657
2011    2   12   12    0    0   403.9696
2011    2   12   15    0    0   399.8098
2011    2   12   21    0    0   392.6193
2011    2   12   22    0    0   392.1513
2011    2   13    6    0    0   401.6002
2011    2   13    7    0    0   403.6252
2011    2   13    8    0    0   405.1845
2011    2   13    9    0    0   406.5494
2011    2   13   10    0    0   407.6042
2011    2   13   11    0    0   408.4955
2011    2   13   13    0    0   407.6444
2011    2   13   14    0    0   405.4877
2011    2   13   22    0    0   389.5966
2011    2   13   23    0    0   388.8690
2011    2   14    3    0    0   392.1125
2011    2   14    4    0    0   394.6227
2011    2   14    5    0    0   397.0462
2011    2   14    6    0    0   399.6394
2011    2   14    8    0    0   403.7885
2011    2   14   13    0    0   412.7029
2011    2   14   20    0    0   392.5736
2011    2   14   21    0    0   391.4635
2011    2   14   22    0    0   390.9018
2011    2   15    2    0    0   399.8633
2011    2   15    3    0    0   404.8916
2011    2   15    4    0    0   408.9631
2011    2   15    5    0    0   411.5954
2011    2   15    6    0    0   413.5150
2011    2   15    7    0    0   414.9016
2011    2   15    8    0    0   416.1635
2011    2   15    9    0    0   417.5528
2011    2   15   10    0    0   419.0876
2011    2   15   11    0    0   420.8050
2011    2   15   12    0    0   421.3232
2011    2   15   20    0    0   395.7763
2011    2   15   21    0    0   394.8697
2011    2   15   23    0    0   394.4347
2011    2   16    0    0    0   395.7599
2011    2   16    2    0    0   400.8101
2011    2   16    3    0    0   404.0211
2011    2   16    4    0    0   406.2800
2011    2   16    6    0    0   409.4850
2011    2   16    8    0    0   412.6580
2011    2   16    9    0    0   414.3454
2011    2   16   11    0    0   415.7679
2011    2   17    0    0    0   393.0117
2011    2   17    1    0    0   395.4263
2011    2   17    3    0    0   402.3344
2011    2   17    4    0    0   406.3370
2011    2   17    6    0    0   412.6831
2011    2   17   22    0    0   389.6286
2011    2   18    0    0    0   389.1998
2011    2   18   21    0    0   395.9650
2011    2   18   22    0    0   395.0948
2011    2   19    1    0    0   396.1519
2011    2   19    4    0    0   407.7313
2011    2   19    5    0    0   411.9954
2011    2   19    6    0    0   416.8308
2011    2   19    8    0    0   423.9956
2011    2   19   23    0    0   392.5637
2011    2   20    2    0    0   396.9702
2011    2   20    4    0    0   405.6128
2011    2   20    5    0    0   410.4747
2011    2   20   22    0    0   391.0081
2011   11    8   19    0    0   393.1837
2011   11    8   20    0    0   393.0509
2011   11    9   19    0    0   395.1705
2011   11   10   18    0    0   398.0950
2011   11   10   23    0    0   402.1980
2011   11   11    2    0    0   401.5651
2011   11   11    4    0    0   399.5826
2011   11   11    5    0    0   398.6510
2011   11   11    6    0    0   397.8475
2011   11   11    7    0    0   397.4143
2011   11   11    8    0    0   397.1918
2011   11   11   15    0    0   399.6907
2011   11   11   16    0    0   399.3639
2011   11   11   19    0    0   398.2682
2011   11   11   20    0    0   398.0670
2011   11   11   21    0    0   397.5564
2011   11   11   22    0    0   396.8140
2011   11   11   23    0    0   396.4755
2011   11   12    0    0    0   394.4510
2011   11   12    1    0    0   394.8167
2011   11   12    6    0    0   400.4364
2011   11   12    8    0    0   402.8487
2011   11   12   20    0    0   393.1923
2011   11   12   21    0    0   392.5748
2011   11   12   22    0    0   392.1022
2011   11   13    1    0    0   393.0311
2011   11   13    2    0    0   394.6303
2011   11   13    5    0    0   403.0948
2011   11   13    6    0    0   406.1459
2011   11   13   18    0    0   393.3491
2011   11   13   19    0    0   392.5501
2011   11   13   20    0    0   391.8960
2011   11   13   21    0    0   391.3499
2011   11   14    1    0    0   393.1640
2011   11   14    2    0    0   395.1606
2011   11   14    5    0    0   404.5282
2011   11   14    6    0    0   407.7692
2011   11   14    7    0    0   410.6015
2011   11   14   17    0    0   394.0200
2011   11   14   19    0    0   391.4761
2011   11   14   20    0    0   390.8741
2011   11   14   22    0    0   390.0764
2011   11   15    1    0    0   392.3593
2011   11   15    2    0    0   395.0339
2011   11   15    4    0    0   403.5601
2011   11   15    5    0    0   407.6162
2011   11   15    6    0    0   411.6267
2011   11   15    7    0    0   415.0041
2011   11   15   21    0    0   391.7437
2011   11   16    3    0    0   404.0598
2011   11   16   19    0    0   392.4102
2011   11   16   21    0    0   390.9867
2011   11   16   22    0    0   391.2652
2011   11   17   18    0    0   393.9885
2011   11   17   19    0    0   395.0749
2011   11   18   17    0    0   394.5149
2011   11   18   18    0    0   393.9627
2011   11   18   20    0    0   393.1712
2011   11   18   21    0    0   393.1229
2011   11   19    3    0    0   398.3491
2011   11   19   19    0    0   391.5263
2011   11   19   20    0    0   390.4539
2011   11   19   21    0    0   387.9267
2011   11   19   22    0    0   386.4085
2011   12   14    7    0    0   392.9267
2011   12   14    8    0    0   393.1803
2011   12   14   20    0    0   402.8201
2011   12   15   19    0    0   403.5428
2011   12   18   20    0    0   403.9074
2011   12   19   18    0    0   401.0564
2011   12   20   18    0    0   400.7087
2011   12   20   19    0    0   400.6801
2011   12   20   20    0    0   400.8717
2011   12   21   19    0    0   399.4234
2011   12   21   20    0    0   400.2878
2011   12   22    9    0    0   387.9601
2011   12   22   19    0    0   399.6135
2011   12   22   20    0    0   400.1843
2011   12   22   21    0    0   400.5116
2011   12   23   19    0    0   400.3979
2011   12   23   20    0    0   401.2742
2011   12   24    0    0    0   397.8567
2011   12   24    3    0    0   399.7737
2011   12   24    6    0    0   405.1317
2011   12   24   20    0    0   403.0682
2011   12   24   23    0    0   401.1405
2011   12   25    0    0    0   401.0994
2011   12   25    7    0    0   404.4550
2011   12   25   10    0    0   407.4400
2011   12   25   11    0    0   408.0133
2011   12   25   18    0    0   399.2969
2011   12   25   19    0    0   398.8028
2011   12   25   20    0    0   398.4342
2011   12   26   19    0    0   402.2753
2011   12   27   12    0    0   401.9145
2011   12   27   18    0    0   397.9567
2011   12   27   19    0    0   398.3983
2011   12   27   20    0    0   398.7418
2011   12   27   21    0    0   398.8600
2011   12   28    4    0    0   397.0165
2011   12   28   19    0    0   398.4813
2011   12   28   20    0    0   398.3900
2011   12   30   20    0    0   400.5805
2011   12   31   19    0    0   392.8540
2011   12   31   20    0    0   392.4779
2011   12   31   21    0    0   392.1849
2012    1    1   19    0    0   393.1456
2012    1    1   20    0    0   392.3126
2012    1    3    7    0    0   399.1550
2012    1    3    8    0    0   399.1873
2012    1    3    9    0    0   399.3158
2012    1    3   10    0    0   399.5417
2012    1    3   11    0    0   399.7220
2012    1    3   15    0    0   399.4239
2012    1    3   16    0    0   399.1856
2012    1    3   17    0    0   398.9285
2012    1    3   18    0    0   398.6393
2012    1    3   19    0    0   398.3927
2012    1    3   20    0    0   398.1671
2012    1    3   21    0    0   398.0582
2012    1    4   10    0    0   409.9113
2012    1    5   19    0    0   394.4592
2012    1    5   21    0    0   393.0951
2012    1    9   20    0    0   401.6549
2012    1   11   12    0    0   394.9560
2012    1   11   17    0    0   398.3855
2012    1   11   18    0    0   399.1284
2012    1   11   20    0    0   399.5101
2012    1   11   21    0    0   399.0125
2012    1   12   19    0    0   397.2590
2012    1   12   20    0    0   397.3669
2012    1   12   21    0    0   397.1961
2012    1   13    0    0    0   395.6529
2012    1   13    1    0    0   395.1019
2012    1   13    6    0    0   395.5572
2012    1   13    8    0    0   396.9632
2012    1   13    9    0    0   397.5993
2012    1   13   13    0    0   400.2765
2012    1   13   15    0    0   401.5105
2012    1   13   17    0    0   401.6219
2012    1   13   18    0    0   401.3765
2012    1   13   19    0    0   401.0125
2012    1   13   20    0    0   400.6958
2012    1   13   21    0    0   400.3924
2012    1   14    6    0    0   403.1080
2012    1   14    7    0    0   402.9940
2012    1   14    9    0    0   403.0668
2012    1   14   12    0    0   403.1404
2012    1   14   18    0    0   394.6571
2012    1   14   19    0    0   393.8033
2012    1   14   20    0    0   392.9696
2012    1   14   21    0    0   392.3543
2012    2   20   19    0    0   405.7185
2012    3    3   17    0    0   392.1594
2012    3    3   19    0    0   391.7662
2012    3    3   20    0    0   391.5221
2012    3    3   21    0    0   391.6196
2012    3    3   22    0    0   392.0293
2012    3    4    7    0    0   400.1510
2012    3    4    9    0    0   402.5040
2012    3    4   10    0    0   403.4512
2012    3    4   12    0    0   402.1660
2012    3    4   13    0    0   400.5957
2012    3    4   15    0    0   398.0957
2012    3    4   16    0    0   397.7676
2012    3    4   17    0    0   397.6116
2012    3    4   18    0    0   397.4565
2012    3    4   19    0    0   397.3614
2012    3    4   20    0    0   397.1888
2012    3    4   21    0    0   397.1303
2012    3    4   22    0    0   397.1709
2012    3    4   23    0    0   397.2377
2012    3    5   17    0    0   397.3641
2012    3    5   19    0    0   396.5496
2012    3    5   20    0    0   396.1502
2012    3    5   21    0    0   395.6607
2012    3    5   22    0    0   395.0750
2012    3    6    3    0    0   400.9526
2012    3    6    6    0    0   408.9726
2012    3    6    7    0    0   410.8612
2012    3    6    8    0    0   412.1694
2012    3    6    9    0    0   413.0329
2012    3    6   10    0    0   413.1640
2012    3    6   11    0    0   412.4677
2012    3    6   16    0    0   398.0488
2012    3    6   17    0    0   396.8986
2012    3    6   18    0    0   396.1571
2012    3    6   19    0    0   395.8103
2012    3    6   20    0    0   395.4425
2012    3    6   21    0    0   395.3543
2012    3    6   22    0    0   395.5509
2012    3    6   23    0    0   395.9825
2012    3    7    2    0    0   400.6802
2012    3    7    5    0    0   404.6481
2012    3    7    6    0    0   405.3354
2012    3    7    7    0    0   405.7605
2012    3    7   16    0    0   396.3589
2012    3    7   17    0    0   395.7226
2012    3    7   18    0    0   395.1636
2012    3    7   19    0    0   394.7606
2012    3    7   20    0    0   394.1883
2012    3    7   21    0    0   393.7084
2012    3    8    1    0    0   397.3761
2012    3    8    3    0    0   402.7430
2012    3    8    7    0    0   410.0882
2012    3    8   17    0    0   395.2140
2012    3    8   18    0    0   394.1490
2012    3    8   19    0    0   393.4999
2012    3    8   20    0    0   392.6779
2012    3    8   21    0    0   391.8611
2012    3    9   18    0    0   392.7947
2012    3    9   19    0    0   391.7145
2012    3    9   21    0    0   390.4674
2012    3   10    7    0    0   399.9049
2012    3   10    9    0    0   401.2377
2012    3   10   12    0    0   402.8684
2012    3   10   16    0    0   402.3133
2012    3   10   17    0    0   401.8973
2012    3   10   18    0    0   401.4256
2012    3   10   19    0    0   401.2731
2012    3   10   20    0    0   401.3104
2012    3   10   21    0    0   401.2960
2012    3   11    1    0    0   400.7265
2012    3   11    2    0    0   400.3826
2012    3   11    3    0    0   399.9203
2012    3   11    4    0    0   399.6081
2012    3   11    5    0    0   399.3433
2012    3   11    6    0    0   399.1021
2012    3   11    7    0    0   398.8114
2012    3   11    8    0    0   398.5431
2012    3   11    9    0    0   398.3347
2012    3   11   10    0    0   398.1193
2012    3   11   11    0    0   398.0129
2012    3   11   12    0    0   398.2199
2012    3   11   17    0    0   399.2824
2012    3   11   23    0    0   399.0472
2012    3   12    0    0    0   398.5296
2012    3   12    1    0    0   398.0852
2012    3   12    2    0    0   397.7144
2012    3   12    3    0    0   397.3686
2012    3   12    4    0    0   397.2384
2012    3   12    5    0    0   397.1565
2012    3   12    7    0    0   397.1154
2012    3   12    8    0    0   397.0871
2012    3   12    9    0    0   397.0494
2012    3   12   12    0    0   397.6374
2012    3   12   15    0    0   399.0125
2012    3   12   17    0    0   398.9678
2012    3   12   19    0    0   398.8161
2012    3   12   20    0    0   398.9055
2012    3   12   21    0    0   398.9517
2012    3   12   22    0    0   399.0131
2012    3   13    1    0    0   397.9696
2012    3   13    2    0    0   397.1995
2012    3   13   17    0    0   398.3937
2012    3   13   18    0    0   398.3454
2012    3   13   19    0    0   398.3320
2012    3   13   20    0    0   398.5739
2012    3   13   22    0    0   398.5906
2012    3   14    1    0    0   397.4873
2012    3   14   18    0    0   398.5703
2012    3   14   19    0    0   398.6230
2012    3   14   20    0    0   399.0186
2012    3   15   20    0    0   398.0499
2012    3   15   22    0    0   398.3112
2012    3   16    0    0    0   398.2165
2012    3   16    7    0    0   394.5305
2012    3   16    9    0    0   395.0569
2012    3   16   17    0    0   397.7048
2012    3   16   18    0    0   397.7021
2012    3   16   19    0    0   397.7178
2012    3   16   20    0    0   397.8634
2012    3   16   21    0    0   398.0096
2012    3   16   22    0    0   398.2751
2012    3   16   23    0    0   398.4284
2012    3   17    5    0    0   398.8341
2012    3   17    9    0    0   407.3058
2012    3   17   17    0    0   399.8142
2012    3   17   19    0    0   399.0691
2012    3   17   21    0    0   398.8932
2012    3   18   18    0    0   398.8141
2012    3   18   19    0    0   398.3630
2012    3   18   20    0    0   398.1446
2012    3   18   21    0    0   397.9684
2012    3   18   22    0    0   397.8875
2012    3   18   23    0    0   397.7104
2012    3   19    5    0    0   395.8725
2012    3   19    8    0    0   400.0633
2012    3   19    9    0    0   402.2835
2012    3   19   21    0    0   397.8935
2012    3   19   22    0    0   397.8132
2012    3   20    8    0    0   398.7747
2012    3   20    9    0    0   399.8889
2012    3   20   19    0    0   397.7036
2012    3   20   20    0    0   397.5284
2012    3   20   21    0    0   397.2737
2012    3   20   22    0    0   397.0427
2012    3   21    6    0    0   396.5112
2012    3   21    7    0    0   397.2249
2012    3   21    8    0    0   397.8250
2012    3   21    9    0    0   398.4783
2012    3   21   10    0    0   399.1203
2012    3   21   11    0    0   399.7675
2012    3   21   17    0    0   398.1942
2012    3   22    2    0    0   394.6166
2012    3   22   10    0    0   401.5290
2012    3   22   16    0    0   400.1087
2012    3   22   17    0    0   399.1509
2012    3   22   18    0    0   398.4257
2012    3   22   19    0    0   397.9462
2012    3   22   20    0    0   397.7326
2012    3   22   21    0    0   397.4842
2012    3   22   22    0    0   397.3175
2012    3   23   18    0    0   401.1617
2012    3   24   21    0    0   386.6832
2012    3   25   18    0    0   397.9699
2012    3   25   19    0    0   397.1968
2012    3   25   20    0    0   396.2252
2012    3   25   21    0    0   395.2391
2012    3   25   22    0    0   394.0597
2012    3   30   17    0    0   398.4851
2012    3   30   18    0    0   396.2994
2012    3   30   19    0    0   395.2800
2012    3   30   21    0    0   392.8563
2012    3   31   21    0    0   396.1206
2012    4    1    4    0    0   395.9993
2012    4    1   19    0    0   394.6234
2012    4    1   20    0    0   394.7489
2012    4    1   22    0    0   394.9311
2012    4    1   23    0    0   395.0133
2012    4    2   18    0    0   395.5496
2012    4    2   19    0    0   395.4657
2012    4    2   20    0    0   395.4438
2012    4    2   21    0    0   395.4741
2012    4    2   22    0    0   395.5759
2012    4    3   16    0    0   398.1935
2012    4    3   17    0    0   397.6149
2012    4    3   19    0    0   397.1242
2012    4    3   21    0    0   397.1692
2012    4    3   22    0    0   397.2991
2012    4    4   17    0    0   395.5405
2012    4    4   18    0    0   395.4852
2012    4    4   20    0    0   395.4813
2012    4    4   21    0    0   395.5194
2012    4    5   19    0    0   395.2024
2012    4    5   20    0    0   395.1857
2012    4    5   22    0    0   395.1811
2012    4    6    8    0    0   394.7519
2012    4    6   18    0    0   397.7599
2012    4    6   19    0    0   397.5952
2012    4    6   22    0    0   396.5371
2012    4    7    2    0    0   398.7053
2012    4    7    3    0    0   400.7884
2012    4    7    5    0    0   404.1615
2012    4    7   16    0    0   395.2157
2012    4    7   17    0    0   394.2514
2012    4    7   18    0    0   393.4531
2012    4    7   19    0    0   392.8203
2012    4    7   20    0    0   392.0371
2012    4    7   21    0    0   391.4627
2012    4    7   22    0    0   390.7584
2012    4    8    1    0    0   392.7769
2012    4    8    4    0    0   408.8529
2012    4    8    5    0    0   412.7484
2012    4    8   21    0    0   393.0096
2012    4    8   22    0    0   391.9795
2012    4    9    0    0    0   390.4029
2012    4    9   19    0    0   393.2651
2012    4    9   20    0    0   392.7894
2012    4    9   21    0    0   392.1870
2012    4    9   22    0    0   390.9606
2012    4    9   23    0    0   389.6327
2012    4   10    3    0    0   399.7355
2012    4   10    8    0    0   420.7134
2012    4   10   16    0    0   394.0385
2012    4   10   17    0    0   392.6416
2012    4   10   18    0    0   392.0699
2012    4   10   19    0    0   391.7768
2012    4   10   20    0    0   391.1639
2012    4   10   21    0    0   390.5149
2012    4   10   22    0    0   389.6081
2012    4   11   11    0    0   421.0035
2012    4   11   19    0    0   395.4221
2012    4   11   20    0    0   395.1297
2012    4   11   21    0    0   394.7728
2012    4   11   22    0    0   393.9229
2012    4   12    8    0    0   412.9221
2012    4   12    9    0    0   413.7486
2012    4   12   17    0    0   395.7297
2012    4   12   18    0    0   395.1727
2012    4   12   19    0    0   394.6739
2012    4   12   20    0    0   393.9747
2012    4   12   21    0    0   393.3262
2012    4   12   22    0    0   392.0555
2012    4   13    2    0    0   396.1173
2012    4   13    4    0    0   407.7176
2012    4   13    6    0    0   415.3495
2012    4   13   18    0    0   393.0542
2012    4   13   20    0    0   390.4181
2012    4   13   21    0    0   388.9385
2012    4   13   22    0    0   387.5489
2012    4   14    2    0    0   393.2732
2012    4   14   16    0    0   396.2593
2012    4   14   19    0    0   394.9896
2012    4   14   22    0    0   393.6611
2012    4   15    4    0    0   402.0908
2012    4   15    6    0    0   404.1411
2012    4   15    7    0    0   404.9120
2012    4   15   11    0    0   405.6527
2012    4   15   15    0    0   397.0286
2012    4   15   16    0    0   395.9566
2012    4   15   17    0    0   395.4671
2012    4   15   20    0    0   394.1905
2012    4   15   21    0    0   393.7374
2012    4   15   22    0    0   393.1728
2012    4   16    2    0    0   397.1004
2012    4   16    4    0    0   402.2103
2012    4   16    6    0    0   404.5843
2012    4   16   17    0    0   395.5172
2012    4   16   18    0    0   395.0921
2012    4   16   19    0    0   394.7316
2012    4   16   20    0    0   394.3325
2012    4   16   21    0    0   394.0547
2012    4   17   15    0    0   397.3561
2012    4   17   17    0    0   395.3493
2012    4   17   18    0    0   394.9745
2012    4   17   19    0    0   394.6927
2012    4   17   20    0    0   394.3761
2012    4   17   21    0    0   394.1764
2012    4   17   22    0    0   393.9337
2012    4   18    0    0    0   393.5609
2012    4   18   18    0    0   395.1228
2012    4   18   19    0    0   394.5288
2012    4   18   20    0    0   393.7785
2012    4   20   19    0    0   394.8389
2012    4   20   20    0    0   394.3222
2012    4   20   21    0    0   393.6989
2012    4   20   22    0    0   392.7639
2012    4   22   22    0    0   401.9524
2012    4   23    3    0    0   397.5237
2012    4   23    4    0    0   397.0289
2012    4   23    5    0    0   396.8576
2012    4   23   10    0    0   398.0465
2012    4   23   18    0    0   402.7344
2012    4   23   19    0    0   402.6471
2012    4   23   20    0    0   402.8940
2012    4   23   21    0    0   402.7696
2012    4   23   22    0    0   402.8073
2012    4   24    3    0    0   397.8954
2012    4   24   16    0    0   402.6178
2012    4   24   17    0    0   402.8543
2012    4   24   18    0    0   402.8147
2012    4   24   19    0    0   402.7677
2012    4   24   20    0    0   403.0532
2012    4   24   21    0    0   403.1111
2012    4   24   22    0    0   403.5170
2012    4   25   16    0    0   402.0593
2012    4   25   17    0    0   402.8363
2012    4   25   18    0    0   403.5065
2012    4   25   19    0    0   404.1130
2012    4   25   20    0    0   404.9391
2012    4   25   21    0    0   405.9563
2012    4   25   22    0    0   407.5804
2012    4   25   23    0    0   409.0004
2012    4   26   18    0    0   404.7732
2012    4   26   19    0    0   404.8055
2012    4   26   20    0    0   404.9856
2012    4   26   21    0    0   405.3087
2012    4   26   22    0    0   406.0543
2012    4   27    6    0    0   389.3390
2012    4   27   17    0    0   403.8445
2012    4   27   18    0    0   404.0608
2012    4   27   19    0    0   404.3046
2012    4   27   20    0    0   404.8759
2012    4   27   21    0    0   405.4896
2012    4   27   22    0    0   406.8485
2012    4   28   16    0    0   399.4160
2012    4   28   17    0    0   397.7494
2012    4   28   18    0    0   396.6042
2012    4   28   19    0    0   396.0535
2012    4   28   20    0    0   395.7387
2012    4   28   21    0    0   395.4988
2012    4   28   22    0    0   395.2485
2012    4   28   23    0    0   395.1294
2012    4   29   19    0    0   395.6030
2012    4   29   20    0    0   395.5144
2012    4   29   21    0    0   395.5824
2012    4   29   23    0    0   395.5197
2012    4   30   16    0    0   395.1843
2012    4   30   18    0    0   395.4738
2012    4   30   19    0    0   395.6480
2012    4   30   20    0    0   395.5883
2012    4   30   21    0    0   395.6723
2012    4   30   22    0    0   395.5691
2012    5    1    5    0    0   399.1681
2012    5    1    8    0    0   399.3303
2012    5    1   16    0    0   394.3178
2012    5    1   18    0    0   394.4831
2012    5    1   19    0    0   394.6362
2012    5    1   20    0    0   394.5195
2012    5    1   21    0    0   394.6125
2012    5    1   22    0    0   394.5595
2012    5    2    6    0    0   399.2753
2012    5    2    9    0    0   400.0884
2012    5    2   16    0    0   394.4678
2012    5    2   17    0    0   394.3729
2012    5    2   18    0    0   394.6406
2012    5    2   19    0    0   394.9148
2012    5    2   21    0    0   395.1114
2012    5    2   22    0    0   395.1103
2012    5    2   23    0    0   394.9376
2012    5    3    6    0    0   400.7142
2012    5    3   16    0    0   394.6057
2012    5    3   17    0    0   394.3288
2012    5    3   18    0    0   394.4172
2012    5    3   19    0    0   394.7014
2012    5    3   20    0    0   394.8301
2012    5    3   21    0    0   395.1539
2012    5    4    4    0    0   400.1275
2012    5    4    5    0    0   401.2096
2012    5    4   18    0    0   394.6156
2012    5    4   19    0    0   394.3233
2012    5    4   20    0    0   394.0752
2012    5    4   21    0    0   393.7542
2012    5    4   22    0    0   393.3176
2012    5    5   16    0    0   393.4997
2012    5    5   18    0    0   392.3720
2012    5    5   19    0    0   392.0378
2012    5    5   20    0    0   391.4810
2012    5    5   21    0    0   390.6103
2012    5    5   22    0    0   388.9664
2012    5    6   15    0    0   393.7659
2012    5    6   16    0    0   392.2578
2012    5    6   17    0    0   391.8640
2012    5    6   18    0    0   391.9675
2012    5    6   19    0    0   392.0849
2012    5    6   20    0    0   391.9645
2012    5    6   21    0    0   391.9237
2012    5    6   22    0    0   391.3044
2012    5    7   17    0    0   391.6139
2012    5    7   18    0    0   390.5058
2012    5    7   20    0    0   387.9638
2012    5    8   18    0    0   387.5527
2012    5    8   20    0    0   385.1115
2012    5    8   21    0    0   383.9276
2012    5    9   15    0    0   395.4665
2012    5    9   20    0    0   391.0357
2012    5    9   21    0    0   390.4650
2012    5    9   23    0    0   388.3115
2012    5   10   18    0    0   385.8878
2012    5   10   19    0    0   386.4941
2012    5   10   20    0    0   386.4764
2012    5   10   21    0    0   386.8821
2012    5   10   22    0    0   387.2041
2012    5   10   23    0    0   387.5888
2012    5   11    8    0    0   396.0315
2012    5   11    9    0    0   394.7973
2012    5   11   10    0    0   394.4378
2012    5   11   15    0    0   391.9525
2012    5   11   17    0    0   391.5718
2012    5   11   21    0    0   392.8870
2012    5   11   22    0    0   392.9080
2012    5   12   16    0    0   395.6761
2012    5   12   17    0    0   395.6801
2012    5   12   18    0    0   395.9254
2012    5   12   19    0    0   396.0872
2012    5   12   20    0    0   396.0360
2012    5   12   21    0    0   396.1622
2012    5   12   22    0    0   396.1562
2012    5   13    3    0    0   399.9404
2012    5   13   19    0    0   394.8605
2012    5   13   20    0    0   394.5678
2012    5   13   21    0    0   394.3624
2012    5   13   22    0    0   394.1204
2012    5   14   21    0    0   389.1445
2012    5   14   22    0    0   387.8854
2012    5   15   16    0    0   396.4074
2012    5   15   18    0    0   393.9828
2012    5   16   22    0    0   387.7191
2012    5   17   21    0    0   389.7275
2012    5   18   22    0    0   392.7196
2012    5   19   16    0    0   391.6120
2012    5   19   20    0    0   388.7135
2012    5   19   21    0    0   388.1159
2012    5   19   22    0    0   387.3288
2012    5   19   23    0    0   386.2568
2012    5   20    3    0    0   398.6548
2012    5   20   16    0    0   392.3290
2012    5   20   17    0    0   391.7125
2012    5   20   18    0    0   391.6564
2012    5   20   20    0    0   391.4106
2012    5   20   21    0    0   391.2847
2012    5   21   16    0    0   391.6649
2012    5   21   17    0    0   391.0539
2012    5   21   20    0    0   390.5977
2012    5   21   21    0    0   390.1652
2012    5   21   22    0    0   389.1054
2012    5   21   23    0    0   388.3570
2012    5   22   17    0    0   389.2537
2012    5   22   23    0    0   386.0484
2012    5   23    2    0    0   387.4935
2012    5   23   16    0    0   392.6544
2012    5   23   18    0    0   392.4432
2012    5   23   19    0    0   392.6351
2012    5   23   20    0    0   392.5944
2012    5   23   21    0    0   392.4265
2012    5   23   22    0    0   391.5583
2012    5   24   16    0    0   394.8931
2012    5   24   19    0    0   394.4210
2012    5   24   20    0    0   394.1715
2012    5   24   21    0    0   393.9394
2012    5   24   22    0    0   393.2594
2012    5   25   17    0    0   393.6740
2012    5   25   18    0    0   393.9668
2012    5   25   20    0    0   394.2628
2012    5   25   21    0    0   394.2483
2012    5   25   22    0    0   393.8287
2012    5   26    7    0    0   411.5145
2012    5   26   19    0    0   391.5774
2012    5   26   20    0    0   391.5842
2012    5   26   22    0    0   390.7786
2012    5   27   18    0    0   392.3953
2012    5   27   21    0    0   390.7145
2012    5   27   23    0    0   389.4344
2012    5   28    2    0    0   395.3082
2012    5   28    3    0    0   398.9451
2012    5   28    5    0    0   404.3937
2012    5   28    8    0    0   411.0805
2012    5   28   10    0    0   412.7797
2012    5   28   11    0    0   411.5839
2012    5   28   12    0    0   406.9473
2012    5   28   15    0    0   391.4263
2012    5   28   16    0    0   388.6534
2012    5   28   19    0    0   385.5313
2012    5   28   20    0    0   384.4281
2012    5   28   21    0    0   384.5784
2012    5   28   23    0    0   387.2696
2012    5   29    2    0    0   399.0648
2012    5   29    3    0    0   402.8721
2012    5   29    4    0    0   406.3460
2012    5   29    5    0    0   407.7772
2012    5   29   10    0    0   409.7275
2012    5   29   11    0    0   409.1727
2012    5   29   12    0    0   405.8284
2012    5   29   13    0    0   400.7821
2012    5   29   14    0    0   396.8954
2012    5   29   15    0    0   391.7252
2012    5   29   19    0    0   386.5903
2012    5   30   18    0    0   389.7147
2012    5   30   19    0    0   389.2033
2012    5   30   20    0    0   387.6732
2012    5   30   21    0    0   385.7491
2012    6    2   18    0    0   396.7202
2012    6    2   19    0    0   397.1116
2012    6    2   20    0    0   397.3082
2012    6    2   21    0    0   397.5091
2012    6    2   22    0    0   397.4021
2012    6    2   23    0    0   397.1750
2012    6    3   18    0    0   395.3024
2012    6    3   20    0    0   395.2049
2012    6    3   21    0    0   395.3051
2012    6    3   22    0    0   395.3633
2012    6    4   19    0    0   396.6651
2012    6    4   20    0    0   396.7358
2012    6    4   21    0    0   396.8687
2012    6    4   22    0    0   396.8775
2012    6    6   17    0    0   393.8610
2012    6    6   19    0    0   393.2841
2012    6    6   20    0    0   392.8480
2012    6    8   21    0    0   391.6292
2012    6   11   18    0    0   395.3583
2012    6   11   19    0    0   395.1272
2012    6   13   19    0    0   395.0699
2012    6   13   20    0    0   394.9153
2012    6   13   21    0    0   394.6291
2012    6   16   16    0    0   398.0519
2012    6   16   17    0    0   398.2498
2012    6   16   18    0    0   397.8964
2012    6   16   19    0    0   397.7561
2012    6   16   20    0    0   398.0755
2012    6   16   21    0    0   398.0586
2012    6   16   22    0    0   398.4197
2012    6   17   21    0    0   397.2512
2012    6   17   22    0    0   397.3851
2012    6   18    5    0    0   383.9446
2012    6   18   17    0    0   398.1959
2012    6   18   18    0    0   397.8389
2012    6   18   19    0    0   397.5553
2012    6   18   23    0    0   398.2981
2012    6   19   19    0    0   396.1002
2012    6   19   20    0    0   396.0354
2012    6   19   21    0    0   395.7676
2012    6   19   22    0    0   395.9652
2012    6   20   19    0    0   397.2356
2012    6   20   20    0    0   397.3325
2012    6   20   22    0    0   397.0406
2012    6   24   18    0    0   392.1467
2012    6   24   20    0    0   394.0166
2012    6   24   21    0    0   396.4645
2012    6   24   23    0    0   400.2324
2012    6   25    0    0    0   401.7837
2012    6   25    1    0    0   401.9301
2012    6   25    2    0    0   402.1480
2012    6   25   17    0    0   390.5970
2012    6   25   18    0    0   389.2407
2012    6   25   19    0    0   388.3729
2012    6   25   20    0    0   387.3860
2012    6   26    1    0    0   397.3938
2012    6   26    2    0    0   399.5947
2012    6   26    4    0    0   403.0919
2012    6   26    5    0    0   403.8226
2012    6   26    6    0    0   404.1948
2012    6   26   10    0    0   405.9993
2012    6   27    7    0    0   425.1572
2012    6   27    8    0    0   428.1744
2012    6   27    9    0    0   429.9199
2012    6   27   10    0    0   430.2316
2012    6   27   11    0    0   429.0993
2012    6   27   16    0    0   395.5121
2012    6   27   17    0    0   392.9199
2012    6   27   18    0    0   390.1561
2012    6   27   19    0    0   387.9505
2012    6   27   20    0    0   386.3939
2012    6   27   22    0    0   382.3962
2012    6   28   18    0    0   382.6779
2012    6   28   19    0    0   383.0456
2012    6   28   21    0    0   383.6086
2012    6   29    0    0    0   382.3319
2012    6   29   22    0    0   385.8686
2012    6   30   22    0    0   387.4377
2012    7    7   22    0    0   391.0597
2012    7    8   15    0    0   405.1948
2012    7    8   17    0    0   395.1951
2012    7    8   19    0    0   390.4430
2012    7    8   20    0    0   387.9983
2012    7    8   22    0    0   379.4440
2012    7    9   17    0    0   392.1195
2012    7    9   22    0    0   387.0236
2012    7   10   18    0    0   392.6663
2012    7   11   21    0    0   377.4570
2012    7   11   22    0    0   372.7313
2012    7   12   18    0    0   383.9143
2012    7   14   16    0    0   383.1747
2012    7   14   20    0    0   377.4867
2012    7   14   21    0    0   376.5334
2012    7   14   22    0    0   375.0593
2012    7   15   23    0    0   370.7635
2012    7   16   17    0    0   388.3229
2012    7   16   18    0    0   382.2960
2012    7   16   22    0    0   364.3575
2012    7   20   20    0    0   387.8570
2012    7   20   21    0    0   387.5303
2012    7   21   19    0    0   394.8384
2012    7   22   17    0    0   393.1335
2012    7   24   22    0    0   363.4948
2012    7   25   19    0    0   386.0205
2012    7   26   19    0    0   377.5420
2012    7   27   22    0    0   378.8939
2012    7   29   19    0    0   389.1003
2012    8    3   21    0    0   395.1853
2012    8    6   21    0    0   376.2419
2012    8    8   19    0    0   384.3409
2012    8    8   22    0    0   373.9209
2012    8   10   21    0    0   394.8833
2012    8   11   18    0    0   395.7517
2012    8   14   22    0    0   394.8641
2012    8   16   22    0    0   396.2255
2012    8   24   22    0    0   386.4168
2012    8   25   18    0    0   394.2758
2012    8   25   20    0    0   393.9062
2012    8   25   21    0    0   393.8822
2012    8   25   22    0    0   394.1671
2012    8   26   20    0    0   392.8014
2012    8   27    3    0    0   389.8974
2012    8   27   12    0    0   390.6935
2012    8   27   18    0    0   395.3347
2012    8   27   19    0    0   395.5817
2012    8   27   21    0    0   394.6904
2012    8   27   22    0    0   393.4437
2012    8   28    4    0    0   386.4428
2012    8   29   22    0    0   405.5872
2012    9    5   22    0    0   385.1840
2012    9    8   19    0    0   394.4723
2012    9    8   20    0    0   394.6043
2012    9    9   13    0    0   392.1752
2012    9   10   22    0    0   393.4020
2012    9   11   21    0    0   390.6049
2012    9   12   20    0    0   390.2335
2012    9   12   22    0    0   389.2230
2012    9   14   22    0    0   388.5055
2012    9   15   20    0    0   394.7361
2012    9   15   21    0    0   395.6439
2012    9   18   18    0    0   392.9713
2012    9   18   21    0    0   392.5339
2012    9   21   22    0    0   399.7202
2012    9   22   22    0    0   403.3471
2012    9   23   21    0    0   394.0715
2012    9   23   22    0    0   392.3156
2012    9   25    2    0    0   381.8014
2012    9   25   20    0    0   396.1818
2012    9   26   21    0    0   394.8994
2012    9   27   19    0    0   396.6960
2012    9   27   21    0    0   393.3761
2012   10    4   21    0    0   385.8378
2012   10    6   20    0    0   375.8948
2012   10    9    7    0    0   457.6858
2012   10   10   21    0    0   385.0725
2012   10   10   23    0    0   387.2963
2012   10   11    0    0    0   390.4648
2012   10   11    1    0    0   393.6716
2012   10   11    2    0    0   396.4616
2012   10   12   22    0    0   388.0694
2012   10   13   21    0    0   392.1241
2012   10   14   21    0    0   390.2530
2012   10   15    2    0    0   401.1643
2012   10   17    1    0    0   395.2944
2012   10   17   22    0    0   389.6504
2012   10   18   21    0    0   388.7287
2012   10   20   19    0    0   399.7968
2012   10   20   20    0    0   400.2788
2012   10   20   21    0    0   400.6040
2012   10   20   23    0    0   400.2090
2012   10   21   20    0    0   406.3431
2012   10   21   21    0    0   406.5143
2012   10   22    3    0    0   393.5686
2012   10   24   20    0    0   402.3811
2012   10   24   21    0    0   401.6189
2012   10   25    5    0    0   388.5690
2012   10   25   12    0    0   391.4404
2012   10   26    4    0    0   389.0709
2012   10   26    6    0    0   389.1594
2012   10   26    8    0    0   389.5307
2012   10   26   11    0    0   390.9839
2012   10   26   20    0    0   399.9238
2012   10   26   22    0    0   398.3227
2012   10   26   23    0    0   397.8107
2012   10   27    0    0    0   399.3852
2012   10   27    1    0    0   400.7000
2012   10   27    4    0    0   404.8807
2012   10   27    8    0    0   408.1201
2012   10   27    9    0    0   408.9411
2012   10   27   10    0    0   409.6130
2012   10   27   11    0    0   409.5238
2012   10   27   12    0    0   407.8704
2012   10   27   21    0    0   393.3783
2012   10   27   23    0    0   397.6196
2012   10   28    7    0    0   417.6115
2012   10   28    8    0    0   419.1707
2012   10   28    9    0    0   420.8647
2012   10   28   11    0    0   422.2458
2012   10   28   20    0    0   399.7237
2012   10   28   23    0    0   403.9470
2012   10   29    3    0    0   411.8553
2012   10   29    7    0    0   409.3758
2012   10   29    9    0    0   408.6059
2012   10   29   11    0    0   407.5078
2012   10   29   19    0    0   392.9380
2012   10   29   20    0    0   392.1378
2012   10   29   21    0    0   392.3085
2012   10   30    1    0    0   397.9948
2012   10   30    2    0    0   399.5428
2012   10   30    3    0    0   401.1884
2012   10   30    4    0    0   401.9114
2012   10   30    6    0    0   401.9735
2012   10   30    8    0    0   401.5562
2012   10   30   10    0    0   401.0318
2012   10   30   11    0    0   400.2135
2012   10   30   17    0    0   392.5625
2012   10   30   18    0    0   392.3517
2012   10   30   19    0    0   392.2999
2012   10   30   20    0    0   391.6312
2012   10   30   21    0    0   391.9340
2012   10   31    1    0    0   398.0858
2012   10   31    3    0    0   401.9525
2012   10   31    4    0    0   403.1552
2012   10   31    5    0    0   403.6706
2012   10   31    6    0    0   403.7131
2012   10   31    8    0    0   404.1498
2012   10   31   10    0    0   404.7149
2012   10   31   11    0    0   404.2629
2012   10   31   12    0    0   401.9547
2012   10   31   17    0    0   391.1224
2012   10   31   19    0    0   390.6968
2012   10   31   20    0    0   389.3541
2012   10   31   21    0    0   388.6492
2012   11    1    1    0    0   397.5554
2012   11    1    2    0    0   401.2467
2012   11    1   21    0    0   384.7524
2012   11    2   19    0    0   389.5581
2012   11    2   20    0    0   387.5952
2012   11    2   21    0    0   384.7090
2012   11    3    1    0    0   394.2482
2012   11    3    8    0    0   439.3081
2012   11    3   20    0    0   384.0349
2012   11    3   21    0    0   381.9540
2012   11    3   22    0    0   379.1739
2012   11    3   23    0    0   377.4740
2012   11    5   20    0    0   389.3794
2012   11    6   19    0    0   388.6623
2012   11    6   20    0    0   386.1048
2012   11    6   21    0    0   383.9763
2012   11    7    4    0    0   414.8525
2012   11    7   11    0    0   420.5670
2012   11    7   12    0    0   414.8489
2012   11    7   21    0    0   390.3358
2012   11    8    9    0    0   424.4428
2012   11    8   11    0    0   423.9585
2012   11    8   21    0    0   392.2374
2012   11    8   22    0    0   392.6471
2012   11    8   23    0    0   393.1981
2012   11    9    0    0    0   394.6255
2012   11    9    1    0    0   396.1894
2012   11    9    2    0    0   397.3537
2012   11    9   20    0    0   389.4271
2012   11    9   22    0    0   392.0015
2012   11   10    5    0    0   421.2765
2012   11   10    7    0    0   430.7773
2012   11   11    1    0    0   393.7232
2012   11   11    7    0    0   437.5945
2012   11   11   18    0    0   384.3241
2012   11   11   20    0    0   380.8051
2012   11   11   21    0    0   382.2152
2012   11   11   23    0    0   390.4570
2012   11   12    1    0    0   405.6203
2012   11   13    8    0    0   461.4497
2012   11   13    9    0    0   467.9531
2012   11   14   13    0    0   419.7535
2012   11   14   15    0    0   399.5150
2012   11   14   16    0    0   392.4340
2012   11   14   18    0    0   384.6525
2012   11   14   20    0    0   378.9588
2012   11   15    1    0    0   409.0263
2012   11   15    2    0    0   416.5922
2012   11   15    3    0    0   425.9040
2012   11   15   10    0    0   467.7103
2012   11   15   11    0    0   467.4659
2012   11   15   12    0    0   458.7705
2012   11   15   14    0    0   431.5566
2012   11   15   15    0    0   414.5226
2012   11   16    4    0    0   422.4263
2012   11   16    6    0    0   430.3651
2012   11   16    7    0    0   434.3542
2012   11   16   10    0    0   444.6559
2012   11   16   13    0    0   429.6957
2012   11   16   15    0    0   408.1223
2012   11   16   20    0    0   382.3600
2012   11   16   21    0    0   379.9679
2012   11   16   22    0    0   379.8934
2012   11   16   23    0    0   378.9360
2012   11   17    0    0    0   396.1201
2012   11   17    2    0    0   400.4498
2012   11   17    3    0    0   404.6789
2012   11   17    4    0    0   407.9284
2012   11   17    5    0    0   409.8068
2012   11   17    6    0    0   411.3786
2012   11   17    7    0    0   412.4892
2012   11   17    8    0    0   413.2004
2012   11   17    9    0    0   413.2216
2012   11   17   10    0    0   413.0158
2012   11   17   11    0    0   412.6332
2012   11   17   12    0    0   410.2647
2012   11   17   13    0    0   407.2378
2012   11   17   14    0    0   404.5421
2012   11   17   15    0    0   400.7851
2012   11   17   18    0    0   395.6884
2012   11   18    0    0    0   401.5650
2012   11   18    1    0    0   403.6970
2012   11   18    2    0    0   405.2062
2012   11   18    3    0    0   406.7217
2012   11   18    4    0    0   407.7102
2012   11   18    6    0    0   409.6724
2012   11   18    7    0    0   410.6354
2012   11   18    8    0    0   411.4771
2012   11   18    9    0    0   411.7171
2012   11   18   10    0    0   411.7609
2012   11   18   11    0    0   411.5336
2012   11   18   12    0    0   409.2504
2012   11   18   13    0    0   406.2715
2012   11   18   21    0    0   389.8533
2012   11   18   23    0    0   390.8817
2012   11   19   10    0    0   413.2509
2012   11   19   11    0    0   413.4949
2012   11   19   13    0    0   408.7396
2012   11   19   14    0    0   405.6179
2012   11   19   19    0    0   391.4177
2012   11   19   20    0    0   390.1187
2012   11   19   21    0    0   389.7793
2012   11   20   20    0    0   391.2827
2012   11   20   21    0    0   389.7488
2012   11   21   20    0    0   394.3227
2012   11   21   21    0    0   392.5784
2012   11   22    1    0    0   398.2833
2012   11   22   18    0    0   398.1131
2012   11   22   19    0    0   396.2388
2012   11   22   20    0    0   394.5292
2012   11   22   21    0    0   392.9893
2012   11   22   23    0    0   391.9066
2012   11   23    1    0    0   395.3211
2012   11   23    3    0    0   400.0419
2012   11   23    6    0    0   407.9536
2012   11   23   22    0    0   394.1996
2012   11   24    3    0    0   412.3303
2012   11   24    4    0    0   422.6875
2012   11   24    5    0    0   429.2564
2012   11   24    6    0    0   435.8022
2012   11   24    7    0    0   439.1342
2012   11   24    8    0    0   439.2597
2012   11   24   10    0    0   433.5401
2012   11   24   11    0    0   430.5067
2012   11   24   12    0    0   423.9323
2012   11   24   21    0    0   382.2366
2012   11   24   23    0    0   382.3582
2012   11   25    2    0    0   400.8146
2012   11   25    5    0    0   415.5376
2012   11   25   20    0    0   384.2611
2012   11   25   23    0    0   381.8383
2012   11   26    0    0    0   382.6128
2012   11   26    1    0    0   384.1541
2012   11   26    2    0    0   385.7426
2012   11   26    3    0    0   388.9373
2012   11   26    8    0    0   407.3967
2012   11   26   20    0    0   382.9396
2012   11   26   22    0    0   381.1079
2012   11   27    0    0    0   382.8574
2012   11   27    2    0    0   388.1435
2012   11   27    3    0    0   393.8150
2012   11   27    5    0    0   406.8922
2012   11   27    7    0    0   424.3360
2012   11   28    1    0    0   397.9679
2012   11   28   18    0    0   388.4862
2012   11   28   19    0    0   386.4194
2012   11   28   20    0    0   384.6173
2012   11   29    4    0    0   419.7268
2012   11   29    6    0    0   423.9270
2012   11   29    7    0    0   424.9708
2012   11   29    8    0    0   425.7899
2012   11   29    9    0    0   426.3102
2012   11   29   10    0    0   426.4489
2012   11   29   20    0    0   385.5621
2012   11   29   21    0    0   385.5924
2012   11   30    3    0    0   415.1144
2012   11   30    4    0    0   419.5165
2012   11   30    6    0    0   427.9094
2012   11   30    9    0    0   437.1121
2012   11   30   20    0    0   383.3187
2012   11   30   23    0    0   385.0516
2012   12    1    1    0    0   397.2798
2012   12    1    2    0    0   397.4939
2012   12    1   20    0    0   396.6831
2012   12    1   21    0    0   396.6873
2012   12    2    4    0    0   397.4507
2012   12    2    5    0    0   397.6337
2012   12    2    6    0    0   397.8299
2012   12    2    8    0    0   398.2936
2012   12    2   21    0    0   396.4786
2012   12    3    0    0    0   396.7312
2012   12    3    3    0    0   397.7328
2012   12    3    4    0    0   398.1362
2012   12    3    5    0    0   398.4823
2012   12    3   21    0    0   397.2377
2012   12    3   23    0    0   396.5602
2012   12    4    0    0    0   396.4149
2012   12    4    1    0    0   396.6298
2012   12    4   11    0    0   400.5760
2012   12    4   12    0    0   400.7285
2012   12    5    0    0    0   395.8795
2012   12    5    1    0    0   396.2294
2012   12    5    2    0    0   396.6739
2012   12    5    3    0    0   397.2394
2012   12    5   22    0    0   396.3536
2012   12    6    0    0    0   397.1140
2012   12    6    2    0    0   398.1598
2012   12    6    4    0    0   398.6694
2012   12    6    9    0    0   399.0804
2012   12    6   10    0    0   399.0874
2012   12    6   11    0    0   399.0101
2012   12    6   12    0    0   398.9252
2012   12    6   20    0    0   396.5979
2012   12    7    2    0    0   396.5810
2012   12    7    3    0    0   396.4408
2012   12    7    4    0    0   396.2553
2012   12    7    8    0    0   395.5551
2012   12    7   14    0    0   395.9393
2012   12    8   21    0    0   394.0054
2012   12    9    3    0    0   398.6632
2012   12    9   22    0    0   393.3125
2012   12   10    0    0    0   393.9176
2012   12   10    1    0    0   395.1758
2012   12   10   18    0    0   395.4384
2012   12   17   18    0    0   402.2340
2012   12   17   21    0    0   400.5726
2012   12   18    2    0    0   393.3122
2012   12   18    8    0    0   393.0817
2012   12   18   14    0    0   400.1025
2012   12   18   15    0    0   402.7224
2012   12   18   18    0    0   404.5254
2012   12   18   19    0    0   404.5129
2012   12   18   20    0    0   404.8799
2012   12   18   21    0    0   404.9746
2012   12   19   23    0    0   402.0623
2012   12   20    5    0    0   403.0889
2012   12   20    8    0    0   415.9560
2012   12   20   13    0    0   424.7334
2012   12   20   20    0    0   405.5425
2012   12   20   21    0    0   403.9056
2012   12   20   22    0    0   401.9717
2012   12   20   23    0    0   400.2012
2012   12   21    0    0    0   398.0134
2012   12   21    1    0    0   396.5279
2012   12   21    2    0    0   395.5962
2012   12   21    3    0    0   395.1837
2012   12   21    5    0    0   397.1977
2012   12   21    7    0    0   400.1972
2012   12   21    8    0    0   400.9508
2012   12   21   10    0    0   401.4357
2012   12   21   11    0    0   401.4875
2012   12   21   12    0    0   401.6952
2012   12   21   13    0    0   401.8947
2012   12   21   14    0    0   402.0647
2012   12   21   15    0    0   402.2233
2012   12   21   16    0    0   402.0889
2012   12   21   17    0    0   401.9532
2012   12   21   18    0    0   401.7751
2012   12   21   19    0    0   401.4330
2012   12   21   20    0    0   401.1078
2012   12   21   21    0    0   400.5593
2012   12   21   23    0    0   399.6874
2012   12   22    1    0    0   397.3388
2012   12   22    3    0    0   396.8449
2012   12   22    4    0    0   396.9521
2012   12   22    5    0    0   397.1500
2012   12   22    6    0    0   397.4561
2012   12   22    7    0    0   397.8024
2012   12   22    8    0    0   398.0780
2012   12   22    9    0    0   398.3707
2012   12   22   10    0    0   398.6374
2012   12   22   11    0    0   398.9355
2012   12   22   12    0    0   399.5272
2012   12   22   15    0    0   401.9128
2012   12   22   16    0    0   402.5166
2012   12   22   18    0    0   403.6536
2012   12   22   19    0    0   404.0351
2012   12   22   20    0    0   404.3742
2012   12   22   21    0    0   404.4624
2012   12   22   22    0    0   404.1281
2012   12   23    0    0    0   402.7744
2012   12   23    6    0    0   399.3336
2012   12   23    8    0    0   399.1500
2012   12   23    9    0    0   398.8568
2012   12   23   13    0    0   394.5349
2012   12   23   22    0    0   406.1113
2012   12   24   20    0    0   405.8380
2012   12   24   21    0    0   405.2382
2012   12   25    0    0    0   400.4004
2012   12   25    3    0    0   393.8984
2012   12   25    9    0    0   386.2758
2012   12   25   10    0    0   385.9730
2012   12   25   11    0    0   386.1629
2012   12   25   20    0    0   407.2772
2012   12   25   23    0    0   403.1756
2012   12   26    4    0    0   395.7372
2012   12   26    7    0    0   394.8907
2012   12   26   10    0    0   395.9937
2012   12   26   12    0    0   396.7124
2012   12   26   13    0    0   397.1799
2012   12   26   15    0    0   399.3069
2012   12   27    0    0    0   406.1770
2012   12   27    1    0    0   405.3399
2012   12   27    2    0    0   404.6313
2012   12   27    3    0    0   403.9904
2012   12   27    4    0    0   403.7630
2012   12   27    5    0    0   403.6061
2012   12   27    6    0    0   403.5451
2012   12   27    7    0    0   403.5650
2012   12   27    8    0    0   403.5715
2012   12   27   10    0    0   403.7988
2012   12   27   15    0    0   406.5405
2012   12   27   20    0    0   409.4834
2012   12   27   23    0    0   408.9177
2012   12   28    0    0    0   407.7864
2012   12   28    6    0    0   403.7558
2012   12   28    7    0    0   404.0258
2012   12   28    8    0    0   404.3422
2012   12   28   21    0    0   410.8049
2012   12   28   23    0    0   409.7375
2012   12   29    4    0    0   408.6933
2012   12   29    5    0    0   408.0812
2012   12   29    7    0    0   405.6683
2012   12   29   12    0    0   399.2864
2012   12   29   14    0    0   400.1296
2012   12   29   20    0    0   401.4659
2012   12   29   21    0    0   401.4589
2012   12   29   22    0    0   401.7974
2012   12   29   23    0    0   402.4084
2012   12   30    0    0    0   403.5638
2012   12   30    1    0    0   404.6831
2012   12   30    2    0    0   405.7324
2012   12   30    3    0    0   406.8698
2012   12   30    4    0    0   407.7777
2012   12   30    5    0    0   408.5345
2012   12   30    6    0    0   409.2620
2012   12   30    8    0    0   410.3103
2012   12   30    9    0    0   410.7190
2012   12   30   10    0    0   411.0322
2012   12   30   11    0    0   411.1853
2012   12   30   12    0    0   411.1104
2012   12   30   14    0    0   410.3029
2012   12   30   15    0    0   409.5199
2012   12   30   16    0    0   408.6456
2012   12   30   19    0    0   405.6050
2012   12   30   20    0    0   404.7822
2012   12   30   21    0    0   404.2276
2012   12   31    0    0    0   404.9263
2012   12   31    1    0    0   405.7626
2012   12   31    2    0    0   406.6705
2012   12   31   11    0    0   413.0887
2012   12   31   12    0    0   413.3070
