yy mm co2
2000    1  367.65204
2000    2  367.08268
2000    3  367.68289
2000    4  367.23472
2000    5  367.85545
2000    6  368.32000
2000    7  368.89326
2000    8  368.73363
2000    9  369.17327
2000   10  369.40118
2000   11  368.89725
2000   12  368.36549
2001    1  367.73982
2001    2  367.45766
2001    3  368.31776
2001    4  368.74716
2001    5  369.50214
2001    6  370.15282
2001    7  370.19019
2001    8  370.32351
2001    9  370.76615
2001   10  371.07058
2001   11  370.22919
2001   12  369.62650
2002    1  370.23841
2002    2  370.35492
2002    3  370.07450
2002    4  370.65183
2002    5  371.53164
2002    6  372.00405
2002    7  372.53901
2002    8  372.70889
2002    9  372.87624
2002   10  372.81006
2002   11  372.40976
2002   12  371.88188
2003    1  371.81852
2003    2  372.27973
2003    3  372.95732
2003    4  373.50022
2003    5  373.97866
2003    6  374.48818
2003    7  374.74080
2003    8  375.25487
2003    9  375.24977
2003   10  375.22384
2003   11  374.81816
2003   12  374.18841
2004    1  375.72384
2004    2  375.07791
2004    3  375.56910
2004    4  375.60603
2004    5  376.10671
2004    6  376.36393
2004    7  376.97839
2004    8  376.88646
2004    9  376.75942
2004   10  376.53005
2004   11  376.29966
2004   12  375.84364
2005    1  376.30426
2005    2  376.94184
2005    3  377.59382
2005    4  377.57616
2005    5  377.83361
2005    6  378.84279
2005    7  378.86831
2005    8  379.31206
2005    9  379.80377
2005   10  379.49518
2005   11  379.00454
2005   12  378.88979
2006    1  378.65373
2006    2  379.18525
2006    3  379.95540
2006    4  379.90318
2006    5  380.04929
2006    6  380.16276
2006    7  380.35584
2006    8  380.92263
2006    9  380.92560
2006   10  380.93695
2006   11  380.74597
2006   12  380.17359
2007    1  380.38479
2007    2  381.25910
2007    3  381.09542
2007    4  381.06958
2007    5  381.66990
2007    6  381.98041
2007    7  382.85306
2007    8  382.72821
2007    9  383.23563
2007   10  383.30900
2007   11  383.18950
2007   12  382.45236
2008    1  382.73854
2008    2  383.69920
2008    3  383.30778
2008    4  383.81561
2008    5  383.91043
2008    6  384.19766
2008    7  384.49542
2008    8  384.67889
2008    9  385.11743
2008   10  384.95110
2008   11  383.92592
2008   12  384.17985
2009    1  384.25421
2009    2  384.18421
2009    3  384.60284
2009    4  384.91088
2009    5  385.19592
2009    6  386.00274
2009    7  386.26546
2009    8  386.50265
2009    9  386.38205
2009   10  386.49901
2009   11  385.75576
2009   12  385.29254
2010    1  385.62666
2010    2  385.83725
2010    3  386.99681
2010    4  386.87076
2010    5  387.51611
2010    6  387.92260
2010    7  388.08410
2010    8  388.40860
2010    9  388.58678
2010   10  389.24295
2010   11  388.43395
2010   12  388.21783
2011    1  387.88366
2011    2  387.86061
2011    3  388.67278
2011    4  388.58433
2011    5  388.87290
2011    6  389.98749
2011    7  389.85259
2011    8  390.32000
2011    9  390.15591
2011   10  390.42783
2011   11  389.93973
2011   12  389.66764
2012    1  389.39127
2012    2  389.78679
2012    3  390.25588
2012    4  390.66220
2012    5  391.26043
2012    6  391.96448
2012    7  392.46090
2012    8  392.34452
2012    9  392.86970
2012   10  392.58896
2012   11  392.77962
2012   12  391.82397
2013    1  392.56830
2013    2  392.31512
2013    3  393.18547
2013    4  393.81714
2013    5  394.38551
2013    6  395.13464
2013    7  395.32394
2013    8  395.73997
2013    9  395.67825
2013   10  395.68229
2013   11  395.47478
2013   12  395.60508
2014    1  395.04640
2014    2  394.92836
2014    3  395.36742
2014    4  395.80083
2014    5  396.18663
2014    6  396.40444
2014    7  396.74685
2014    8  396.97008
2014    9  397.32005
2014   10  397.08195
2014   11  396.83329
2014   12  396.47447
2015    1  395.91015
2015    2  396.74385
2015    3  396.81114
2015    4  398.21572
2015    5  398.50187
2015    6  398.56153
2015    7  399.06497
2015    8  399.31145
2015    9  399.62312
2015   10  399.73270
2015   11  399.58357
2015   12  398.63339
2016    1  400.40814
2016    2  399.52877
2016    3  399.73191
2016    4  400.14554
2016    5  401.37046
2016    6  402.29093
2016    7  402.78674
2016    8  403.00420
2016    9  403.01619
2016   10  403.77304
2016   11  402.60050
2016   12  402.19355
2017    1  401.71886
2017    2  402.29014
2017    3  403.07720
2017    4  403.05973
2017    5  403.57519
2017    6  404.75774
2017    7  404.18791
2017    8  404.89406
2017    9  404.76970
2017   10  405.33071
2017   11  404.93291
2017   12  404.43242
