yy mm co2
2000    1  366.12689
2000    2  366.02619
2000    3  366.14769
2000    4  366.47034
2000    5  366.79854
2000    6  367.35134
2000    7  367.75309
2000    8  368.03278
2000    9  368.17364
2000   10  368.02382
2000   11  367.88045
2000   12  367.72137
2001    1  367.47218
2001    2  367.34762
2001    3  367.27727
2001    4  367.56130
2001    5  367.93176
2001    6  368.52312
2001    7  369.08477
2001    8  369.45398
2001    9  369.76408
2001   10  369.74327
2001   11  369.68690
2001   12  369.56285
2002    1  369.37831
2002    2  369.37889
2002    3  369.44248
2002    4  369.61897
2002    5  369.97255
2002    6  370.56167
2002    7  371.08953
2002    8  371.58004
2002    9  371.89916
2002   10  372.04783
2002   11  371.98179
2002   12  371.90141
2003    1  371.78001
2003    2  371.75557
2003    3  371.76447
2003    4  372.00170
2003    5  372.38502
2003    6  372.98872
2003    7  373.51614
2003    8  374.08047
2003    9  374.35081
2003   10  374.24607
2003   11  374.06213
2003   12  373.95130
2004    1  373.74062
2004    2  373.64729
2004    3  373.83521
2004    4  374.12843
2004    5  374.48833
2004    6  375.04759
2004    7  375.62562
2004    8  376.07295
2004    9  376.17428
2004   10  375.95842
2004   11  375.74748
2004   12  375.55658
2005    1  375.46226
2005    2  375.22285
2005    3  375.40516
2005    4  375.70193
2005    5  376.27903
2005    6  376.97720
2005    7  377.59056
2005    8  378.07660
2005    9  378.33795
2005   10  378.31892
2005   11  378.17672
2005   12  377.94307
2006    1  377.77328
2006    2  377.61978
2006    3  377.80797
2006    4  378.06624
2006    5  378.53498
2006    6  379.08662
2006    7  379.37830
2006    8  379.64297
2006    9  379.80438
2006   10  379.78729
2006   11  379.69032
2006   12  379.58164
2007    1  379.38799
2007    2  379.36558
2007    3  379.50015
2007    4  379.82466
2007    5  380.18011
2007    6  380.75150
2007    7  381.32834
2007    8  381.68390
2007    9  381.98382
2007   10  382.02829
2007   11  381.96758
2007   12  381.70235
2008    1  381.64732
2008    2  381.58949
2008    3  381.74374
2008    4  382.00626
2008    5  382.44727
2008    6  382.80402
2008    7  383.39128
2008    8  383.62655
2008    9  383.73275
2008   10  383.73633
2008   11  383.55944
2008   12  383.40013
2009    1  383.28220
2009    2  383.18869
2009    3  383.31962
2009    4  383.49326
2009    5  383.77001
2009    6  384.23314
2009    7  384.77013
2009    8  385.21792
2009    9  385.41158
2009   10  385.35838
2009   11  385.30692
2009   12  385.07362
2010    1  384.90351
2010    2  384.62383
2010    3  384.61544
2010    4  384.99353
2010    5  385.37927
2010    6  386.08810
2010    7  386.88420
2010    8  387.41741
2010    9  387.70586
2010   10  387.71582
2010   11  387.55380
2010   12  387.36855
2011    1  387.01252
2011    2  386.85714
2011    3  386.92597
2011    4  387.14989
2011    5  387.49454
2011    6  388.09719
2011    7  388.65441
2011    8  389.00104
2011    9  389.26487
2011   10  389.14240
2011   11  389.14286
2011   12  388.95049
2012    1  388.76763
2012    2  388.56719
2012    3  388.69874
2012    4  389.11102
2012    5  389.66932
2012    6  390.24328
2012    7  390.88930
2012    8  391.30318
2012    9  391.54294
2012   10  391.52164
2012   11  391.51264
2012   12  391.38403
2013    1  391.24044
2013    2  391.21925
2013    3  391.42245
2013    4  391.86401
2013    5  392.39114
2013    6  393.06481
2013    7  393.73478
2013    8  394.22489
2013    9  394.45516
2013   10  394.35676
2013   11  394.24299
2013   12  394.04252
2014    1  393.97922
2014    2  393.76083
2014    3  393.79008
2014    4  394.07361
2014    5  394.55172
2014    6  395.09728
2014    7  395.70150
2014    8  396.02912
2014    9  396.21358
2014   10  396.13241
2014   11  395.95496
2014   12  395.63663
2015    1  395.47731
2015    2  395.61285
2015    3  395.81439
2015    4  396.13785
2015    5  396.57883
2015    6  397.23807
2015    7  397.75344
2015    8  398.36980
2015    9  398.59812
2015   10  398.61060
2015   11  398.58717
2015   12  398.56081
2016    1  398.34384
2016    2  398.40068
2016    3  398.73819
2016    4  399.11925
2016    5  399.47120
2016    6  400.14469
2016    7  400.95928
2016    8  401.66048
2016    9  401.90323
2016   10  401.89642
2016   11  401.75501
2016   12  401.42005
2017    1  401.08012
2017    2  400.90687
2017    3  400.92054
2017    4  401.25489
2017    5  401.91616
2017    6  402.50845
2017    7  403.11969
2017    8  403.66655
2017    9  403.88474
2017   10  403.73445
2017   11  403.64312
2017   12  403.56640
