yy mm co2
2000    1  373.69929
2000    2  374.29095
2000    3  375.12038
2000    4  374.93109
2000    5  376.22848
2000    6  375.78229
2000    7  373.99324
2000    8  378.62069
2000    9  375.88310
2000   10  374.53257
2000   11  372.50499
2000   12  374.68100
2001    1  377.43160
2001    2  377.13573
2001    3  377.45966
2001    4  376.65918
2001    5  374.75454
2001    6  377.64167
2001    7  373.81041
2001    8  374.34095
2001    9  372.39530
2001   10  370.84444
2001   11  372.96640
2001   12  375.82280
2002    1  377.29260
2002    2  379.21465
2002    3  378.81124
2002    4  378.19665
2002    5  377.54406
2002    6  378.61345
2002    7  380.81361
2002    8  377.64796
2002    9  371.96948
2002   10  374.11330
2002   11  376.89722
2002   12  378.28163
2003    1  379.09340
2003    2  380.59783
2003    3  381.42109
2003    4  380.80366
2003    5  381.97098
2003    6  379.42873
2003    7  376.64481
2003    8  373.79854
2003    9  373.74557
2003   10  376.06314
2003   11  378.37858
2003   12  380.51492
2004    1  380.45843
2004    2  383.81867
2004    3  382.34316
2004    4  383.06802
2004    5  382.28880
2004    6  380.95171
2004    7  378.68260
2004    8  376.58235
2004    9  375.43249
2004   10  377.83833
2004   11  380.43974
2004   12  381.56006
2005    1  382.31659
2005    2  386.80440
2005    3  385.97320
2005    4  384.98288
2005    5  383.45874
2005    6  384.67502
2005    7  379.14971
2005    8  377.06076
2005    9  379.61613
2005   10  380.94530
2005   11  382.06932
2005   12  385.64118
2006    1  386.28283
2006    2  386.67643
2006    3  388.36384
2006    4  387.32879
2006    5  387.32548
2006    6  387.00664
2006    7  385.76266
2006    8  382.26551
2006    9  382.62180
2006   10  381.52494
2006   11  384.11102
2006   12  387.12265
2007    1  387.74256
2007    2  388.27921
2007    3  391.56663
2007    4  389.65003
2007    5  388.52860
2007    6  388.67351
2007    7  389.22342
2007    8  390.91872
2007    9  385.91342
2007   10  385.38361
2007   11  386.75344
2007   12  389.79843
2008    1  389.71679
2008    2  392.84720
2008    3  393.58280
2008    4  392.86935
2008    5  392.05755
2008    6  393.07409
2008    7  388.70043
2008    8  387.16666
2008    9  390.39657
2008   10  389.24790
2008   11  387.72632
2008   12  390.09488
2009    1  391.84454
2009    2  392.41946
2009    3  393.64654
2009    4  392.70762
2009    5  392.15491
2009    6  390.49928
2009    7  390.99978
2009    8  384.73096
2009    9  385.29307
2009   10  386.08038
2009   11  392.71737
2009   12  393.02855
2010    1  394.45894
2010    2  396.77217
2010    3  397.98822
2010    4  395.57539
2010    5  394.90548
2010    6  390.93292
2010    7  393.36042
2010    8  394.97181
2010    9  391.56695
2010   10  395.17976
2010   11  392.82258
2010   12  395.45563
2011    1  398.06962
2011    2  397.12916
2011    3  397.95268
2011    4  397.55437
2011    5  396.57776
2011    6  395.49387
2011    7  393.98568
2011    8  392.72915
2011    9  387.23633
2011   10  391.49655
2011   11  394.60848
2011   12  397.94450
2012    1  397.21921
2012    2  399.58154
2012    3  398.39346
2012    4  399.59993
2012    5  399.75398
2012    6  396.83384
2012    7  398.37905
2012    8  398.56997
2012    9  394.55551
2012   10  395.70013
2012   11  398.26473
2012   12  399.75898
2013    1  401.43079
2013    2  401.92483
2013    3  403.77656
2013    4  403.03168
2013    5  403.11887
2013    6  400.52668
2013    7  402.05845
2013    8  404.65174
2013    9  404.17901
2013   10  398.73994
2013   11  400.20296
2013   12  402.24014
2014    1  402.07323
2014    2  402.70443
2014    3  404.72375
2014    4  404.97279
2014    5  403.96498
2014    6  403.03406
2014    7  400.86996
2014    8  404.08707
2014    9  401.48862
2014   10  398.15492
2014   11  402.25685
2014   12  405.57576
2015    1  405.00678
2015    2  405.97838
2015    3  405.77966
2015    4  406.77530
2015    5  406.24477
2015    6  410.17006
2015    7  404.55864
2015    8  398.68455
2015    9  396.14947
2015   10  399.02475
2015   11  403.95343
2015   12  407.75636
2016    1  408.25174
2016    2  408.74796
2016    3  409.30038
2016    4  409.28955
2016    5  409.61217
2016    6  411.29874
2016    7  408.40986
2016    8  406.13505
2016    9  404.15613
2016   10  407.10103
2016   11  410.13729
2016   12  409.82227
2017    1  411.20351
2017    2  409.70455
2017    3  411.41067
2017    4  412.56650
2017    5  411.04585
2017    6  409.45335
2017    7  409.30984
2017    8  407.57784
2017    9  402.17370
2017   10  405.72390
2017   11  408.01204
2017   12  411.67025
