yy mm co2
2000    1  378.02829
2000    2  376.47586
2000    3  376.13633
2000    4  378.50341
2000    5  370.93091
2000    6  372.73770
2000    7  369.02027
2000    8  368.83933
2000    9  375.40964
2000   10  374.31999
2000   11  374.03675
2000   12  374.97230
2001    1  375.94986
2001    2  378.44508
2001    3  375.76101
2001    4  376.47181
2001    5  372.99591
2001    6  376.00627
2001    7  379.81445
2001    8  383.17716
2001    9  366.96100
2001   10  372.96614
2001   11  377.52080
2001   12  379.08289
2002    1  378.12037
2002    2  381.54132
2002    3  381.27537
2002    4  380.21695
2002    5  378.63298
2002    6  378.39112
2002    7  375.17981
2002    8  375.60018
2002    9  367.88473
2002   10  372.89772
2002   11  376.00638
2002   12  380.14146
2003    1  380.11698
2003    2  382.71473
2003    3  383.92964
2003    4  383.69666
2003    5  383.15798
2003    6  380.66437
2003    7  375.68048
2003    8  380.53136
2003    9  383.10915
2003   10  381.54644
2003   11  383.73662
2003   12  382.54034
2004    1  381.89275
2004    2  386.59511
2004    3  388.56856
2004    4  386.19206
2004    5  383.99640
2004    6  382.71796
2004    7  382.13935
2004    8  390.47044
2004    9  377.02982
2004   10  378.38687
2004   11  383.68517
2004   12  386.60117
2005    1  386.33056
2005    2  388.30482
2005    3  386.40780
2005    4  387.38706
2005    5  380.77647
2005    6  388.45465
2005    7  381.03788
2005    8  381.78256
2005    9  379.46962
2005   10  382.57951
2005   11  388.50625
2005   12  386.34223
2006    1  390.59948
2006    2  392.58378
2006    3  388.72095
2006    4  390.19834
2006    5  388.43186
2006    6  385.62008
2006    7  382.58868
2006    8  372.56774
2006    9  381.40389
2006   10  381.14344
2006   11  383.63325
2006   12  388.37740
2007    1  390.51461
2007    2  391.01814
2007    3  390.46237
2007    4  389.44601
2007    5  388.02653
2007    6  386.86531
2007    7  384.65855
2007    8  385.05747
2007    9  388.97747
2007   10  388.66414
2007   11  390.50431
2007   12  390.07873
2008    1  391.67542
2008    2  389.12069
2008    3  391.53243
2008    4  391.92065
2008    5  392.56358
2008    6  386.53534
2008    7  389.59159
2008    8  399.48593
2008    9  380.42918
2008   10  389.44514
2008   11  388.66582
2008   12  391.09020
2009    1  391.74943
2009    2  394.04983
2009    3  394.85566
2009    4  394.73077
2009    5  391.24876
2009    6  389.57520
2009    7  390.86363
2009    8  399.20773
2009    9  380.65403
2009   10  387.37251
2009   11  390.35958
2009   12  394.52445
2010    1  395.71148
2010    2  396.75459
2010    3  395.91279
2010    4  397.74473
2010    5  393.62558
2010    6  386.88880
2010    7  389.18902
2010    8  391.11063
2010    9  398.31240
2010   10  394.55324
2010   11  393.08562
2010   12  398.05032
2011    1  400.30770
2011    2  398.01854
2011    3  399.99167
2011    4  394.14107
2011    5  396.23579
2011    6  400.82264
2011    7  388.21370
2011    8  406.89658
2011    9  382.12247
2011   10  392.01963
2011   11  398.41500
2011   12  398.70819
2012    1  401.40137
2012    2  400.79295
2012    3  400.95241
2012    4  400.47822
2012    5  392.15042
2012    6  399.16713
2012    7  404.86839
2012    8  405.42881
2012    9  390.25326
2012   10  395.15694
2012   11  400.91231
2012   12  401.01557
2013    1  400.59851
2013    2  405.29174
2013    3  403.91373
2013    4  402.41377
2013    5  401.23641
2013    6  399.82327
2013    7  397.75035
2013    8  387.19678
2013    9  397.78094
2013   10  399.58037
2013   11  404.07371
2013   12  402.78208
2014    1  403.15368
2014    2  403.12915
2014    3  405.50530
2014    4  401.76819
2014    5  400.86676
2014    6  402.66628
2014    7  401.56336
2014    8  401.51385
2014    9  408.96595
2014   10  404.96571
2014   11  402.87300
2014   12  402.88680
2015    1  406.22664
2015    2  407.98887
2015    3  408.19444
2015    4  412.33198
2015    5  405.39369
2015    6  403.47822
2015    7  398.58211
2015    8  400.85847
2015    9  396.00983
2015   10  398.90929
2015   11  402.43249
2015   12  403.79589
2016    1  408.70853
2016    2  410.51148
2016    3  412.25721
2016    4  411.21859
2016    5  411.29702
2016    6  406.42705
2016    7  397.28658
2016    8  397.27241
2016    9  408.33786
2016   10  405.04595
2016   11  412.30710
2016   12  411.25651
2017    1  411.24408
2017    2  411.60887
2017    3  408.72945
2017    4  411.62554
2017    5  411.56952
2017    6  412.08175
2017    7  399.23424
2017    8  397.26181
2017    9  390.71232
2017   10  405.37753
2017   11  410.54946
2017   12  412.22252
