yy mm co2
2000    1  375.00728
2000    2  376.11407
2000    3  377.07030
2000    4  374.99075
2000    5  371.94448
2000    6  368.70749
2000    7  365.95771
2000    8  364.21607
2000    9  366.86976
2000   10  369.76789
2000   11  371.26665
2000   12  373.92686
2001    1  374.96921
2001    2  376.72499
2001    3  376.50336
2001    4  377.36259
2001    5  373.97502
2001    6  369.72135
2001    7  365.09876
2001    8  366.09915
2001    9  367.62937
2001   10  371.91142
2001   11  373.38800
2001   12  375.57460
2002    1  377.47109
2002    2  378.01996
2002    3  379.07276
2002    4  378.83921
2002    5  375.97894
2002    6  371.61435
2002    7  369.10386
2002    8  367.52116
2002    9  369.34289
2002   10  372.65607
2002   11  375.32949
2002   12  377.61161
2003    1  378.47567
2003    2  381.52782
2003    3  382.46269
2003    4  381.54342
2003    5  379.78796
2003    6  375.62428
2003    7  371.40067
2003    8  371.66543
2003    9  372.88014
2003   10  375.06170
2003   11  378.75408
2003   12  380.38252
2004    1  381.53847
2004    2  383.40976
2004    3  384.36244
2004    4  383.47425
2004    5  381.39426
2004    6  376.32795
2004    7  373.67476
2004    8  371.49058
2004    9  373.19222
2004   10  377.46376
2004   11  379.86710
2004   12  381.77014
2005    1  383.83418
2005    2  384.98020
2005    3  386.01152
2005    4  386.02593
2005    5  383.03636
2005    6  377.47261
2005    7  376.08403
2005    8  374.64712
2005    9  376.13421
2005   10  380.55822
2005   11  383.15493
2005   12  384.91748
2006    1  386.89634
2006    2  387.76195
2006    3  388.74897
2006    4  388.44530
2006    5  385.23256
2006    6  378.88542
2006    7  375.86773
2006    8  378.15367
2006    9  378.49715
2006   10  382.46822
2006   11  385.60020
2006   12  387.84524
2007    1  387.97551
2007    2  389.44447
2007    3  390.37233
2007    4  389.95669
2007    5  386.78231
2007    6  384.17772
2007    7  381.85294
2007    8  378.43711
2007    9  380.46995
2007   10  384.32659
2007   11  386.40431
2007   12  388.85608
2008    1  390.18164
2008    2  390.91104
2008    3  391.11974
2008    4  391.93846
2008    5  388.68436
2008    6  386.00573
2008    7  381.06984
2008    8  382.23210
2008    9  382.75830
2008   10  385.91053
2008   11  387.68229
2008   12  390.39389
2009    1  390.76005
2009    2  393.29947
2009    3  394.29846
2009    4  393.72768
2009    5  389.12971
2009    6  386.38641
2009    7  382.37657
2009    8  379.68514
2009    9  383.01296
2009   10  386.54008
2009   11  390.80030
2009   12  391.81611
2010    1  394.06662
2010    2  394.53953
2010    3  396.04868
2010    4  395.80121
2010    5  392.08835
2010    6  387.88019
2010    7  383.07413
2010    8  386.04415
2010    9  386.26656
2010   10  390.40387
2010   11  391.84475
2010   12  394.45367
2011    1  396.72037
2011    2  397.58024
2011    3  398.54890
2011    4  398.31031
2011    5  394.19276
2011    6  389.31475
2011    7  387.29556
2011    8  385.06067
2011    9  387.70339
2011   10  391.37073
2011   11  396.08480
2011   12  396.63419
2012    1  398.46159
2012    2  399.97569
2012    3  400.63600
2012    4  399.13776
2012    5  396.83079
2012    6  391.90677
2012    7  390.27812
2012    8  388.14166
2012    9  390.73729
2012   10  394.28537
2012   11  396.78568
2012   12  398.99722
2013    1  400.98518
2013    2  401.95780
2013    3  402.40944
2013    4  404.13902
2013    5  399.67569
2013    6  395.08936
2013    7  391.91486
2013    8  389.76187
2013    9  392.06172
2013   10  397.74794
2013   11  399.28270
2013   12  402.25874
2014    1  402.51299
2014    2  404.71688
2014    3  405.16772
2014    4  404.17703
2014    5  400.89738
2014    6  396.40011
2014    7  394.63353
2014    8  393.18157
2014    9  394.53059
2014   10  398.03327
2014   11  401.53848
2014   12  403.03601
2015    1  404.72657
2015    2  406.12757
2015    3  406.89501
2015    4  406.89376
2015    5  402.54326
2015    6  396.56626
2015    7  394.79884
2015    8  394.59695
2015    9  397.30023
2015   10  400.33503
2015   11  404.74502
2015   12  407.57318
2016    1  407.49175
2016    2  408.99971
2016    3  409.90883
2016    4  409.93263
2016    5  406.11211
2016    6  403.16218
2016    7  396.10482
2016    8  397.49761
2016    9  399.88876
2016   10  404.57121
2016   11  407.33052
2016   12  410.13953
2017    1  410.95319
2017    2  411.74024
2017    3  414.16509
2017    4  413.10338
2017    5  409.06551
2017    6  403.74501
2017    7  401.91616
2017    8  400.83835
2017    9  402.07815
2017   10  406.27539
2017   11  408.50785
2017   12  410.46710
