yy mm co2
2000    1  371.56197
2000    2  372.15764
2000    3  373.19708
2000    4  373.99947
2000    5  373.14513
2000    6  371.61761
2000    7  369.76114
2000    8  367.50140
2000    9  366.01038
2000   10  367.08813
2000   11  369.50377
2000   12  371.55594
2001    1  372.53060
2001    2  373.73867
2001    3  374.71126
2001    4  375.71619
2001    5  374.90056
2001    6  373.25319
2001    7  370.59787
2001    8  368.55997
2001    9  367.41374
2001   10  368.46468
2001   11  371.10451
2001   12  372.57664
2002    1  374.07273
2002    2  375.40961
2002    3  377.03890
2002    4  377.75055
2002    5  376.74571
2002    6  375.22087
2002    7  373.38858
2002    8  371.12992
2002    9  369.09728
2002   10  371.17765
2002   11  373.68076
2002   12  375.15600
2003    1  376.87231
2003    2  377.76964
2003    3  378.75134
2003    4  379.11977
2003    5  380.12717
2003    6  378.41493
2003    7  375.56162
2003    8  373.28672
2003    9  371.84486
2003   10  373.74697
2003   11  375.85595
2003   12  377.47118
2004    1  379.20696
2004    2  380.96539
2004    3  381.70588
2004    4  382.24371
2004    5  382.14630
2004    6  380.13101
2004    7  377.88850
2004    8  375.73228
2004    9  373.96117
2004   10  374.86819
2004   11  378.07421
2004   12  379.30012
2005    1  381.05866
2005    2  382.05320
2005    3  383.90400
2005    4  384.33776
2005    5  383.44099
2005    6  382.06397
2005    7  379.67655
2005    8  377.07534
2005    9  375.46243
2005   10  377.60093
2005   11  379.75970
2005   12  381.65276
2006    1  383.05012
2006    2  384.55101
2006    3  385.15378
2006    4  385.89197
2006    5  386.20073
2006    6  384.86457
2006    7  383.01322
2006    8  379.82166
2006    9  378.05596
2006   10  380.13235
2006   11  382.05413
2006   12  383.89434
2007    1  385.79709
2007    2  386.79873
2007    3  387.76651
2007    4  387.97024
2007    5  387.69172
2007    6  386.07119
2007    7  384.05371
2007    8  381.05165
2007    9  379.96273
2007   10  381.52956
2007   11  383.89879
2007   12  385.46359
2008    1  387.37454
2008    2  388.77490
2008    3  389.60806
2008    4  390.72055
2008    5  390.55946
2008    6  388.62712
2008    7  385.60978
2008    8  383.02119
2008    9  381.38661
2008   10  383.25592
2008   11  385.35657
2008   12  387.40732
2009    1  388.89598
2009    2  389.08923
2009    3  390.77710
2009    4  391.59774
2009    5  392.13675
2009    6  389.76609
2009    7  387.08403
2009    8  384.66413
2009    9  382.41656
2009   10  384.98492
2009   11  387.34952
2009   12  389.57113
2010    1  391.11849
2010    2  392.29114
2010    3  393.86578
2010    4  394.12681
2010    5  394.15612
2010    6  392.52729
2010    7  389.67087
2010    8  387.07294
2010    9  386.21304
2010   10  387.47399
2010   11  390.52474
2010   12  391.37638
2011    1  393.80620
2011    2  394.38921
2011    3  395.63817
2011    4  396.48075
2011    5  395.95045
2011    6  394.46357
2011    7  391.42033
2011    8  389.03239
2011    9  387.34989
2011   10  389.59263
2011   11  391.46602
2011   12  393.65006
2012    1  395.27792
2012    2  396.69120
2012    3  397.27325
2012    4  398.87024
2012    5  397.67212
2012    6  396.09781
2012    7  393.91837
2012    8  391.61922
2012    9  389.92698
2012   10  392.08596
2012   11  394.12314
2012   12  396.23262
2013    1  398.31788
2013    2  399.02935
2013    3  400.65730
2013    4  401.72273
2013    5  401.21996
2013    6  399.44306
2013    7  396.67179
2013    8  394.21930
2013    9  392.63186
2013   10  394.63595
2013   11  397.11982
2013   12  398.78991
2014    1  400.91999
2014    2  402.08551
2014    3  403.17318
2014    4  403.29222
2014    5  403.42638
2014    6  401.74436
2014    7  399.39483
2014    8  396.14545
2014    9  394.54817
2014   10  395.88279
2014   11  399.09518
2014   12  400.94223
2015    1  402.47708
2015    2  403.75695
2015    3  405.32049
2015    4  405.71901
2015    5  405.43341
2015    6  403.20409
2015    7  400.58172
2015    8  398.42902
2015    9  396.61804
2015   10  398.37733
2015   11  401.16711
2015   12  403.90113
2016    1  406.04416
2016    2  407.51215
2016    3  408.65847
2016    4  409.21450
2016    5  408.58355
2016    6  406.55525
2016    7  404.11513
2016    8  400.57779
2016    9  400.17729
2016   10  401.80574
2016   11  404.42354
2016   12  406.78933
2017    1  408.66103
2017    2  410.33185
2017    3  411.25913
2017    4  412.30474
2017    5  411.86268
2017    6  409.52503
2017    7  407.23916
2017    8  404.77136
2017    9  402.02687
2017   10  404.17162
2017   11  406.49393
2017   12  408.72980
