yy mm co2
2000    1  369.38954
2000    2  370.39898
2000    3  370.97110
2000    4  371.51293
2000    5  370.61670
2000    6  369.67601
2000    7  369.85052
2000    8  368.97926
2000    9  368.54483
2000   10  368.70153
2000   11  368.89428
2000   12  369.18494
2001    1  369.85823
2001    2  370.79136
2001    3  371.68071
2001    4  372.40426
2001    5  371.23665
2001    6  371.27995
2001    7  371.21755
2001    8  370.52881
2001    9  370.28387
2001   10  369.57135
2001   11  370.02898
2001   12  370.78641
2002    1  371.62701
2002    2  372.17583
2002    3  373.36347
2002    4  373.55695
2002    5  373.71242
2002    6  372.78765
2002    7  373.19391
2002    8  372.82106
2002    9  372.45773
2002   10  372.08005
2002   11  372.43485
2002   12  372.96023
2003    1  374.15224
2003    2  374.75658
2003    3  375.39750
2003    4  376.08019
2003    5  375.83371
2003    6  375.73135
2003    7  375.62510
2003    8  375.56610
2003    9  374.97137
2003   10  374.34592
2003   11  374.65218
2003   12  375.65734
2004    1  376.61189
2004    2  377.06565
2004    3  378.14843
2004    4  378.83926
2004    5  378.15061
2004    6  377.63678
2004    7  377.68699
2004    8  377.07470
2004    9  376.61305
2004   10  375.93991
2004   11  376.37344
2004   12  377.16125
2005    1  378.28405
2005    2  379.21968
2005    3  379.31398
2005    4  379.60630
2005    5  380.10767
2005    6  379.88980
2005    7  379.85010
2005    8  379.53141
2005    9  378.94098
2005   10  378.72524
2005   11  378.80967
2005   12  379.67457
2006    1  380.65252
2006    2  381.67922
2006    3  382.33676
2006    4  383.20545
2006    5  382.25143
2006    6  381.62680
2006    7  381.20485
2006    8  380.60252
2006    9  380.51390
2006   10  380.17053
2006   11  380.44906
2006   12  381.27066
2007    1  382.16641
2007    2  383.19270
2007    3  384.16986
2007    4  384.64772
2007    5  384.25779
2007    6  383.62740
2007    7  383.47053
2007    8  383.33095
2007    9  382.98051
2007   10  382.64570
2007   11  382.80323
2007   12  383.49864
2008    1  384.62039
2008    2  385.02101
2008    3  385.81699
2008    4  386.46354
2008    5  386.31156
2008    6  385.71426
2008    7  385.25960
2008    8  384.96274
2008    9  384.39539
2008   10  383.89856
2008   11  384.15895
2008   12  385.02648
2009    1  385.78073
2009    2  386.89183
2009    3  387.84306
2009    4  388.04137
2009    5  387.53715
2009    6  387.21107
2009    7  386.81339
2009    8  386.62716
2009    9  385.93367
2009   10  385.44380
2009   11  385.58990
2009   12  386.06022
2010    1  387.40694
2010    2  389.14123
2010    3  389.26597
2010    4  388.99545
2010    5  388.85209
2010    6  389.11129
2010    7  389.10512
2010    8  388.69091
2010    9  388.53521
2010   10  388.27048
2010   11  388.61056
2010   12  389.50265
2011    1  390.08030
2011    2  390.46572
2011    3  391.12839
2011    4  392.64371
2011    5  391.67024
2011    6  391.20621
2011    7  390.73790
2011    8  391.14096
2011    9  390.50373
2011   10  390.09054
2011   11  390.32960
2011   12  390.86465
2012    1  391.69728
2012    2  393.07072
2012    3  394.17209
2012    4  394.83668
2012    5  394.61793
2012    6  393.52206
2012    7  393.00637
2012    8  392.67066
2012    9  392.74531
2012   10  392.23867
2012   11  392.90191
2012   12  393.46804
2013    1  394.36526
2013    2  394.92370
2013    3  396.54205
2013    4  396.72913
2013    5  396.05270
2013    6  396.13055
2013    7  395.92051
2013    8  395.61832
2013    9  395.05915
2013   10  394.84911
2013   11  395.11864
2013   12  395.85077
2014    1  396.73140
2014    2  397.13792
2014    3  397.71645
2014    4  398.23967
2014    5  397.79610
2014    6  397.90198
2014    7  397.89549
2014    8  397.57756
2014    9  397.27500
2014   10  396.46064
2014   11  396.75474
2014   12  397.49057
2015    1  398.36467
2015    2  399.01215
2015    3  399.86722
2015    4  399.62627
2015    5  399.46489
2015    6  399.77091
2015    7  399.69748
2015    8  399.48281
2015    9  398.99911
2015   10  398.89797
2015   11  399.18852
2015   12  400.10779
2016    1  401.70341
2016    2  402.20292
2016    3  403.86670
2016    4  404.26615
2016    5  403.23727
2016    6  403.09221
2016    7  403.13590
2016    8  402.84792
2016    9  402.72324
2016   10  402.02588
2016   11  402.33738
2016   12  403.23602
2017    1  404.48862
2017    2  405.68973
2017    3  406.79029
2017    4  407.61076
2017    5  405.98252
2017    6  405.53609
2017    7  405.52247
2017    8  404.78760
2017    9  404.46009
2017   10  404.80023
2017   11  404.92055
2017   12  405.37328
