yy mm co2
2000    1  374.47279
2000    2  374.94596
2000    3  375.42934
2000    4  375.72303
2000    5  377.90171
2000    6  373.09024
2000    7  368.97790
2000    8  372.81006
2000    9  368.35068
2000   10  369.80744
2000   11  371.87149
2000   12  373.28759
2001    1  374.66266
2001    2  376.36608
2001    3  377.00779
2001    4  377.88806
2001    5  376.48409
2001    6  369.98503
2001    7  372.86986
2001    8  367.32684
2001    9  372.10609
2001   10  373.18733
2001   11  374.23565
2001   12  375.32247
2002    1  377.58608
2002    2  377.01472
2002    3  377.11079
2002    4  380.30531
2002    5  380.57522
2002    6  379.61296
2002    7  374.63030
2002    8  371.37751
2002    9  371.43612
2002   10  375.14820
2002   11  375.23962
2002   12  378.08469
2003    1  378.07788
2003    2  380.29713
2003    3  382.15009
2003    4  382.57596
2003    5  380.87773
2003    6  380.06864
2003    7  378.05809
2003    8  375.70906
2003    9  372.77123
2003   10  376.86547
2003   11  378.54564
2003   12  380.05217
2004    1  380.81684
2004    2  381.85390
2004    3  384.03834
2004    4  384.05199
2004    5  384.38314
2004    6  381.15084
2004    7  380.68963
2004    8  380.28331
2004    9  380.15677
2004   10  379.27696
2004   11  380.35502
2004   12  381.24816
2005    1  383.49474
2005    2  385.52974
2005    3  386.46717
2005    4  389.24158
2005    5  387.57198
2005    6  381.34103
2005    7  376.04157
2005    8  375.11229
2005    9  379.98470
2005   10  381.19033
2005   11  383.73363
2005   12  386.27614
2006    1  388.40948
2006    2  387.68500
2006    3  387.71337
2006    4  391.05609
2006    5  389.22910
2006    6  387.54076
2006    7  382.68708
2006    8  387.74984
2006    9  383.87955
2006   10  384.96201
2006   11  386.48173
2006   12  387.35860
2007    1  389.36627
2007    2  389.95934
2007    3  388.72258
2007    4  391.49949
2007    5  388.97034
2007    6  387.84544
2007    7  383.63176
2007    8  380.81344
2007    9  383.26927
2007   10  385.69924
2007   11  386.46645
2007   12  391.92630
2008    1  392.67828
2008    2  392.98952
2008    3  394.17529
2008    4  397.91220
2008    5  396.34929
2008    6  389.14688
2008    7  385.13917
2008    8  380.56643
2008    9  383.94504
2008   10  385.78067
2008   11  391.21564
2008   12  388.91626
2009    1  391.18665
2009    2  392.88105
2009    3  393.80512
2009    4  396.72994
2009    5  394.38583
2009    6  391.34928
2009    7  387.46349
2009    8  385.16326
2009    9  389.26647
2009   10  390.99102
2009   11  393.07450
2009   12  393.53498
2010    1  393.37369
2010    2  395.20249
2010    3  395.16826
2010    4  396.86641
2010    5  395.83421
2010    6  394.01581
2010    7  392.56489
2010    8  393.19962
2010    9  392.53620
2010   10  391.93459
2010   11  393.42124
2010   12  395.37862
2011    1  398.39986
2011    2  397.37453
2011    3  399.30179
2011    4  401.81683
2011    5  400.80142
2011    6  401.14115
2011    7  388.75078
2011    8  388.38119
2011    9  392.91949
2011   10  395.66014
2011   11  396.69301
2011   12  398.88246
2012    1  401.42803
2012    2  401.98260
2012    3  400.29373
2012    4  398.63618
2012    5  398.44614
2012    6  397.62552
2012    7  394.41825
2012    8  394.31200
2012    9  392.65200
2012   10  395.76081
2012   11  398.59797
2012   12  399.50665
2013    1  402.08863
2013    2  403.67577
2013    3  403.07787
2013    4  408.58140
2013    5  403.03625
2013    6  400.02447
2013    7  402.13359
2013    8  397.89136
2013    9  396.95308
2013   10  401.62556
2013   11  402.64742
2013   12  403.98663
2014    1  404.36469
2014    2  408.90026
2014    3  409.51360
2014    4  408.02459
2014    5  404.24429
2014    6  402.80476
2014    7  398.62256
2014    8  395.48893
2014    9  398.37917
2014   10  401.46391
2014   11  404.58058
2014   12  406.11628
2015    1  407.66597
2015    2  406.98846
2015    3  407.52057
2015    4  408.88751
2015    5  409.48388
2015    6  403.28200
2015    7  403.10746
2015    8  402.86087
2015    9  397.57357
2015   10  400.27619
2015   11  404.76740
2015   12  408.83999
2016    1  410.64623
2016    2  410.79015
2016    3  413.73717
2016    4  415.83975
2016    5  410.40720
2016    6  407.98096
2016    7  409.41458
2016    8  406.37856
2016    9  405.37465
2016   10  406.76771
2016   11  409.45871
2016   12  413.21953
2017    1  417.03583
2017    2  416.37724
2017    3  417.44119
2017    4  415.54653
2017    5  415.82508
2017    6  412.09391
2017    7  412.50407
2017    8  413.73252
2017    9  408.80812
2017   10  409.99739
2017   11  411.11861
2017   12  414.31800
