yy mm co2
2000    1  379.40711
2000    2  378.60937
2000    3  387.59806
2000    4  379.93016
2000    5  380.59187
2000    6  375.47210
2000    7  372.45697
2000    8  368.55429
2000    9  377.92535
2000   10  385.49968
2000   11  384.82813
2000   12  384.79173
2001    1  387.17722
2001    2  388.07359
2001    3  385.63306
2001    4  382.89625
2001    5  381.47697
2001    6  375.16691
2001    7  370.93394
2001    8  373.55770
2001    9  371.00611
2001   10  378.25044
2001   11  385.74028
2001   12  382.82483
2002    1  384.13802
2002    2  385.18850
2002    3  383.82958
2002    4  379.36273
2002    5  380.42868
2002    6  376.94123
2002    7  368.66387
2002    8  377.22572
2002    9  377.67363
2002   10  377.38247
2002   11  386.34945
2002   12  391.12792
2003    1  384.09335
2003    2  384.46623
2003    3  389.27066
2003    4  388.91140
2003    5  384.94729
2003    6  385.17118
2003    7  376.57042
2003    8  383.61913
2003    9  382.30041
2003   10  382.24430
2003   11  385.79121
2003   12  390.44925
2004    1  388.65372
2004    2  389.71301
2004    3  393.70655
2004    4  389.30119
2004    5  383.57230
2004    6  383.35563
2004    7  368.60205
2004    8  382.72922
2004    9  390.31918
2004   10  386.40876
2004   11  396.55468
2004   12  388.91681
2005    1  393.03346
2005    2  392.89024
2005    3  385.24691
2005    4  385.94322
2005    5  386.65583
2005    6  378.81188
2005    7  379.59538
2005    8  384.44775
2005    9  393.45323
2005   10  385.80873
2005   11  390.82344
2005   12  400.11804
2006    1  396.88655
2006    2  392.20043
2006    3  395.62106
2006    4  392.00415
2006    5  394.50231
2006    6  387.25827
2006    7  380.33930
2006    8  378.29479
2006    9  396.96560
2006   10  392.51507
2006   11  402.15830
2006   12  399.11235
2007    1  395.39422
2007    2  394.22259
2007    3  403.57228
2007    4  397.68950
2007    5  389.97008
2007    6  386.37954
2007    7  375.46884
2007    8  398.71392
2007    9  390.07122
2007   10  398.82591
2007   11  391.86815
2007   12  401.61397
2008    1  399.87627
2008    2  400.20474
2008    3  398.08700
2008    4  392.56946
2008    5  387.36488
2008    6  385.88265
2008    7  383.23744
2008    8  391.18709
2008    9  383.06459
2008   10  391.19757
2008   11  397.85061
2008   12  397.99657
2009    1  398.03650
2009    2  395.18319
2009    3  398.66229
2009    4  397.01851
2009    5  392.19754
2009    6  397.06656
2009    7  379.48511
2009    8  396.31364
2009    9  386.14153
2009   10  390.62975
2009   11  400.22403
2009   12  398.85938
2010    1  399.22781
2010    2  400.31961
2010    3  403.90636
2010    4  394.49875
2010    5  396.34592
2010    6  393.58469
2010    7  396.11477
2010    8  388.90328
2010    9  400.56626
2010   10  402.04497
2010   11  405.71272
2010   12  404.74872
2011    1  409.43350
2011    2  404.80483
2011    3  410.36893
2011    4  409.55638
2011    5  401.44203
2011    6  395.78709
2011    7  396.04318
2011    8  390.44055
2011    9  394.12174
2011   10  407.19961
2011   11  400.20474
2011   12  405.30253
2012    1  402.54981
2012    2  405.80926
2012    3  406.81794
2012    4  405.55705
2012    5  400.84316
2012    6  396.15555
2012    7  394.14730
2012    8  385.69423
2012    9  401.56138
2012   10  408.05768
2012   11  411.99630
2012   12  412.91281
2013    1  408.11452
2013    2  406.10266
2013    3  408.63833
2013    4  408.81164
2013    5  403.26596
2013    6  403.38538
2013    7  395.03298
2013    8  409.19051
2013    9  401.39485
2013   10  409.47841
2013   11  410.27387
2013   12  411.46216
2014    1  407.49583
2014    2  412.83705
2014    3  412.81563
2014    4  407.80738
2014    5  400.09111
2014    6  401.59852
2014    7  389.34467
2014    8  396.36387
2014    9  383.17352
2014   10  400.71734
2014   11  411.51204
2014   12  417.39192
2015    1  412.07546
2015    2  412.20494
2015    3  411.14984
2015    4  410.88450
2015    5  410.37030
2015    6  402.75609
2015    7  397.51193
2015    8  402.97565
2015    9  406.28412
2015   10  406.62693
2015   11  416.34653
2015   12  420.40585
2016    1  417.34075
2016    2  415.06957
2016    3  413.08408
2016    4  413.09191
2016    5  413.87728
2016    6  408.09694
2016    7  403.11232
2016    8  400.61920
2016    9  412.47706
2016   10  423.22747
2016   11  422.26349
2016   12  417.32361
2017    1  425.07509
2017    2  418.28639
2017    3  416.94369
2017    4  420.69366
2017    5  412.34615
2017    6  408.24397
2017    7  395.25842
2017    8  425.28080
2017    9  431.59246
2017   10  422.94554
2017   11  424.45891
2017   12  422.12609
