yy mm co2
2000    1  370.23393
2000    2  370.61691
2000    3  371.54750
2000    4  372.19404
2000    5  371.75216
2000    6  371.70228
2000    7  370.44496
2000    8  369.24481
2000    9  367.96383
2000   10  367.62288
2000   11  368.63040
2000   12  369.72368
2001    1  370.80407
2001    2  372.01811
2001    3  373.04877
2001    4  373.52345
2001    5  373.36507
2001    6  372.78014
2001    7  371.17134
2001    8  370.47674
2001    9  369.51186
2001   10  369.01486
2001   11  369.75526
2001   12  371.71398
2002    1  372.97481
2002    2  373.60747
2002    3  374.58134
2002    4  375.59404
2002    5  374.94887
2002    6  374.98109
2002    7  373.28462
2002    8  372.53721
2002    9  371.83191
2002   10  370.95675
2002   11  372.26986
2002   12  373.73521
2003    1  375.32763
2003    2  376.57237
2003    3  377.03646
2003    4  377.45724
2003    5  378.12337
2003    6  377.62368
2003    7  376.84644
2003    8  375.31136
2003    9  374.32282
2003   10  373.96999
2003   11  374.69185
2003   12  376.06372
2004    1  378.17200
2004    2  379.01980
2004    3  379.75845
2004    4  379.98898
2004    5  380.38311
2004    6  378.81397
2004    7  378.08335
2004    8  376.67862
2004    9  375.66706
2004   10  375.65822
2004   11  376.18144
2004   12  377.83207
2005    1  379.74119
2005    2  381.02339
2005    3  381.85823
2005    4  382.26761
2005    5  382.12747
2005    6  381.89848
2005    7  380.60438
2005    8  379.22832
2005    9  378.06673
2005   10  377.80512
2005   11  378.91560
2005   12  380.37825
2006    1  382.08975
2006    2  383.40027
2006    3  384.38605
2006    4  384.78663
2006    5  384.79571
2006    6  384.33538
2006    7  382.64817
2006    8  380.93232
2006    9  379.96104
2006   10  380.27242
2006   11  381.24429
2006   12  382.38906
2007    1  383.65353
2007    2  384.97470
2007    3  386.23129
2007    4  386.52186
2007    5  386.58464
2007    6  386.03565
2007    7  384.46853
2007    8  383.04622
2007    9  382.13431
2007   10  382.03824
2007   11  382.73400
2007   12  384.27024
2008    1  385.89039
2008    2  386.92410
2008    3  387.16005
2008    4  388.08220
2008    5  388.47097
2008    6  388.23424
2008    7  386.71246
2008    8  385.00811
2008    9  383.63703
2008   10  383.35053
2008   11  384.24809
2008   12  386.11607
2009    1  387.30475
2009    2  388.07900
2009    3  389.61408
2009    4  389.54522
2009    5  389.64953
2009    6  389.18911
2009    7  387.85202
2009    8  386.37524
2009    9  385.36370
2009   10  384.91952
2009   11  385.96563
2009   12  387.35798
2010    1  389.96554
2010    2  391.08819
2010    3  391.87595
2010    4  392.81521
2010    5  392.74819
2010    6  391.75941
2010    7  390.19276
2010    8  388.74656
2010    9  387.64335
2010   10  387.72280
2010   11  388.84318
2010   12  390.49500
2011    1  392.09321
2011    2  392.81842
2011    3  393.23670
2011    4  393.69956
2011    5  394.63842
2011    6  394.13845
2011    7  391.81884
2011    8  390.62169
2011    9  390.13129
2011   10  389.53920
2011   11  390.81331
2011   12  392.27257
2012    1  394.15088
2012    2  394.42873
2012    3  396.47962
2012    4  396.64155
2012    5  396.02566
2012    6  395.62795
2012    7  394.23245
2012    8  392.72098
2012    9  391.98072
2012   10  392.05104
2012   11  393.24150
2012   12  395.04244
2013    1  397.19569
2013    2  397.61298
2013    3  398.28918
2013    4  399.38631
2013    5  399.14646
2013    6  398.55728
2013    7  397.22319
2013    8  395.78916
2013    9  394.95237
2013   10  394.79652
2013   11  395.72900
2013   12  397.82395
2014    1  398.65696
2014    2  400.06614
2014    3  401.13411
2014    4  400.81158
2014    5  401.73382
2014    6  400.73026
2014    7  398.94431
2014    8  397.62040
2014    9  396.57197
2014   10  396.44077
2014   11  397.25544
2014   12  399.24463
2015    1  401.01627
2015    2  403.18738
2015    3  402.70732
2015    4  403.29804
2015    5  403.65089
2015    6  402.83619
2015    7  400.51027
2015    8  399.61882
2015    9  398.41383
2015   10  398.66017
2015   11  400.10619
2015   12  402.05955
2016    1  403.39708
2016    2  405.09779
2016    3  406.08409
2016    4  407.49187
2016    5  406.97295
2016    6  406.27588
2016    7  404.35110
2016    8  402.97076
2016    9  402.03749
2016   10  401.56249
2016   11  403.08136
2016   12  405.30972
2017    1  407.06751
2017    2  407.81827
2017    3  408.70125
2017    4  409.29916
2017    5  410.59055
2017    6  409.25961
2017    7  407.22251
2017    8  405.56683
2017    9  404.37127
2017   10  404.19478
2017   11  405.73790
2017   12  407.06369
