yy mm co2
2000    1  385.71624
2000    2  390.05477
2000    3  386.03257
2000    4  386.88601
2000    5  383.95249
2000    6  378.33225
2000    7  377.72112
2000    8  372.85499
2000    9  385.19601
2000   10  388.55121
2000   11  387.92141
2000   12  390.77655
2001    1  397.37890
2001    2  390.65437
2001    3  390.09095
2001    4  392.88317
2001    5  386.26688
2001    6  389.08690
2001    7  377.81731
2001    8  392.10595
2001    9  394.17675
2001   10  388.06302
2001   11  390.26531
2001   12  395.23045
2002    1  392.98245
2002    2  387.49402
2002    3  389.54773
2002    4  392.23375
2002    5  388.63221
2002    6  385.15314
2002    7  374.44499
2002    8  386.71793
2002    9  391.44605
2002   10  388.59647
2002   11  395.92347
2002   12  392.36946
2003    1  389.43643
2003    2  395.99117
2003    3  398.46174
2003    4  394.57149
2003    5  393.71866
2003    6  392.70922
2003    7  385.47651
2003    8  400.74807
2003    9  394.06508
2003   10  387.31060
2003   11  406.39666
2003   12  391.84780
2004    1  392.09798
2004    2  397.39290
2004    3  396.28771
2004    4  401.28324
2004    5  395.31125
2004    6  389.08969
2004    7  380.22758
2004    8  395.83715
2004    9  410.19841
2004   10  407.76088
2004   11  405.48807
2004   12  398.57833
2005    1  398.95024
2005    2  406.45699
2005    3  396.21553
2005    4  398.19922
2005    5  395.05836
2005    6  396.59455
2005    7  384.20019
2005    8  387.80191
2005    9  406.20496
2005   10  400.48154
2005   11  395.58261
2005   12  403.17391
2006    1  405.32791
2006    2  400.19667
2006    3  398.47099
2006    4  396.99071
2006    5  399.85726
2006    6  397.90265
2006    7  395.98119
2006    8  398.00268
2006    9  411.26940
2006   10  404.92279
2006   11  414.94513
2006   12  401.93874
2007    1  403.79213
2007    2  401.82984
2007    3  401.10399
2007    4  408.90821
2007    5  402.70056
2007    6  397.32349
2007    7  389.10288
2007    8  392.74630
2007    9  397.43687
2007   10  412.67482
2007   11  401.45381
2007   12  404.80131
2008    1  404.73431
2008    2  405.48458
2008    3  401.33367
2008    4  404.60457
2008    5  403.05444
2008    6  401.79785
2008    7  392.39487
2008    8  408.86068
2008    9  413.40402
2008   10  400.05715
2008   11  403.48060
2008   12  402.32271
2009    1  407.11771
2009    2  404.02223
2009    3  404.39496
2009    4  413.66491
2009    5  407.44909
2009    6  399.43156
2009    7  399.52580
2009    8  408.28154
2009    9  402.78066
2009   10  396.81941
2009   11  405.39852
2009   12  402.93849
2010    1  406.57024
2010    2  403.38247
2010    3  414.60726
2010    4  406.22227
2010    5  403.05060
2010    6  397.10983
2010    7  391.79082
2010    8  397.46519
2010    9  397.54875
2010   10  405.14884
2010   11  407.50011
2010   12  414.37859
2011    1  414.41660
2011    2  417.37573
2011    3  408.49170
2011    4  415.56798
2011    5  407.52365
2011    6  406.52452
2011    7  408.50302
2011    8  394.43970
2011    9  421.45149
2011   10  427.07720
2011   11  422.72769
2011   12  416.91880
2012    1  409.45737
2012    2  411.84766
2012    3  417.41942
2012    4  407.68497
2012    5  411.44702
2012    6  410.31695
2012    7  400.04149
2012    8  409.31106
2012    9  409.95289
2012   10  413.49081
2012   11  410.80435
2012   12  415.25904
2013    1  412.40174
2013    2  413.43900
2013    3  411.42819
2013    4  411.99272
2013    5  416.91065
2013    6  413.82603
2013    7  403.58314
2013    8  413.26674
2013    9  411.99976
2013   10  424.70152
2013   11  415.90922
2013   12  419.21920
2014    1  417.43281
2014    2  422.72775
2014    3  416.74144
2014    4  420.99686
2014    5  414.27751
2014    6  406.81069
2014    7  402.56281
2014    8  416.58603
2014    9  422.20231
2014   10  419.60232
2014   11  416.78228
2014   12  416.01702
2015    1  413.01586
2015    2  420.85804
2015    3  423.32799
2015    4  423.08774
2015    5  413.66601
2015    6  409.90929
2015    7  408.67971
2015    8  404.20381
2015    9  420.58961
2015   10  412.34106
2015   11  424.58504
2015   12  432.62928
2016    1  422.95520
2016    2  421.59998
2016    3  430.83285
2016    4  421.68805
2016    5  421.75967
2016    6  410.47772
2016    7  413.18900
2016    8  409.50792
2016    9  422.38532
2016   10  417.68685
2016   11  426.02551
2016   12  422.14448
2017    1  424.63277
2017    2  425.60045
2017    3  427.19612
2017    4  430.79670
2017    5  421.23196
2017    6  418.87298
2017    7  417.47920
2017    8  415.26562
2017    9  435.97634
2017   10  428.40801
2017   11  429.12480
2017   12  429.96006
