yy mm co2
2000    1  380.93113
2000    2  385.56373
2000    3  387.31194
2000    4  378.64543
2000    5  372.07999
2000    6  366.62095
2000    7  365.13319
2000    8  362.18108
2000    9  361.44088
2000   10  372.95520
2000   11  377.31780
2000   12  380.42883
2001    1  379.23583
2001    2  387.08883
2001    3  388.22484
2001    4  383.96413
2001    5  373.94228
2001    6  367.58764
2001    7  365.23223
2001    8  367.97835
2001    9  368.51040
2001   10  375.45056
2001   11  376.89749
2001   12  382.02104
2002    1  391.03071
2002    2  387.17888
2002    3  386.74139
2002    4  384.62642
2002    5  379.09581
2002    6  370.30294
2002    7  368.13476
2002    8  368.01380
2002    9  372.68619
2002   10  374.35652
2002   11  381.80995
2002   12  382.88615
2003    1  384.86402
2003    2  386.65955
2003    3  387.90738
2003    4  384.20223
2003    5  377.96938
2003    6  373.09277
2003    7  373.96833
2003    8  370.91144
2003    9  377.03023
2003   10  384.20677
2003   11  390.89014
2003   12  389.31522
2004    1  390.80755
2004    2  390.29852
2004    3  395.17187
2004    4  385.47357
2004    5  380.96841
2004    6  375.03772
2004    7  375.09011
2004    8  373.22051
2004    9  376.89335
2004   10  386.11365
2004   11  388.39062
2004   12  389.46597
2005    1  386.08914
2005    2  392.60936
2005    3  392.42519
2005    4  391.27195
2005    5  383.67286
2005    6  375.70842
2005    7  371.76482
2005    8  369.94621
2005    9  376.12737
2005   10  387.62391
2005   11  390.06790
2005   12  392.42423
2006    1  393.34706
2006    2  399.95610
2006    3  400.17162
2006    4  394.04785
2006    5  384.17327
2006    6  377.29213
2006    7  373.36582
2006    8  380.65034
2006    9  374.53230
2006   10  393.93868
2006   11  397.29485
2006   12  402.99512
2007    1  400.00534
2007    2  395.43177
2007    3  392.98050
2007    4  391.93270
2007    5  384.08051
2007    6  382.14089
2007    7  381.10960
2007    8  381.66856
2007    9  382.99797
2007   10  389.93254
2007   11  391.72097
2007   12  396.08110
2008    1  397.03984
2008    2  400.23238
2008    3  400.55849
2008    4  394.90007
2008    5  387.82789
2008    6  382.86543
2008    7  382.19269
2008    8  378.48734
2008    9  392.59798
2008   10  390.73342
2008   11  395.36905
2008   12  393.23972
2009    1  397.01106
2009    2  396.94554
2009    3  398.71590
2009    4  398.81849
2009    5  387.63441
2009    6  386.61636
2009    7  382.51592
2009    8  381.21059
2009    9  383.69055
2009   10  393.09109
2009   11  400.70093
2009   12  397.63452
2010    1  401.97716
2010    2  410.55615
2010    3  405.34019
2010    4  403.37915
2010    5  393.51059
2010    6  387.99227
2010    7  394.90845
2010    8  389.85920
2010    9  393.91575
2010   10  395.72886
2010   11  408.74028
2010   12  403.22982
2011    1  408.89101
2011    2  401.43382
2011    3  403.10336
2011    4  401.48446
2011    5  391.74152
2011    6  387.68380
2011    7  384.95992
2011    8  388.82042
2011    9  387.29023
2011   10  397.58929
2011   11  403.94827
2011   12  408.44950
2012    1  406.95618
2012    2  411.47936
2012    3  416.77462
2012    4  408.09621
2012    5  395.08584
2012    6  389.39179
2012    7  391.60912
2012    8  393.29159
2012    9  398.37696
2012   10  405.53723
2012   11  404.44609
2012   12  410.63593
2013    1  412.18230
2013    2  411.80218
2013    3  405.32471
2013    4  408.61338
2013    5  398.26345
2013    6  390.94751
2013    7  394.13502
2013    8  387.47111
2013    9  389.46865
2013   10  408.11798
2013   11  407.91667
2013   12  411.89280
2014    1  414.60717
2014    2  421.97068
2014    3  414.24518
2014    4  410.18557
2014    5  399.89632
2014    6  396.41000
2014    7  394.68013
2014    8  386.39526
2014    9  391.20324
2014   10  397.24814
2014   11  410.95854
2014   12  409.86214
2015    1  417.91017
2015    2  415.43663
2015    3  414.32944
2015    4  409.13085
2015    5  400.95285
2015    6  395.03456
2015    7  400.03372
2015    8  395.24431
2015    9  400.85803
2015   10  394.96773
2015   11  414.23528
2015   12  416.66880
2016    1  418.61524
2016    2  427.87215
2016    3  412.81685
2016    4  412.18920
2016    5  402.56337
2016    6  398.44235
2016    7  395.55406
2016    8  396.08692
2016    9  403.75171
2016   10  405.60740
2016   11  416.28641
2016   12  418.51430
2017    1  415.64865
2017    2  414.52475
2017    3  408.97678
2017    4  417.19415
2017    5  408.04167
2017    6  402.34870
2017    7  405.18478
2017    8  408.53771
2017    9  410.74707
2017   10  409.71825
2017   11  416.26481
2017   12  413.66540
