yy mm co2
2000    1  385.37633
2000    2  379.43097
2000    3  383.69463
2000    4  381.00342
2000    5  384.48907
2000    6  388.81440
2000    7  383.10225
2000    8  395.93209
2000    9  393.78298
2000   10  412.00116
2000   11  391.21398
2000   12  394.06968
2001    1  391.30860
2001    2  383.65321
2001    3  390.07867
2001    4  381.16614
2001    5  377.88914
2001    6  384.10435
2001    7  385.42575
2001    8  367.85324
2001    9  352.68438
2001   10  381.94942
2001   11  400.47738
2001   12  397.08684
2002    1  395.31573
2002    2  387.38825
2002    3  386.33289
2002    4  382.94704
2002    5  379.31520
2002    6  377.96085
2002    7  365.59039
2002    8  374.69101
2002    9  396.48471
2002   10  375.98258
2002   11  395.05371
2002   12  394.79078
2003    1  389.81740
2003    2  401.22506
2003    3  395.00016
2003    4  387.05405
2003    5  389.27619
2003    6  389.61382
2003    7  387.14163
2003    8  386.90810
2003    9  405.98190
2003   10  417.32623
2003   11  400.89665
2003   12  395.77548
2004    1  396.39449
2004    2  393.29234
2004    3  389.70419
2004    4  387.24524
2004    5  384.59129
2004    6  395.89836
2004    7  387.25443
2004    8  379.94992
2004    9  402.83700
2004   10  416.77983
2004   11  402.82743
2004   12  396.61047
2005    1  402.49806
2005    2  396.78358
2005    3  384.68762
2005    4  387.72216
2005    5  390.11906
2005    6  382.89168
2005    7  393.49339
2005    8  396.28448
2005    9  384.47866
2005   10  398.17471
2005   11  397.19994
2005   12  401.09435
2006    1  392.95704
2006    2  391.29949
2006    3  396.99173
2006    4  388.08351
2006    5  390.37052
2006    6  391.96850
2006    7  397.02401
2006    8  400.41149
2006    9  391.96838
2006   10  407.41867
2006   11  409.11001
2006   12  403.89854
2007    1  401.36001
2007    2  400.69790
2007    3  391.52140
2007    4  392.32284
2007    5  405.23775
2007    6  387.95435
2007    7  366.49077
2007    8  371.94960
2007    9  401.40856
2007   10  399.51925
2007   11  410.92775
2007   12  410.57711
2008    1  407.62534
2008    2  413.83653
2008    3  402.72847
2008    4  412.77765
2008    5  397.06903
2008    6  398.27696
2008    7  381.22662
2008    8  403.09533
2008    9  395.92833
2008   10  395.93477
2008   11  414.47929
2008   12  398.85740
2009    1  402.74122
2009    2  404.61117
2009    3  405.97742
2009    4  402.18671
2009    5  405.26970
2009    6  406.70938
2009    7  389.48556
2009    8  372.78025
2009    9  405.37681
2009   10  402.44340
2009   11  412.03757
2009   12  405.08600
2010    1  406.21913
2010    2  413.11723
2010    3  419.92200
2010    4  407.85549
2010    5  396.90023
2010    6  396.81367
2010    7  409.03746
2010    8  403.55988
2010    9  390.62713
2010   10  395.57632
2010   11  411.47188
2010   12  415.37994
2011    1  411.23817
2011    2  410.84221
2011    3  400.44982
2011    4  406.81593
2011    5  389.53888
2011    6  390.15137
2011    7  394.53353
2011    8  399.80619
2011    9  418.89123
2011   10  425.20085
2011   11  409.45620
2011   12  419.62406
2012    1  414.15196
2012    2  409.77832
2012    3  398.15722
2012    4  402.68246
2012    5  406.92926
2012    6  405.87838
2012    7  401.65748
2012    8  404.32706
2012    9  398.95313
2012   10  403.30485
2012   11  408.49004
2012   12  413.84302
2013    1  414.92740
2013    2  408.54377
2013    3  418.67112
2013    4  414.93369
2013    5  407.02531
2013    6  399.19498
2013    7  399.44967
2013    8  394.51983
2013    9  396.97037
2013   10  404.62057
2013   11  415.04719
2013   12  413.64183
2014    1  414.72111
2014    2  416.20486
2014    3  412.70678
2014    4  408.01454
2014    5  404.50779
2014    6  406.44730
2014    7  408.56592
2014    8  393.55157
2014    9  411.88297
2014   10  419.05604
2014   11  415.18651
2014   12  422.57473
2015    1  412.51993
2015    2  414.46614
2015    3  424.32651
2015    4  417.79265
2015    5  407.92942
2015    6  428.11048
2015    7  431.21420
2015    8  424.81127
2015    9  411.57147
2015   10  411.62380
2015   11  424.69843
2015   12  422.74001
2016    1  415.59755
2016    2  421.49072
2016    3  428.35518
2016    4  410.27923
2016    5  415.63925
2016    6  410.57085
2016    7  414.85601
2016    8  428.36202
2016    9  424.70358
2016   10  434.78131
2016   11  433.65909
2016   12  428.67725
2017    1  423.64327
2017    2  429.60828
2017    3  414.75255
2017    4  417.55184
2017    5  418.44722
2017    6  423.60698
2017    7  407.04879
2017    8  415.19394
2017    9  438.28337
2017   10  422.19271
2017   11  423.36536
2017   12  426.09591
