yy mm co2
2000    1  373.73984
2000    2  373.12286
2000    3  375.29491
2000    4  373.33259
2000    5  368.88631
2000    6  369.49577
2000    7  370.42372
2000    8  368.89268
2000    9  371.08641
2000   10  371.82897
2000   11  371.63773
2000   12  371.55242
2001    1  374.51964
2001    2  372.93925
2001    3  374.89683
2001    4  370.28026
2001    5  369.38625
2001    6  370.95387
2001    7  372.03435
2001    8  372.74481
2001    9  373.78262
2001   10  373.83620
2001   11  373.79016
2001   12  372.48770
2002    1  375.13842
2002    2  374.51464
2002    3  376.49865
2002    4  373.38218
2002    5  372.54998
2002    6  372.33223
2002    7  373.56399
2002    8  373.96379
2002    9  374.23833
2002   10  374.82160
2002   11  375.97178
2002   12  375.36933
2003    1  377.92147
2003    2  377.52074
2003    3  379.18531
2003    4  377.07467
2003    5  375.01653
2003    6  376.17021
2003    7  376.11448
2003    8  377.00523
2003    9  376.94784
2003   10  377.36580
2003   11  377.25287
2003   12  377.04516
2004    1  380.23881
2004    2  382.04814
2004    3  380.16940
2004    4  380.60665
2004    5  377.75413
2004    6  376.80910
2004    7  378.11170
2004    8  377.03634
2004    9  378.21461
2004   10  378.30684
2004   11  378.24022
2004   12  378.91156
2005    1  381.22415
2005    2  382.42235
2005    3  383.68689
2005    4  380.92889
2005    5  378.56118
2005    6  379.27236
2005    7  380.70034
2005    8  381.48958
2005    9  381.26696
2005   10  381.16667
2005   11  379.92999
2005   12  382.37704
2006    1  384.16832
2006    2  383.90097
2006    3  386.60807
2006    4  382.65807
2006    5  380.81815
2006    6  381.29435
2006    7  381.02453
2006    8  381.77118
2006    9  381.64304
2006   10  382.36106
2006   11  382.62698
2006   12  383.86122
2007    1  386.02838
2007    2  387.04809
2007    3  386.50408
2007    4  383.86224
2007    5  383.24326
2007    6  384.36707
2007    7  384.63884
2007    8  384.04047
2007    9  384.41940
2007   10  386.18181
2007   11  387.50563
2007   12  387.25784
2008    1  390.09462
2008    2  393.13996
2008    3  390.55682
2008    4  386.66546
2008    5  384.72179
2008    6  385.27744
2008    7  386.38941
2008    8  385.62354
2008    9  386.71773
2008   10  387.44556
2008   11  386.27940
2008   12  385.87474
2009    1  389.62875
2009    2  391.83875
2009    3  392.08840
2009    4  388.33823
2009    5  387.12466
2009    6  387.01313
2009    7  387.50051
2009    8  386.33548
2009    9  387.05056
2009   10  388.77156
2009   11  391.17079
2009   12  388.29638
2010    1  391.12655
2010    2  391.29480
2010    3  393.59991
2010    4  389.72299
2010    5  387.73334
2010    6  387.75353
2010    7  389.52459
2010    8  390.94442
2010    9  390.28490
2010   10  392.44647
2010   11  391.53243
2010   12  394.93651
2011    1  396.90034
2011    2  397.12511
2011    3  399.86847
2011    4  392.65267
2011    5  390.48758
2011    6  391.14896
2011    7  392.97601
2011    8  392.30502
2011    9  392.60651
2011   10  393.53865
2011   11  394.12733
2011   12  396.99444
2012    1  397.15046
2012    2  394.65915
2012    3  397.09752
2012    4  392.57001
2012    5  391.33045
2012    6  392.84080
2012    7  395.16416
2012    8  395.83526
2012    9  396.35561
2012   10  397.59418
2012   11  396.66836
2012   12  397.40285
2013    1  400.87849
2013    2  397.28655
2013    3  395.24157
2013    4  394.52594
2013    5  394.78947
2013    6  396.30322
2013    7  397.93711
2013    8  397.79829
2013    9  399.65822
2013   10  398.28307
2013   11  398.20746
2013   12  401.27759
2014    1  403.15246
2014    2  406.55344
2014    3  405.83062
2014    4  401.42835
2014    5  396.52415
2014    6  397.39424
2014    7  399.13077
2014    8  398.96416
2014    9  399.66061
2014   10  401.27005
2014   11  401.73475
2014   12  402.34005
2015    1  404.73742
2015    2  403.84717
2015    3  403.43328
2015    4  401.34275
2015    5  399.67094
2015    6  402.08566
2015    7  400.37389
2015    8  402.17119
2015    9  401.23818
2015   10  401.37512
2015   11  405.25675
2015   12  405.04517
2016    1  405.47919
2016    2  407.14926
2016    3  411.78125
2016    4  406.23333
2016    5  401.18804
2016    6  403.06750
2016    7  403.93751
2016    8  403.85633
2016    9  404.57130
2016   10  404.59950
2016   11  404.75378
2016   12  407.60904
2017    1  410.65711
2017    2  411.26777
2017    3  413.98639
2017    4  405.95149
2017    5  404.92360
2017    6  405.65009
2017    7  406.75787
2017    8  407.25421
2017    9  408.33329
2017   10  410.06878
2017   11  408.24528
2017   12  412.24455
