yy mm co2
2000    1  366.08864
2000    2  366.10509
2000    3  366.40186
2000    4  366.76653
2000    5  366.96272
2000    6  367.45469
2000    7  367.84986
2000    8  368.02626
2000    9  367.94247
2000   10  367.79512
2000   11  367.28743
2000   12  367.11065
2001    1  367.00146
2001    2  366.94086
2001    3  367.16953
2001    4  367.53603
2001    5  368.06104
2001    6  368.55333
2001    7  368.87071
2001    8  369.48067
2001    9  369.61728
2001   10  369.63532
2001   11  369.47092
2001   12  369.15982
2002    1  368.99795
2002    2  368.74835
2002    3  369.05581
2002    4  369.38503
2002    5  369.91524
2002    6  370.45270
2002    7  371.10309
2002    8  371.61438
2002    9  371.93979
2002   10  371.77294
2002   11  371.35277
2002   12  371.41624
2003    1  371.34334
2003    2  371.50565
2003    3  371.65720
2003    4  372.05624
2003    5  372.60310
2003    6  373.08835
2003    7  373.52080
2003    8  374.14304
2003    9  374.24694
2003   10  374.13210
2003   11  373.68987
2003   12  373.39516
2004    1  373.47700
2004    2  373.49889
2004    3  373.67665
2004    4  374.15876
2004    5  374.57555
2004    6  375.13222
2004    7  375.68194
2004    8  376.19018
2004    9  375.90184
2004   10  375.87533
2004   11  375.38644
2004   12  375.00754
2005    1  374.90320
2005    2  375.11878
2005    3  375.39055
2005    4  375.82152
2005    5  376.34827
2005    6  377.02199
2005    7  377.63547
2005    8  378.03638
2005    9  378.34668
2005   10  378.10070
2005   11  377.79307
2005   12  377.59272
2006    1  377.60354
2006    2  377.71233
2006    3  377.92316
2006    4  378.38030
2006    5  378.94119
2006    6  379.39777
2006    7  379.62830
2006    8  379.78610
2006    9  379.69789
2006   10  379.59509
2006   11  379.29974
2006   12  379.19791
2007    1  379.19765
2007    2  379.56022
2007    3  379.37451
2007    4  379.78546
2007    5  380.27245
2007    6  380.86699
2007    7  381.29685
2007    8  381.71536
2007    9  381.99528
2007   10  382.00844
2007   11  381.56839
2007   12  381.43017
2008    1  381.32485
2008    2  381.36830
2008    3  381.70203
2008    4  382.06385
2008    5  382.34700
2008    6  382.94046
2008    7  383.42580
2008    8  383.60673
2008    9  383.70429
2008   10  383.48557
2008   11  382.91427
2008   12  382.78312
2009    1  382.54110
2009    2  382.95431
2009    3  383.19128
2009    4  383.41360
2009    5  383.76750
2009    6  384.27219
2009    7  384.81836
2009    8  385.20852
2009    9  385.13367
2009   10  385.05151
2009   11  384.76262
2009   12  384.40159
2010    1  384.71690
2010    2  384.76204
2010    3  384.80316
2010    4  385.06143
2010    5  385.63681
2010    6  386.33170
2010    7  386.83767
2010    8  387.66471
2010    9  387.67498
2010   10  387.55982
2010   11  387.35088
2010   12  387.03065
2011    1  386.93656
2011    2  386.82783
2011    3  386.83313
2011    4  387.22254
2011    5  387.47155
2011    6  388.24961
2011    7  388.74368
2011    8  388.96935
2011    9  389.13172
2011   10  389.05305
2011   11  388.89263
2011   12  388.64871
2012    1  388.37321
2012    2  388.38689
2012    3  388.63948
2012    4  389.25468
2012    5  389.87488
2012    6  390.52567
2012    7  391.08525
2012    8  391.39972
2012    9  391.65359
2012   10  391.42073
2012   11  390.86133
2012   12  391.00728
2013    1  390.84203
2013    2  390.91072
2013    3  391.32565
2013    4  391.98378
2013    5  392.64705
2013    6  393.06033
2013    7  393.86540
2013    8  394.34229
2013    9  394.37096
2013   10  394.01458
2013   11  393.95719
2013   12  393.70151
2014    1  393.66636
2014    2  393.77238
2014    3  393.98152
2014    4  394.36028
2014    5  394.64119
2014    6  395.03141
2014    7  395.44347
2014    8  395.87534
2014    9  395.85974
2014   10  395.98221
2014   11  395.31611
2014   12  395.33377
2015    1  394.87449
2015    2  394.93441
2015    3  395.43284
2015    4  396.00037
2015    5  396.69537
2015    6  397.39307
2015    7  397.82922
2015    8  398.44972
2015    9  398.65501
2015   10  398.51901
2015   11  398.10446
2015   12  397.66848
2016    1  397.92340
2016    2  398.07390
2016    3  398.04823
2016    4  398.73819
2016    5  399.31395
2016    6  400.30517
2016    7  401.02506
2016    8  401.59345
2016    9  401.62090
2016   10  401.45332
2016   11  401.10172
2016   12  400.87479
2017    1  400.64775
2017    2  400.62744
2017    3  400.84156
2017    4  401.37843
2017    5  402.08592
2017    6  402.45242
2017    7  403.13369
2017    8  403.63951
2017    9  403.80168
2017   10  403.53864
2017   11  403.40502
2017   12  403.17676
