yy mm co2
2000    1  374.68132
2000    2  375.77376
2000    3  376.58968
2000    4  376.03121
2000    5  373.99019
2000    6  372.39573
2000    7  370.97296
2000    8  370.34263
2000    9  369.03413
2000   10  370.04502
2000   11  372.45249
2000   12  375.02978
2001    1  376.31777
2001    2  377.52208
2001    3  378.46967
2001    4  377.79313
2001    5  374.92550
2001    6  373.32854
2001    7  372.25473
2001    8  370.96741
2001    9  370.44394
2001   10  372.62833
2001   11  374.99805
2001   12  377.04251
2002    1  378.20145
2002    2  379.63400
2002    3  378.72317
2002    4  378.51205
2002    5  377.11457
2002    6  375.44552
2002    7  374.63228
2002    8  373.76402
2002    9  372.79696
2002   10  374.59747
2002   11  377.30069
2002   12  378.73792
2003    1  380.25531
2003    2  382.08018
2003    3  382.88947
2003    4  381.36341
2003    5  380.93925
2003    6  378.40698
2003    7  378.10471
2003    8  376.60543
2003    9  376.15863
2003   10  377.29513
2003   11  379.54783
2003   12  382.03193
2004    1  384.03869
2004    2  384.71862
2004    3  386.82300
2004    4  385.40777
2004    5  381.70573
2004    6  380.23831
2004    7  379.16104
2004    8  378.33716
2004    9  377.84246
2004   10  378.96397
2004   11  381.66062
2004   12  383.42839
2005    1  386.45882
2005    2  387.92126
2005    3  387.73307
2005    4  386.79209
2005    5  383.65560
2005    6  382.06240
2005    7  382.07951
2005    8  380.49070
2005    9  379.90374
2005   10  381.45087
2005   11  384.96588
2005   12  386.61281
2006    1  388.62755
2006    2  389.66455
2006    3  389.93591
2006    4  389.20739
2006    5  386.53429
2006    6  384.79335
2006    7  383.45889
2006    8  382.97925
2006    9  382.28184
2006   10  384.09076
2006   11  387.08159
2006   12  388.34932
2007    1  390.70728
2007    2  390.65914
2007    3  392.34204
2007    4  391.77825
2007    5  389.73041
2007    6  386.84145
2007    7  385.82590
2007    8  384.21058
2007    9  384.39938
2007   10  385.82072
2007   11  387.78610
2007   12  391.64705
2008    1  393.05777
2008    2  394.70565
2008    3  394.67338
2008    4  394.52180
2008    5  391.46462
2008    6  389.01958
2008    7  387.96922
2008    8  387.10405
2008    9  386.55699
2008   10  387.33563
2008   11  390.05536
2008   12  391.59521
2009    1  393.54988
2009    2  395.16110
2009    3  395.73104
2009    4  394.68278
2009    5  393.36696
2009    6  389.94497
2009    7  389.07205
2009    8  388.36434
2009    9  386.87399
2009   10  388.84275
2009   11  392.21268
2009   12  396.21073
2010    1  396.16303
2010    2  397.74019
2010    3  397.61569
2010    4  398.26389
2010    5  395.53450
2010    6  393.93309
2010    7  391.81072
2010    8  390.73086
2010    9  390.48574
2010   10  392.26317
2010   11  394.98394
2010   12  398.86564
2011    1  399.39766
2011    2  402.30702
2011    3  402.39384
2011    4  402.01552
2011    5  397.62954
2011    6  395.23654
2011    7  393.88510
2011    8  392.81711
2011    9  392.31929
2011   10  393.94139
2011   11  396.00616
2011   12  398.76602
2012    1  402.46386
2012    2  402.29649
2012    3  402.36043
2012    4  401.79354
2012    5  399.20170
2012    6  396.37176
2012    7  396.13459
2012    8  394.87396
2012    9  394.43772
2012   10  396.90247
2012   11  401.59799
2012   12  402.60385
2013    1  404.45407
2013    2  405.34887
2013    3  404.64397
2013    4  405.73618
2013    5  401.83368
2013    6  400.19190
2013    7  398.97577
2013    8  398.07984
2013    9  396.18235
2013   10  398.91689
2013   11  402.38860
2013   12  404.82776
2014    1  406.09841
2014    2  407.74062
2014    3  408.60733
2014    4  407.75107
2014    5  405.25457
2014    6  402.03662
2014    7  401.12587
2014    8  400.04222
2014    9  400.48145
2014   10  400.95756
2014   11  404.06283
2014   12  406.74565
2015    1  408.22403
2015    2  410.19003
2015    3  411.02443
2015    4  408.83262
2015    5  405.68830
2015    6  404.22191
2015    7  402.39928
2015    8  401.90155
2015    9  401.45850
2015   10  403.86000
2015   11  405.80326
2015   12  410.80205
2016    1  411.30514
2016    2  413.06528
2016    3  413.69730
2016    4  411.57418
2016    5  408.86426
2016    6  407.03171
2016    7  406.41293
2016    8  405.58144
2016    9  404.42846
2016   10  406.02140
2016   11  410.85482
2016   12  412.39121
2017    1  416.19022
2017    2  416.03789
2017    3  418.64440
2017    4  415.76661
2017    5  412.99881
2017    6  410.19270
2017    7  409.37457
2017    8  408.22837
2017    9  407.72188
2017   10  408.59776
2017   11  412.33865
2017   12  414.95066
