yy mm co2
2000    1  412.28192
2000    2  393.76377
2000    3  403.43657
2000    4  398.46927
2000    5  398.27920
2000    6  391.14751
2000    7  386.33868
2000    8  392.38576
2000    9  395.88165
2000   10  393.54412
2000   11  413.33708
2000   12  425.32134
2001    1  408.73853
2001    2  400.57889
2001    3  405.20926
2001    4  395.50767
2001    5  400.59941
2001    6  400.10060
2001    7  385.10867
2001    8  393.83472
2001    9  398.24477
2001   10  411.89205
2001   11  417.83668
2001   12  416.33457
2002    1  422.18139
2002    2  423.58204
2002    3  399.39137
2002    4  392.63783
2002    5  390.76773
2002    6  392.09425
2002    7  389.86086
2002    8  391.06613
2002    9  405.23868
2002   10  398.17448
2002   11  415.14228
2002   12  410.96253
2003    1  416.59857
2003    2  405.01947
2003    3  406.96011
2003    4  393.86636
2003    5  400.99397
2003    6  393.10881
2003    7  400.31210
2003    8  395.56934
2003    9  403.71588
2003   10  425.68694
2003   11  406.55216
2003   12  413.83365
2004    1  425.19611
2004    2  403.09381
2004    3  425.26569
2004    4  401.00180
2004    5  399.39187
2004    6  396.59953
2004    7  393.13742
2004    8  392.54563
2004    9  408.45852
2004   10  403.05019
2004   11  411.53721
2004   12  419.88280
2005    1  414.16948
2005    2  405.12902
2005    3  407.27411
2005    4  408.94703
2005    5  402.78683
2005    6  392.28669
2005    7  398.83319
2005    8  399.83232
2005    9  404.50282
2005   10  412.24895
2005   11  427.98548
2005   12  427.06745
2006    1  415.96385
2006    2  423.81219
2006    3  400.37849
2006    4  402.18502
2006    5  402.10166
2006    6  409.63030
2006    7  407.32615
2006    8  395.43351
2006    9  411.92016
2006   10  410.11086
2006   11  424.82695
2006   12  424.88371
2007    1  415.14955
2007    2  415.45730
2007    3  419.81236
2007    4  407.65922
2007    5  404.96376
2007    6  406.28991
2007    7  403.67380
2007    8  404.73029
2007    9  407.25092
2007   10  418.67868
2007   11  442.31233
2007   12  420.54849
2008    1  417.91910
2008    2  428.55970
2008    3  422.45263
2008    4  415.24539
2008    5  408.54877
2008    6  412.79825
2008    7  403.23331
2008    8  402.12637
2008    9  413.45553
2008   10  441.80776
2008   11  437.65167
2008   12  429.83706
2009    1  434.16623
2009    2  423.48373
2009    3  420.79249
2009    4  414.00135
2009    5  410.11229
2009    6  400.70878
2009    7  407.58550
2009    8  409.83822
2009    9  420.91712
2009   10  421.30586
2009   11  440.63610
2009   12  428.74346
2010    1  433.76553
2010    2  426.18992
2010    3  420.14479
2010    4  410.14099
2010    5  409.78496
2010    6  408.78917
2010    7  403.00630
2010    8  408.72849
2010    9  423.09833
2010   10  416.23233
2010   11  423.17773
2010   12  433.16674
2011    1  439.11065
2011    2  423.08649
2011    3  421.65330
2011    4  416.19717
2011    5  412.76708
2011    6  407.37714
2011    7  406.76157
2011    8  410.94268
2011    9  417.87929
2011   10  437.74286
2011   11  437.80491
2011   12  446.16216
2012    1  440.72638
2012    2  426.62158
2012    3  418.10708
2012    4  424.91997
2012    5  416.16676
2012    6  411.92985
2012    7  409.62937
2012    8  417.55414
2012    9  422.53343
2012   10  424.40844
2012   11  436.54084
2012   12  425.75036
2013    1  434.51134
2013    2  439.49622
2013    3  435.47063
2013    4  419.24536
2013    5  418.88494
2013    6  415.95541
2013    7  410.33496
2013    8  416.41927
2013    9  423.28567
2013   10  431.04144
2013   11  440.86954
2013   12  446.67412
2014    1  460.72947
2014    2  435.34426
2014    3  427.54397
2014    4  423.86155
2014    5  423.48678
2014    6  415.34205
2014    7  412.98577
2014    8  414.93418
2014    9  419.46484
2014   10  436.19316
2014   11  439.24566
2014   12  429.48622
2015    1  451.07133
2015    2  444.34494
2015    3  440.74075
2015    4  424.72011
2015    5  413.71243
2015    6  421.43697
2015    7  413.14506
2015    8  415.94577
2015    9  429.17495
2015   10  436.46741
2015   11  432.45486
2015   12  429.39535
2016    1  431.30206
2016    2  453.75366
2016    3  432.14232
2016    4  429.49204
2016    5  417.07815
2016    6  429.27865
2016    7  420.01289
2016    8  416.11126
2016    9  428.52695
2016   10  432.55222
2016   11  449.00161
2016   12  435.57264
2017    1  430.21762
2017    2  435.28882
2017    3  448.91483
2017    4  433.21672
2017    5  427.00369
2017    6  429.22440
2017    7  424.68851
2017    8  422.10610
2017    9  426.28622
2017   10  447.18347
2017   11  444.17504
2017   12  467.98840
