yy mm co2
2000    1  368.18493
2000    2  368.25461
2000    3  368.54821
2000    4  367.11132
2000    5  367.96599
2000    6  368.94600
2000    7  369.23095
2000    8  369.11428
2000    9  369.18133
2000   10  369.58343
2000   11  368.46893
2000   12  368.34329
2001    1  367.96601
2001    2  368.35542
2001    3  369.04274
2001    4  368.75650
2001    5  369.44714
2001    6  370.27680
2001    7  370.47005
2001    8  370.49362
2001    9  370.65282
2001   10  371.27777
2001   11  370.44392
2001   12  370.08856
2002    1  370.68769
2002    2  371.37844
2002    3  370.60626
2002    4  370.61766
2002    5  371.36980
2002    6  372.16677
2002    7  372.59510
2002    8  372.68343
2002    9  373.01009
2002   10  373.10182
2002   11  372.63488
2002   12  372.54798
2003    1  373.22662
2003    2  373.39606
2003    3  373.53166
2003    4  373.70520
2003    5  373.93323
2003    6  374.86685
2003    7  375.01592
2003    8  375.23368
2003    9  375.44483
2003   10  375.28435
2003   11  374.91787
2003   12  374.97902
2004    1  376.07903
2004    2  376.27728
2004    3  376.21247
2004    4  375.80440
2004    5  376.20842
2004    6  377.02880
2004    7  377.52415
2004    8  377.08771
2004    9  376.88544
2004   10  376.67243
2004   11  376.37170
2004   12  376.35100
2005    1  377.34484
2005    2  377.32514
2005    3  377.69799
2005    4  377.65020
2005    5  377.86705
2005    6  379.07451
2005    7  379.48581
2005    8  379.42492
2005    9  379.86448
2005   10  379.71427
2005   11  379.10938
2005   12  379.26345
2006    1  379.60464
2006    2  379.95772
2006    3  380.52953
2006    4  380.04594
2006    5  380.20787
2006    6  380.88849
2006    7  380.82793
2006    8  381.05343
2006    9  381.33602
2006   10  380.85991
2006   11  380.61143
2006   12  380.84979
2007    1  381.35075
2007    2  381.58288
2007    3  381.92375
2007    4  381.33588
2007    5  381.60474
2007    6  382.42579
2007    7  383.15423
2007    8  383.08592
2007    9  383.38007
2007   10  383.24023
2007   11  383.28778
2007   12  383.05353
2008    1  383.99347
2008    2  384.80139
2008    3  383.78220
2008    4  383.47297
2008    5  383.45647
2008    6  384.29795
2008    7  384.83751
2008    8  384.82773
2008    9  385.24289
2008   10  385.04475
2008   11  384.11573
2008   12  384.17472
2009    1  385.06146
2009    2  385.33501
2009    3  385.16585
2009    4  385.25549
2009    5  385.34834
2009    6  386.00358
2009    7  386.68385
2009    8  386.72148
2009    9  386.54258
2009   10  386.48499
2009   11  385.88434
2009   12  386.04811
2010    1  386.73542
2010    2  387.33814
2010    3  387.69480
2010    4  387.46439
2010    5  387.59969
2010    6  388.39530
2010    7  388.61320
2010    8  388.82956
2010    9  388.58302
2010   10  389.06885
2010   11  388.56207
2010   12  388.55502
2011    1  389.33236
2011    2  388.87616
2011    3  389.45852
2011    4  389.34054
2011    5  389.56542
2011    6  390.30606
2011    7  390.65743
2011    8  390.62431
2011    9  390.74564
2011   10  390.28469
2011   11  389.96534
2011   12  390.25486
2012    1  390.66881
2012    2  390.84788
2012    3  391.15467
2012    4  391.53660
2012    5  392.17039
2012    6  392.28352
2012    7  392.75995
2012    8  392.57566
2012    9  393.15701
2012   10  392.95253
2012   11  392.79248
2012   12  392.73250
2013    1  392.97872
2013    2  393.35480
2013    3  393.60955
2013    4  394.06613
2013    5  394.41549
2013    6  395.22967
2013    7  395.68543
2013    8  396.03072
2013    9  395.76972
2013   10  395.96952
2013   11  395.41413
2013   12  395.59646
2014    1  396.15354
2014    2  396.11902
2014    3  396.27016
2014    4  396.42584
2014    5  396.21387
2014    6  396.99516
2014    7  397.22529
2014    8  397.45160
2014    9  397.58999
2014   10  397.38897
2014   11  396.89787
2014   12  397.00675
2015    1  396.71792
2015    2  397.42692
2015    3  397.72681
2015    4  398.70117
2015    5  398.35682
2015    6  399.12283
2015    7  399.63578
2015    8  399.69862
2015    9  399.95278
2015   10  400.09568
2015   11  399.71102
2015   12  399.76838
2016    1  401.28545
2016    2  400.66746
2016    3  400.73320
2016    4  400.97797
2016    5  401.38824
2016    6  402.57021
2016    7  403.04475
2016    8  403.20834
2016    9  403.02405
2016   10  403.58864
2016   11  402.52722
2016   12  402.50475
2017    1  403.02542
2017    2  403.88925
2017    3  404.05654
2017    4  403.27155
2017    5  404.02732
2017    6  405.10503
2017    7  405.33362
2017    8  405.57669
2017    9  405.26275
2017   10  405.59430
2017   11  404.78545
2017   12  404.63329
