yy mm co2
2000    1  377.21655
2000    2  378.43408
2000    3  377.32613
2000    4  379.72073
2000    5  372.52507
2000    6  369.53678
2000    7  364.41986
2000    8  365.06006
2000    9  366.90012
2000   10  381.08093
2000   11  380.93279
2000   12  382.80088
2001    1  381.22814
2001    2  379.07661
2001    3  382.48237
2001    4  380.96812
2001    5  374.59563
2001    6  369.60209
2001    7  365.81131
2001    8  366.39604
2001    9  369.87750
2001   10  375.57422
2001   11  375.40111
2001   12  378.49115
2002    1  382.10605
2002    2  380.73800
2002    3  381.91848
2002    4  382.33818
2002    5  375.57425
2002    6  372.06139
2002    7  367.84585
2002    8  365.21687
2002    9  368.57423
2002   10  374.36027
2002   11  382.40431
2002   12  381.95727
2003    1  384.55491
2003    2  386.98348
2003    3  385.84101
2003    4  385.27901
2003    5  380.80741
2003    6  374.55556
2003    7  370.78213
2003    8  369.63131
2003    9  374.16976
2003   10  377.29033
2003   11  393.88525
2003   12  386.76063
2004    1  385.70154
2004    2  385.73731
2004    3  387.73436
2004    4  388.78800
2004    5  381.29481
2004    6  377.59056
2004    7  373.44906
2004    8  371.66703
2004    9  373.30814
2004   10  380.93547
2004   11  383.83956
2004   12  386.59852
2005    1  386.52541
2005    2  390.48842
2005    3  387.69515
2005    4  387.16078
2005    5  382.40105
2005    6  378.31991
2005    7  373.39373
2005    8  372.56445
2005    9  377.45939
2005   10  382.98129
2005   11  388.80925
2005   12  388.16431
2006    1  392.96295
2006    2  393.19787
2006    3  392.89996
2006    4  391.39448
2006    5  387.25045
2006    6  383.74661
2006    7  375.96852
2006    8  375.16799
2006    9  380.72607
2006   10  384.49868
2006   11  391.13773
2006   12  390.08519
2007    1  389.03020
2007    2  396.16940
2007    3  394.02812
2007    4  390.67454
2007    5  387.04512
2007    6  380.94775
2007    7  379.44136
2007    8  379.32029
2007    9  380.84562
2007   10  387.42300
2007   11  390.17104
2007   12  392.87002
2008    1  395.24483
2008    2  394.96136
2008    3  393.38085
2008    4  395.89658
2008    5  389.25058
2008    6  383.98479
2008    7  380.41489
2008    8  379.23123
2008    9  383.25618
2008   10  386.14351
2008   11  390.58438
2008   12  396.26603
2009    1  396.89185
2009    2  400.10584
2009    3  397.39624
2009    4  396.79292
2009    5  390.01863
2009    6  385.18570
2009    7  381.64417
2009    8  378.01062
2009    9  381.43509
2009   10  388.93221
2009   11  397.86886
2009   12  398.06249
2010    1  399.68497
2010    2  402.57929
2010    3  399.34422
2010    4  400.19237
2010    5  393.15480
2010    6  386.44377
2010    7  383.61477
2010    8  388.59190
2010    9  386.20635
2010   10  393.41694
2010   11  399.92877
2010   12  400.44994
2011    1  400.65256
2011    2  402.39069
2011    3  400.95131
2011    4  399.25601
2011    5  392.13142
2011    6  388.25991
2011    7  386.85676
2011    8  385.67244
2011    9  390.26482
2011   10  395.93849
2011   11  406.28525
2011   12  399.65726
2012    1  400.97823
2012    2  401.15564
2012    3  402.20164
2012    4  400.97540
2012    5  396.49601
2012    6  392.48852
2012    7  389.16402
2012    8  388.32010
2012    9  391.32661
2012   10  398.81011
2012   11  404.84365
2012   12  405.36796
2013    1  405.35125
2013    2  409.55219
2013    3  405.06836
2013    4  405.97425
2013    5  397.45032
2013    6  394.51302
2013    7  391.28601
2013    8  388.95645
2013    9  392.54208
2013   10  401.47148
2013   11  402.19395
2013   12  406.56613
2014    1  408.40340
2014    2  412.99112
2014    3  410.40740
2014    4  406.09174
2014    5  400.25954
2014    6  396.29012
2014    7  389.29124
2014    8  391.01986
2014    9  399.78066
2014   10  409.63432
2014   11  416.25055
2014   12  405.00140
2015    1  409.94951
2015    2  415.85788
2015    3  412.94540
2015    4  408.63376
2015    5  404.51542
2015    6  400.05214
2015    7  393.99508
2015    8  392.15625
2015    9  394.74515
2015   10  402.28447
2015   11  409.87207
2015   12  409.66854
2016    1  411.74746
2016    2  414.08741
2016    3  415.01896
2016    4  409.66418
2016    5  404.87811
2016    6  401.21598
2016    7  397.50582
2016    8  398.09218
2016    9  400.84697
2016   10  408.76077
2016   11  414.58607
2016   12  412.71906
2017    1  415.63413
2017    2  420.18318
2017    3  420.35501
2017    4  416.26426
2017    5  408.21655
2017    6  405.30119
2017    7  400.85512
2017    8  400.94179
2017    9  404.49129
2017   10  409.55987
2017   11  412.65984
2017   12  413.60987
