yy mm co2
2000    1  366.15989
2000    2  366.23879
2000    3  366.57465
2000    4  367.28807
2000    5  368.57472
2000    6  370.21874
2000    7  369.45150
2000    8  368.17297
2000    9  368.21171
2000   10  367.76828
2000   11  367.64707
2000   12  367.21377
2001    1  367.37768
2001    2  367.20964
2001    3  367.56124
2001    4  367.98714
2001    5  369.32633
2001    6  370.22206
2001    7  370.40739
2001    8  370.29758
2001    9  369.61210
2001   10  369.41050
2001   11  368.70071
2001   12  369.00854
2002    1  369.00412
2002    2  368.89067
2002    3  369.44431
2002    4  370.07735
2002    5  371.45472
2002    6  371.98784
2002    7  372.55965
2002    8  373.04129
2002    9  372.15822
2002   10  371.65359
2002   11  371.48286
2002   12  371.45300
2003    1  371.66750
2003    2  371.88322
2003    3  372.15697
2003    4  372.59571
2003    5  374.63082
2003    6  375.62317
2003    7  375.15312
2003    8  374.69389
2003    9  374.27249
2003   10  373.64339
2003   11  373.50756
2003   12  373.84036
2004    1  373.68774
2004    2  373.80672
2004    3  374.00072
2004    4  375.27664
2004    5  376.85118
2004    6  377.75954
2004    7  378.08975
2004    8  376.89472
2004    9  376.20225
2004   10  375.69841
2004   11  374.96092
2004   12  375.17399
2005    1  375.20591
2005    2  375.34820
2005    3  376.00647
2005    4  376.21844
2005    5  377.36484
2005    6  378.48190
2005    7  379.83290
2005    8  378.72788
2005    9  378.28370
2005   10  377.81487
2005   11  377.76938
2005   12  377.56763
2006    1  377.62057
2006    2  377.80352
2006    3  378.37753
2006    4  378.71889
2006    5  379.85336
2006    6  383.18825
2006    7  380.81771
2006    8  379.90595
2006    9  379.31366
2006   10  379.26630
2006   11  378.95556
2006   12  379.13970
2007    1  379.31200
2007    2  379.72233
2007    3  379.76715
2007    4  380.38479
2007    5  382.96072
2007    6  383.77734
2007    7  382.35279
2007    8  382.31025
2007    9  382.13134
2007   10  381.57220
2007   11  381.18777
2007   12  380.79880
2008    1  380.93090
2008    2  381.64001
2008    3  381.95579
2008    4  382.79308
2008    5  385.43035
2008    6  384.16989
2008    7  384.25875
2008    8  384.31623
2008    9  383.81203
2008   10  383.52321
2008   11  382.97058
2008   12  382.96470
2009    1  382.88801
2009    2  383.45839
2009    3  383.80854
2009    4  384.13869
2009    5  385.05686
2009    6  386.06868
2009    7  386.40795
2009    8  385.71632
2009    9  385.51592
2009   10  385.28268
2009   11  384.61047
2009   12  384.47196
2010    1  384.79234
2010    2  384.78582
2010    3  385.26586
2010    4  385.56635
2010    5  386.69448
2010    6  387.40018
2010    7  388.67956
2010    8  388.81027
2010    9  387.95749
2010   10  387.76395
2010   11  387.35688
2010   12  386.97725
2011    1  386.78542
2011    2  387.00993
2011    3  387.35196
2011    4  387.35903
2011    5  389.94232
2011    6  389.24365
2011    7  390.18318
2011    8  389.58542
2011    9  388.82543
2011   10  388.65430
2011   11  388.83163
2011   12  388.61739
2012    1  388.65380
2012    2  388.81367
2012    3  389.13489
2012    4  389.75597
2012    5  390.69777
2012    6  391.44143
2012    7  391.60551
2012    8  391.52929
2012    9  391.35813
2012   10  391.04468
2012   11  390.60580
2012   12  390.96380
2013    1  391.10196
2013    2  391.21727
2013    3  391.63232
2013    4  392.80363
2013    5  394.02032
2013    6  394.56837
2013    7  395.78247
2013    8  395.67598
2013    9  394.19293
2013   10  394.10300
2013   11  393.82631
2013   12  393.48469
2014    1  393.46379
2014    2  393.86543
2014    3  394.33976
2014    4  395.19588
2014    5  396.04725
2014    6  397.04103
2014    7  397.14540
2014    8  397.00349
2014    9  396.45506
2014   10  395.83837
2014   11  395.45124
2014   12  395.31090
2015    1  395.21832
2015    2  395.46372
2015    3  396.07537
2015    4  396.79656
2015    5  398.15294
2015    6  399.88055
2015    7  398.61904
2015    8  400.77552
2015    9  398.85007
2015   10  398.48269
2015   11  397.87378
2015   12  397.99311
2016    1  398.24788
2016    2  398.48208
2016    3  398.97184
2016    4  399.96672
2016    5  402.42216
2016    6  402.90467
2016    7  402.40583
2016    8  402.79792
2016    9  401.95964
2016   10  401.40405
2016   11  401.36941
2016   12  401.09444
2017    1  400.53885
2017    2  400.88544
2017    3  401.43658
2017    4  402.39032
2017    5  404.79455
2017    6  404.85914
2017    7  404.98067
2017    8  404.41370
2017    9  404.33582
2017   10  403.83328
2017   11  403.75214
2017   12  403.27577
