yy mm co2
2000    1  373.69638
2000    2  374.68449
2000    3  375.23793
2000    4  376.40007
2000    5  375.48537
2000    6  371.62195
2000    7  366.52209
2000    8  364.14250
2000    9  363.27593
2000   10  368.19067
2000   11  371.48671
2000   12  372.70080
2001    1  374.33801
2001    2  375.84535
2001    3  376.62472
2001    4  378.20925
2001    5  377.21370
2001    6  372.64329
2001    7  367.02811
2001    8  363.71103
2001    9  364.28956
2001   10  369.86137
2001   11  373.33413
2001   12  374.56283
2002    1  375.96477
2002    2  377.32164
2002    3  379.37926
2002    4  379.43563
2002    5  378.52710
2002    6  374.02374
2002    7  369.86006
2002    8  364.83796
2002    9  367.49980
2002   10  371.65007
2002   11  374.49604
2002   12  377.02525
2003    1  377.85049
2003    2  379.39337
2003    3  380.38698
2003    4  382.06443
2003    5  382.32098
2003    6  378.07037
2003    7  372.50569
2003    8  370.07185
2003    9  369.66038
2003   10  374.50180
2003   11  378.17343
2003   12  379.95781
2004    1  380.30531
2004    2  381.99086
2004    3  383.61078
2004    4  384.10150
2004    5  383.87699
2004    6  379.90563
2004    7  374.67436
2004    8  368.49405
2004    9  371.69683
2004   10  376.68846
2004   11  380.83724
2004   12  381.33934
2005    1  381.75180
2005    2  383.53805
2005    3  384.88640
2005    4  385.93003
2005    5  385.46059
2005    6  381.54711
2005    7  376.46494
2005    8  370.72293
2005    9  373.75258
2005   10  379.17620
2005   11  382.04357
2005   12  383.48575
2006    1  384.69877
2006    2  386.78164
2006    3  387.98389
2006    4  388.55459
2006    5  389.19391
2006    6  384.78299
2006    7  380.32458
2006    8  376.17169
2006    9  376.50071
2006   10  381.51135
2006   11  383.89131
2006   12  386.62759
2007    1  387.89847
2007    2  388.68366
2007    3  389.28966
2007    4  389.90573
2007    5  389.67002
2007    6  385.88271
2007    7  379.33092
2007    8  374.53359
2007    9  377.48212
2007   10  382.39954
2007   11  386.08513
2007   12  387.81294
2008    1  389.74974
2008    2  390.46953
2008    3  391.85383
2008    4  393.07008
2008    5  392.83501
2008    6  388.08686
2008    7  382.16266
2008    8  377.25468
2008    9  378.94308
2008   10  383.76969
2008   11  387.48383
2008   12  389.71513
2009    1  390.65987
2009    2  391.79085
2009    3  393.59176
2009    4  394.67745
2009    5  393.50582
2009    6  389.59904
2009    7  382.02060
2009    8  377.60046
2009    9  379.60577
2009   10  384.65468
2009   11  388.91807
2009   12  390.61767
2010    1  392.04140
2010    2  393.41670
2010    3  395.18496
2010    4  396.59665
2010    5  396.16440
2010    6  391.12553
2010    7  386.09235
2010    8  382.32558
2010    9  384.47574
2010   10  388.72048
2010   11  392.71367
2010   12  395.33971
2011    1  395.21800
2011    2  396.32019
2011    3  397.76528
2011    4  398.74180
2011    5  398.04602
2011    6  394.24715
2011    7  386.71235
2011    8  383.74809
2011    9  385.04260
2011   10  391.19614
2011   11  394.57166
2011   12  396.35142
2012    1  397.39444
2012    2  398.40234
2012    3  399.39268
2012    4  400.57214
2012    5  400.49246
2012    6  396.14542
2012    7  390.50166
2012    8  385.49030
2012    9  387.41675
2012   10  392.57409
2012   11  396.53858
2012   12  398.44940
2013    1  399.33212
2013    2  400.95040
2013    3  402.72457
2013    4  402.74378
2013    5  402.57428
2013    6  399.03066
2013    7  390.53880
2013    8  388.48165
2013    9  389.58745
2013   10  395.60275
2013   11  398.74236
2013   12  400.88923
2014    1  402.42536
2014    2  403.63229
2014    3  404.62628
2014    4  405.43886
2014    5  404.81842
2014    6  401.16758
2014    7  394.56543
2014    8  389.64389
2014    9  391.14233
2014   10  396.48579
2014   11  401.06266
2014   12  402.78782
2015    1  403.78590
2015    2  404.93105
2015    3  407.03078
2015    4  407.69929
2015    5  407.12830
2015    6  403.44783
2015    7  396.74176
2015    8  392.22973
2015    9  394.28464
2015   10  399.34277
2015   11  403.70072
2015   12  406.03356
2016    1  407.20485
2016    2  408.37270
2016    3  409.71625
2016    4  410.24311
2016    5  409.87812
2016    6  405.58906
2016    7  401.02520
2016    8  396.97081
2016    9  397.38065
2016   10  404.03218
2016   11  407.02650
2016   12  409.58053
2017    1  410.65857
2017    2  411.58812
2017    3  412.59243
2017    4  414.08240
2017    5  413.40312
2017    6  409.16368
2017    7  403.24777
2017    8  398.69337
2017    9  399.50563
2017   10  404.89662
2017   11  408.84537
2017   12  411.44056
