yy mm co2
2000    1  369.82910
2000    2  368.72501
2000    3  369.17091
2000    4  370.13902
2000    5  371.87626
2000    6  369.73794
2000    7  369.28401
2000    8  370.46449
2000    9  368.68840
2000   10  370.08384
2000   11  370.66633
2000   12  370.15250
2001    1  369.96783
2001    2  370.21225
2001    3  369.86367
2001    4  371.12611
2001    5  373.49956
2001    6  370.43271
2001    7  374.22928
2001    8  371.73263
2001    9  370.99543
2001   10  371.38502
2001   11  372.29629
2001   12  373.49440
2002    1  375.43970
2002    2  375.22434
2002    3  371.79218
2002    4  373.81164
2002    5  375.74419
2002    6  373.75279
2002    7  371.65632
2002    8  373.39231
2002    9  374.44688
2002   10  373.95817
2002   11  373.97107
2002   12  376.20845
2003    1  374.43452
2003    2  375.76069
2003    3  374.80303
2003    4  376.24067
2003    5  376.86009
2003    6  377.67194
2003    7  376.84146
2003    8  377.00296
2003    9  375.29011
2003   10  376.27120
2003   11  375.86709
2003   12  376.99920
2004    1  380.17976
2004    2  378.23324
2004    3  376.49382
2004    4  377.01361
2004    5  379.71596
2004    6  377.68882
2004    7  377.31984
2004    8  378.66004
2004    9  378.42954
2004   10  378.40128
2004   11  377.40101
2004   12  379.47035
2005    1  380.14585
2005    2  379.87213
2005    3  378.04645
2005    4  378.42445
2005    5  384.85520
2005    6  380.58593
2005    7  379.89431
2005    8  380.18942
2005    9  379.56799
2005   10  380.80796
2005   11  380.24600
2005   12  380.82624
2006    1  381.69808
2006    2  379.96157
2006    3  380.82679
2006    4  381.88818
2006    5  381.22403
2006    6  380.31265
2006    7  382.75876
2006    8  380.75421
2006    9  380.64556
2006   10  380.49262
2006   11  382.15870
2006   12  382.14307
2007    1  383.40793
2007    2  381.71298
2007    3  383.07635
2007    4  382.74203
2007    5  384.53718
2007    6  387.92219
2007    7  387.10691
2007    8  384.15406
2007    9  383.90292
2007   10  383.04125
2007   11  384.28034
2007   12  383.50091
2008    1  385.28728
2008    2  387.64803
2008    3  383.77588
2008    4  385.76472
2008    5  385.83440
2008    6  387.45697
2008    7  385.39886
2008    8  385.13134
2008    9  384.98442
2008   10  384.90977
2008   11  386.83569
2008   12  386.50035
2009    1  385.80917
2009    2  387.38010
2009    3  386.72556
2009    4  389.45166
2009    5  388.35756
2009    6  387.21567
2009    7  388.20563
2009    8  387.87760
2009    9  388.39167
2009   10  386.62174
2009   11  387.79504
2009   12  388.17647
2010    1  388.60794
2010    2  388.21783
2010    3  387.42169
2010    4  389.45986
2010    5  394.18589
2010    6  389.80777
2010    7  389.41478
2010    8  389.93437
2010    9  390.63525
2010   10  389.62552
2010   11  390.54715
2010   12  389.85422
2011    1  391.31791
2011    2  391.28991
2011    3  391.10825
2011    4  393.49656
2011    5  392.58914
2011    6  392.00688
2011    7  391.64198
2011    8  391.18106
2011    9  391.59885
2011   10  390.78176
2011   11  390.03513
2011   12  392.82048
2012    1  393.47849
2012    2  396.19941
2012    3  393.62413
2012    4  394.95359
2012    5  395.01922
2012    6  395.15411
2012    7  393.07948
2012    8  396.93859
2012    9  393.26018
2012   10  393.62098
2012   11  392.94342
2012   12  394.79873
2013    1  396.31329
2013    2  396.78626
2013    3  393.75713
2013    4  397.14642
2013    5  400.35674
2013    6  402.83991
2013    7  396.56778
2013    8  396.85855
2013    9  396.48748
2013   10  395.78124
2013   11  399.02006
2013   12  397.46819
2014    1  397.54328
2014    2  398.97047
2014    3  396.22883
2014    4  400.79703
2014    5  399.69166
2014    6  399.31570
2014    7  398.29474
2014    8  399.39993
2014    9  399.21846
2014   10  398.14398
2014   11  397.39607
2014   12  398.63121
2015    1  399.06931
2015    2  397.74360
2015    3  397.74866
2015    4  400.12904
2015    5  402.84079
2015    6  401.28126
2015    7  401.01781
2015    8  401.31045
2015    9  400.13302
2015   10  399.92106
2015   11  401.60157
2015   12  400.87686
2016    1  402.63066
2016    2  404.18975
2016    3  400.90244
2016    4  401.45882
2016    5  407.26279
2016    6  410.43173
2016    7  407.57333
2016    8  405.07439
2016    9  404.75655
2016   10  403.29635
2016   11  402.00682
2016   12  403.47452
2017    1  404.27485
2017    2  404.11859
2017    3  405.28068
2017    4  408.15145
2017    5  412.07328
2017    6  406.63587
2017    7  405.18210
2017    8  405.21077
2017    9  404.85733
2017   10  406.54786
2017   11  405.56843
2017   12  406.63121
