yy mm co2
2000    1  366.75736
2000    2  366.96118
2000    3  366.91313
2000    4  366.90506
2000    5  366.87209
2000    6  367.19791
2000    7  367.36456
2000    8  367.81901
2000    9  367.73930
2000   10  368.07961
2000   11  368.07632
2000   12  367.69157
2001    1  367.60952
2001    2  367.76546
2001    3  367.48682
2001    4  367.78732
2001    5  368.20784
2001    6  368.64413
2001    7  368.94504
2001    8  369.62327
2001    9  369.69516
2001   10  369.57569
2001   11  369.49079
2001   12  369.22423
2002    1  369.19245
2002    2  369.51381
2002    3  369.96431
2002    4  369.83998
2002    5  370.33600
2002    6  370.88463
2002    7  370.90637
2002    8  371.50001
2002    9  371.85533
2002   10  371.95001
2002   11  371.90184
2002   12  371.90996
2003    1  372.07190
2003    2  372.09125
2003    3  372.43127
2003    4  372.62365
2003    5  372.84306
2003    6  373.03849
2003    7  373.52723
2003    8  373.84988
2003    9  373.58989
2003   10  373.95392
2003   11  374.05896
2003   12  374.01784
2004    1  373.84409
2004    2  374.48038
2004    3  374.31510
2004    4  374.34479
2004    5  374.81572
2004    6  375.29107
2004    7  375.64841
2004    8  375.92417
2004    9  375.60309
2004   10  375.80519
2004   11  375.56290
2004   12  375.66724
2005    1  375.68196
2005    2  375.81829
2005    3  375.97597
2005    4  376.10909
2005    5  376.93096
2005    6  377.16786
2005    7  377.44155
2005    8  377.55113
2005    9  377.93076
2005   10  377.93562
2005   11  377.94950
2005   12  377.84781
2006    1  378.10305
2006    2  378.59657
2006    3  378.53091
2006    4  378.73344
2006    5  378.72695
2006    6  378.89069
2006    7  378.90507
2006    8  379.21796
2006    9  379.37821
2006   10  379.48808
2006   11  379.47239
2006   12  379.37259
2007    1  379.61348
2007    2  380.09082
2007    3  380.09888
2007    4  380.08665
2007    5  380.63937
2007    6  381.17857
2007    7  381.21559
2007    8  381.36769
2007    9  381.68562
2007   10  381.86251
2007   11  382.00151
2007   12  381.95835
2008    1  382.37628
2008    2  382.34933
2008    3  382.63589
2008    4  382.34229
2008    5  382.55058
2008    6  382.90207
2008    7  383.11482
2008    8  382.94072
2008    9  383.30763
2008   10  383.57882
2008   11  383.45542
2008   12  383.40228
2009    1  383.29777
2009    2  384.12018
2009    3  383.80158
2009    4  383.83031
2009    5  383.97274
2009    6  384.20130
2009    7  384.51664
2009    8  384.91897
2009    9  385.25678
2009   10  385.13989
2009   11  385.29388
2009   12  385.03253
2010    1  384.98754
2010    2  385.28035
2010    3  385.27820
2010    4  385.42680
2010    5  385.92480
2010    6  386.65297
2010    7  386.85510
2010    8  387.20394
2010    9  387.02384
2010   10  387.56823
2010   11  387.37649
2010   12  387.42519
2011    1  387.94882
2011    2  387.89498
2011    3  387.92621
2011    4  387.60001
2011    5  387.71331
2011    6  388.23942
2011    7  388.46600
2011    8  388.93631
2011    9  388.94214
2011   10  388.90759
2011   11  388.69781
2011   12  388.74315
2012    1  388.80931
2012    2  388.86003
2012    3  389.32794
2012    4  389.48891
2012    5  389.83519
2012    6  390.40577
2012    7  390.62527
2012    8  391.43889
2012    9  391.33412
2012   10  391.42033
2012   11  391.24180
2012   12  391.07850
2013    1  391.32845
2013    2  391.56649
2013    3  392.16306
2013    4  392.40441
2013    5  392.83858
2013    6  393.46371
2013    7  393.80841
2013    8  394.02931
2013    9  394.14020
2013   10  394.18435
2013   11  394.18528
2013   12  394.00905
2014    1  394.39101
2014    2  394.93336
2014    3  394.26915
2014    4  394.70414
2014    5  394.78921
2014    6  395.27874
2014    7  395.63424
2014    8  396.02153
2014    9  395.97039
2014   10  395.84652
2014   11  395.80197
2014   12  395.56122
2015    1  395.66171
2015    2  396.07671
2015    3  396.53361
2015    4  396.27519
2015    5  396.79703
2015    6  397.31243
2015    7  397.68711
2015    8  398.35565
2015    9  398.24843
2015   10  398.25536
2015   11  398.27960
2015   12  398.50306
2016    1  398.74436
2016    2  398.67152
2016    3  398.96989
2016    4  399.18814
2016    5  400.02519
2016    6  400.71679
2016    7  401.38650
2016    8  401.55585
2016    9  401.61281
2016   10  401.71776
2016   11  401.41706
2016   12  401.16018
2017    1  401.27867
2017    2  401.09141
2017    3  401.85047
2017    4  401.91572
2017    5  402.16889
2017    6  402.79841
2017    7  403.21227
2017    8  403.01611
2017    9  403.46864
2017   10  403.58302
2017   11  403.57138
2017   12  403.36497
