yy mm co2
2000    1  373.12202
2000    2  374.25934
2000    3  374.51295
2000    4  375.24366
2000    5  374.13856
2000    6  371.32922
2000    7  365.55645
2000    8  361.81443
2000    9  364.46779
2000   10  368.19253
2000   11  371.99521
2000   12  373.77977
2001    1  375.85068
2001    2  376.24963
2001    3  377.49956
2001    4  377.05994
2001    5  375.19532
2001    6  372.18365
2001    7  367.02317
2001    8  363.52975
2001    9  365.36061
2001   10  370.37191
2001   11  371.93464
2001   12  375.78063
2002    1  376.55316
2002    2  376.91763
2002    3  378.42939
2002    4  378.81563
2002    5  376.96402
2002    6  372.93404
2002    7  368.77289
2002    8  365.88599
2002    9  367.07747
2002   10  371.44835
2002   11  376.51969
2002   12  379.42870
2003    1  378.03463
2003    2  382.18079
2003    3  382.15573
2003    4  382.55271
2003    5  380.33191
2003    6  376.68413
2003    7  372.53345
2003    8  368.37661
2003    9  369.82429
2003   10  373.87945
2003   11  379.63429
2003   12  379.78511
2004    1  380.62295
2004    2  381.53050
2004    3  383.41168
2004    4  383.29480
2004    5  381.17918
2004    6  378.63202
2004    7  374.48015
2004    8  368.83916
2004    9  370.11906
2004   10  376.33826
2004   11  378.62919
2004   12  381.38792
2005    1  382.27660
2005    2  383.49812
2005    3  384.84615
2005    4  385.53966
2005    5  384.30287
2005    6  381.03186
2005    7  375.95190
2005    8  370.73146
2005    9  373.08520
2005   10  378.17919
2005   11  381.32997
2005   12  384.62071
2006    1  385.65393
2006    2  386.91104
2006    3  388.28663
2006    4  387.38354
2006    5  386.30562
2006    6  384.02173
2006    7  378.53414
2006    8  374.39773
2006    9  378.40637
2006   10  380.94111
2006   11  383.51436
2006   12  386.83132
2007    1  386.65303
2007    2  389.49450
2007    3  389.40355
2007    4  388.48922
2007    5  387.73305
2007    6  384.57799
2007    7  378.53414
2007    8  374.10177
2007    9  375.84573
2007   10  382.26761
2007   11  385.25526
2007   12  388.85971
2008    1  389.73443
2008    2  391.41075
2008    3  391.73814
2008    4  392.54344
2008    5  390.24762
2008    6  386.62928
2008    7  381.26542
2008    8  377.35110
2008    9  379.43042
2008   10  382.09124
2008   11  387.11357
2008   12  390.13042
2009    1  391.18002
2009    2  391.41296
2009    3  393.08076
2009    4  393.29915
2009    5  391.61037
2009    6  388.53055
2009    7  381.72034
2009    8  378.83443
2009    9  378.83315
2009   10  385.50241
2009   11  390.22870
2009   12  391.80738
2010    1  394.49596
2010    2  396.47194
2010    3  394.60551
2010    4  395.09524
2010    5  393.77451
2010    6  390.45472
2010    7  385.31946
2010    8  380.84362
2010    9  384.03718
2010   10  388.88771
2010   11  392.63448
2010   12  395.19134
2011    1  394.89137
2011    2  398.18577
2011    3  397.41912
2011    4  397.39950
2011    5  395.73474
2011    6  392.93413
2011    7  386.56130
2011    8  382.08780
2011    9  384.72313
2011   10  389.30762
2011   11  396.54953
2011   12  395.80549
2012    1  397.27363
2012    2  397.68626
2012    3  398.88741
2012    4  399.72254
2012    5  397.05815
2012    6  395.63642
2012    7  388.43881
2012    8  385.00511
2012    9  386.75510
2012   10  392.43081
2012   11  395.67021
2012   12  399.80814
2013    1  400.96635
2013    2  403.21282
2013    3  402.34911
2013    4  402.49655
2013    5  400.48864
2013    6  398.15798
2013    7  392.32065
2013    8  387.95327
2013    9  389.79322
2013   10  394.70129
2013   11  397.82145
2013   12  400.57965
2014    1  404.30966
2014    2  404.43474
2014    3  404.69025
2014    4  403.91766
2014    5  402.24992
2014    6  399.11448
2014    7  392.74729
2014    8  389.55532
2014    9  391.73511
2014   10  396.11707
2014   11  403.08942
2014   12  401.95885
2015    1  403.73084
2015    2  405.69765
2015    3  407.00348
2015    4  406.18001
2015    5  404.79674
2015    6  401.92963
2015    7  395.21579
2015    8  391.67231
2015    9  393.96706
2015   10  399.61131
2015   11  403.27312
2015   12  405.23830
2016    1  407.97700
2016    2  408.57782
2016    3  408.72861
2016    4  409.62183
2016    5  406.89975
2016    6  404.04173
2016    7  399.16034
2016    8  395.26544
2016    9  397.67937
2016   10  402.83677
2016   11  406.64614
2016   12  408.80384
2017    1  410.57615
2017    2  413.31837
2017    3  412.77776
2017    4  412.91933
2017    5  410.32935
2017    6  407.88032
2017    7  401.72378
2017    8  397.54971
2017    9  400.33698
2017   10  404.42284
2017   11  408.60104
2017   12  410.27929
