yy mm co2
2000    1  376.31550
2000    2  378.19819
2000    3  376.53497
2000    4  375.90705
2000    5  375.57396
2000    6  374.18894
2000    7  372.93037
2000    8  371.34171
2000    9  370.31763
2000   10  368.34643
2000   11  376.32565
2000   12  378.66668
2001    1  377.05290
2001    2  375.42608
2001    3  378.22090
2001    4  377.75346
2001    5  376.64486
2001    6  375.88557
2001    7  373.36088
2001    8  373.31571
2001    9  371.94061
2001   10  372.87606
2001   11  373.92229
2001   12  376.84618
2002    1  378.51743
2002    2  383.60470
2002    3  379.78584
2002    4  378.53734
2002    5  378.47666
2002    6  377.83736
2002    7  376.50560
2002    8  375.70094
2002    9  372.96876
2002   10  378.38062
2002   11  380.77132
2002   12  382.72867
2003    1  388.09792
2003    2  384.64647
2003    3  383.49759
2003    4  383.11994
2003    5  381.00776
2003    6  380.34251
2003    7  378.19071
2003    8  376.90069
2003    9  376.66925
2003   10  380.23115
2003   11  377.94915
2003   12  385.69883
2004    1  384.70014
2004    2  386.58580
2004    3  384.19524
2004    4  384.52793
2004    5  382.70219
2004    6  382.27838
2004    7  381.22517
2004    8  378.04607
2004    9  375.28234
2004   10  375.97629
2004   11  383.76043
2004   12  386.77017
2005    1  383.81497
2005    2  386.11249
2005    3  387.82691
2005    4  386.92006
2005    5  384.17932
2005    6  383.52553
2005    7  383.09075
2005    8  380.11660
2005    9  382.92658
2005   10  384.40037
2005   11  386.04651
2005   12  392.86548
2006    1  387.94696
2006    2  390.21613
2006    3  388.80800
2006    4  389.65061
2006    5  388.95017
2006    6  386.71723
2006    7  383.92170
2006    8  382.16540
2006    9  381.67965
2006   10  382.28102
2006   11  390.00803
2006   12  387.18202
2007    1  388.65305
2007    2  392.59330
2007    3  389.05293
2007    4  390.76351
2007    5  389.35631
2007    6  388.44300
2007    7  387.23071
2007    8  385.70707
2007    9  386.61639
2007   10  388.17243
2007   11  392.00461
2007   12  389.69028
2008    1  391.82982
2008    2  393.31475
2008    3  393.43844
2008    4  393.09566
2008    5  393.17933
2008    6  390.69075
2008    7  388.96743
2008    8  387.66957
2008    9  384.84103
2008   10  389.85218
2008   11  399.70921
2008   12  392.78323
2009    1  394.52632
2009    2  393.64287
2009    3  392.63780
2009    4  394.41648
2009    5  392.53588
2009    6  392.37176
2009    7  392.09568
2009    8  389.97855
2009    9  389.68751
2009   10  389.84563
2009   11  398.51738
2009   12  393.93795
2010    1  395.22414
2010    2  396.26259
2010    3  398.70414
2010    4  396.48698
2010    5  396.81394
2010    6  397.04997
2010    7  391.47062
2010    8  388.22962
2010    9  383.73878
2010   10  388.76297
2010   11  394.56581
2010   12  401.17250
2011    1  398.63531
2011    2  397.83632
2011    3  398.75225
2011    4  395.32955
2011    5  397.48469
2011    6  395.32926
2011    7  394.85583
2011    8  393.42631
2011    9  395.64460
2011   10  396.91068
2011   11  396.08468
2011   12  400.71656
2012    1  397.58621
2012    2  399.17097
2012    3  398.53220
2012    4  399.96204
2012    5  399.98360
2012    6  397.40658
2012    7  395.96454
2012    8  394.69864
2012    9  402.64265
2012   10  400.33148
2012   11  399.56599
2012   12  401.38245
2013    1  404.70020
2013    2  401.82125
2013    3  404.76272
2013    4  402.69585
2013    5  404.78513
2013    6  401.43909
2013    7  399.23898
2013    8  396.77144
2013    9  395.95901
2013   10  399.91378
2013   11  398.34005
2013   12  402.30816
2014    1  404.36297
2014    2  407.58806
2014    3  406.53560
2014    4  406.09608
2014    5  403.45185
2014    6  405.17302
2014    7  401.64133
2014    8  399.67106
2014    9  398.41532
2014   10  400.29635
2014   11  407.16087
2014   12  400.30383
2015    1  407.84295
2015    2  406.47894
2015    3  406.67836
2015    4  406.13866
2015    5  405.13533
2015    6  404.73108
2015    7  403.25947
2015    8  401.23684
2015    9  400.33768
2015   10  399.91547
2015   11  403.62281
2015   12  406.85671
2016    1  412.06111
2016    2  408.85026
2016    3  412.79299
2016    4  411.13910
2016    5  409.81840
2016    6  410.34541
2016    7  406.86398
2016    8  407.24367
2016    9  407.94394
2016   10  407.34815
2016   11  410.85895
2016   12  410.91058
2017    1  411.13779
2017    2  413.55245
2017    3  412.72942
2017    4  412.73524
2017    5  411.97002
2017    6  410.44649
2017    7  408.05415
2017    8  406.29358
2017    9  409.11237
2017   10  407.06422
2017   11  413.92961
2017   12  413.60979
