yy mm co2
2000    1  372.48374
2000    2  376.23878
2000    3  375.17140
2000    4  374.77951
2000    5  375.20053
2000    6  371.89657
2000    7  367.99867
2000    8  364.75569
2000    9  371.10192
2000   10  370.33716
2000   11  375.76575
2000   12  381.14339
2001    1  380.52103
2001    2  376.87004
2001    3  378.06664
2001    4  377.60270
2001    5  377.83611
2001    6  373.93594
2001    7  369.18104
2001    8  369.34917
2001    9  373.04484
2001   10  375.37189
2001   11  372.44841
2001   12  375.09069
2002    1  379.66267
2002    2  377.68815
2002    3  378.55067
2002    4  380.90980
2002    5  378.98813
2002    6  375.05254
2002    7  372.21337
2002    8  371.76206
2002    9  374.59045
2002   10  375.62943
2002   11  377.55226
2002   12  377.59083
2003    1  373.09222
2003    2  381.77799
2003    3  380.98032
2003    4  381.33000
2003    5  383.41960
2003    6  382.69555
2003    7  377.20514
2003    8  373.78518
2003    9  377.87101
2003   10  377.86210
2003   11  381.93684
2003   12  382.36129
2004    1  383.07818
2004    2  381.72022
2004    3  385.70509
2004    4  385.00567
2004    5  383.19005
2004    6  380.15220
2004    7  377.75654
2004    8  375.12530
2004    9  373.36632
2004   10  379.05341
2004   11  383.01543
2004   12  386.53368
2005    1  383.80394
2005    2  387.97202
2005    3  385.34348
2005    4  385.66484
2005    5  385.96074
2005    6  383.47385
2005    7  379.18039
2005    8  376.46503
2005    9  375.74780
2005   10  382.66837
2005   11  384.39728
2005   12  386.93706
2006    1  386.49427
2006    2  388.38072
2006    3  387.05912
2006    4  388.00130
2006    5  391.29981
2006    6  389.30148
2006    7  384.17382
2006    8  376.56576
2006    9  382.07133
2006   10  383.00350
2006   11  383.49818
2006   12  390.63426
2007    1  396.72860
2007    2  392.59502
2007    3  390.79922
2007    4  392.55235
2007    5  390.80385
2007    6  387.04765
2007    7  384.42275
2007    8  378.48638
2007    9  381.72584
2007   10  389.85832
2007   11  394.34581
2007   12  388.72319
2008    1  390.25690
2008    2  389.72328
2008    3  390.50961
2008    4  394.34843
2008    5  391.99230
2008    6  390.26607
2008    7  385.06999
2008    8  382.09191
2008    9  381.59886
2008   10  389.84872
2008   11  395.32312
2008   12  396.52959
2009    1  394.90228
2009    2  392.64618
2009    3  391.15705
2009    4  392.40826
2009    5  392.54405
2009    6  389.61557
2009    7  384.07516
2009    8  384.67211
2009    9  389.71304
2009   10  389.58731
2009   11  391.39751
2009   12  401.30274
2010    1  397.98277
2010    2  396.73291
2010    3  396.16309
2010    4  396.57947
2010    5  395.08461
2010    6  392.52566
2010    7  388.27100
2010    8  384.87112
2010    9  389.79575
2010   10  392.36862
2010   11  396.41507
2010   12  395.44472
2011    1  404.10124
2011    2  397.74840
2011    3  397.22468
2011    4  398.17311
2011    5  398.41858
2011    6  395.25185
2011    7  390.07817
2011    8  386.45754
2011    9  387.13671
2011   10  406.62716
2011   11  398.89038
2011   12  403.08386
2012    1  400.96149
2012    2  403.77319
2012    3  399.13086
2012    4  400.86778
2012    5  400.11827
2012    6  396.30476
2012    7  392.14137
2012    8  388.67848
2012    9  389.93495
2012   10  397.76476
2012   11  400.68693
2012   12  398.55586
2013    1  401.35026
2013    2  399.76570
2013    3  396.98303
2013    4  402.54203
2013    5  402.74320
2013    6  400.32223
2013    7  394.22835
2013    8  391.16986
2013    9  392.20523
2013   10  407.71117
2013   11  404.17811
2013   12  411.08215
2014    1  411.10406
2014    2  402.68814
2014    3  403.52266
2014    4  402.55004
2014    5  405.60137
2014    6  402.94367
2014    7  397.61010
2014    8  392.44193
2014    9  389.16554
2014   10  401.09281
2014   11  411.31084
2014   12  403.52906
2015    1  430.04664
2015    2  415.67179
2015    3  407.34262
2015    4  407.58960
2015    5  405.03690
2015    6  403.01547
2015    7  401.63516
2015    8  398.72117
2015    9  397.39578
2015   10  403.73628
2015   11  408.29892
2015   12  405.25582
2016    1  406.64920
2016    2  408.50486
2016    3  409.60332
2016    4  417.22995
2016    5  409.50335
2016    6  407.08715
2016    7  401.97719
2016    8  396.52281
2016    9  399.87211
2016   10  405.36499
2016   11  407.88308
2016   12  413.18330
2017    1  416.42314
2017    2  411.29068
2017    3  411.78640
2017    4  414.77362
2017    5  413.57495
2017    6  410.45377
2017    7  404.55288
2017    8  405.40801
2017    9  407.36634
2017   10  408.93548
2017   11  412.55372
2017   12  426.99979
