yy mm co2
2000    1  372.88744
2000    2  374.32244
2000    3  373.71099
2000    4  373.90372
2000    5  373.45005
2000    6  371.84407
2000    7  368.81125
2000    8  367.22605
2000    9  366.34237
2000   10  368.47041
2000   11  371.41485
2000   12  372.46459
2001    1  374.10558
2001    2  374.55637
2001    3  375.96229
2001    4  376.64297
2001    5  374.50940
2001    6  372.34294
2001    7  370.64790
2001    8  368.89839
2001    9  367.38982
2001   10  369.11102
2001   11  372.42091
2001   12  373.68783
2002    1  375.29189
2002    2  376.31832
2002    3  376.75415
2002    4  376.53794
2002    5  376.57336
2002    6  375.19072
2002    7  372.81172
2002    8  370.53300
2002    9  369.97217
2002   10  372.38820
2002   11  374.95553
2002   12  376.51652
2003    1  377.84161
2003    2  378.48909
2003    3  378.56188
2003    4  379.62524
2003    5  378.82550
2003    6  377.61719
2003    7  376.71419
2003    8  372.84460
2003    9  372.20513
2003   10  374.64162
2003   11  377.07289
2003   12  379.39576
2004    1  380.40921
2004    2  381.49775
2004    3  382.43798
2004    4  382.37814
2004    5  380.81917
2004    6  379.97260
2004    7  377.34423
2004    8  374.64994
2004    9  372.88078
2004   10  376.27044
2004   11  379.88360
2004   12  380.49277
2005    1  382.08146
2005    2  382.64380
2005    3  384.27638
2005    4  384.56227
2005    5  383.66992
2005    6  381.04624
2005    7  379.47635
2005    8  375.91570
2005    9  375.98360
2005   10  378.32704
2005   11  380.65412
2005   12  384.07455
2006    1  384.41236
2006    2  386.12241
2006    3  387.17000
2006    4  386.14433
2006    5  385.34999
2006    6  384.24961
2006    7  381.96810
2006    8  378.52288
2006    9  378.73644
2006   10  380.78858
2006   11  383.07393
2006   12  385.58067
2007    1  386.74555
2007    2  387.79757
2007    3  388.23465
2007    4  388.68980
2007    5  386.92256
2007    6  383.87385
2007    7  383.19771
2007    8  380.78814
2007    9  379.73706
2007   10  382.99616
2007   11  385.57503
2007   12  386.75309
2008    1  388.06224
2008    2  388.58486
2008    3  390.71593
2008    4  390.58205
2008    5  389.80087
2008    6  387.55446
2008    7  385.74031
2008    8  384.37918
2008    9  382.21883
2008   10  383.82103
2008   11  386.67352
2008   12  388.48867
2009    1  389.44179
2009    2  391.01994
2009    3  391.50444
2009    4  392.88405
2009    5  391.10097
2009    6  389.12211
2009    7  387.40155
2009    8  383.45897
2009    9  383.48851
2009   10  386.02529
2009   11  387.82097
2009   12  390.48743
2010    1  392.52837
2010    2  393.57846
2010    3  394.48752
2010    4  394.46709
2010    5  392.74525
2010    6  390.58333
2010    7  388.64475
2010    8  386.23167
2010    9  385.70300
2010   10  389.06661
2010   11  392.13107
2010   12  394.37274
2011    1  394.93435
2011    2  395.43974
2011    3  396.82171
2011    4  396.47316
2011    5  395.38174
2011    6  392.75998
2011    7  391.10243
2011    8  389.99654
2011    9  388.38017
2011   10  390.24901
2011   11  392.63471
2011   12  395.13892
2012    1  395.76140
2012    2  396.83600
2012    3  397.60958
2012    4  398.14675
2012    5  396.73733
2012    6  394.35652
2012    7  393.20337
2012    8  391.80965
2012    9  390.13909
2012   10  393.29709
2012   11  394.94227
2012   12  397.82087
2013    1  399.29518
2013    2  399.67362
2013    3  401.56688
2013    4  400.73995
2013    5  400.34528
2013    6  398.71395
2013    7  397.06781
2013    8  392.63070
2013    9  392.69464
2013   10  394.96442
2013   11  398.09928
2013   12  399.85159
2014    1  400.61548
2014    2  401.40026
2014    3  403.11040
2014    4  403.16203
2014    5  402.30772
2014    6  399.84359
2014    7  397.88298
2014    8  394.49817
2014    9  394.90050
2014   10  397.48350
2014   11  399.32574
2014   12  402.13816
2015    1  403.10304
2015    2  403.79661
2015    3  405.33888
2015    4  405.21982
2015    5  404.12642
2015    6  401.89238
2015    7  400.31495
2015    8  398.17751
2015    9  396.65547
2015   10  398.71057
2015   11  402.65385
2015   12  404.50657
2016    1  405.91470
2016    2  406.69032
2016    3  408.32267
2016    4  407.80526
2016    5  407.07531
2016    6  404.45739
2016    7  402.69821
2016    8  400.90160
2016    9  400.31262
2016   10  402.15737
2016   11  406.93334
2016   12  408.26149
2017    1  409.55827
2017    2  409.86610
2017    3  411.54478
2017    4  412.28533
2017    5  409.84605
2017    6  408.09507
2017    7  405.98598
2017    8  402.92667
2017    9  401.82358
2017   10  404.50756
2017   11  407.24833
2017   12  410.06046
