yy mm co2
2000    1  382.35995
2000    2  383.97656
2000    3  376.96402
2000    4  381.14752
2000    5  377.35255
2000    6  372.32292
2000    7  374.77518
2000    8  356.24148
2000    9  373.44851
2000   10  380.11483
2000   11  378.01528
2000   12  384.13244
2001    1  391.70755
2001    2  384.01218
2001    3  384.14635
2001    4  385.38614
2001    5  380.74810
2001    6  382.75964
2001    7  373.42840
2001    8  385.45555
2001    9  385.47339
2001   10  382.28111
2001   11  387.24858
2001   12  389.58297
2002    1  388.23939
2002    2  384.86763
2002    3  389.13920
2002    4  391.67935
2002    5  384.71509
2002    6  379.30530
2002    7  367.60780
2002    8  379.61095
2002    9  391.08025
2002   10  380.39195
2002   11  385.98393
2002   12  385.73024
2003    1  384.91041
2003    2  392.10956
2003    3  390.97670
2003    4  389.49895
2003    5  386.21741
2003    6  388.63471
2003    7  380.54425
2003    8  393.39522
2003    9  382.20707
2003   10  376.68311
2003   11  397.73024
2003   12  388.31658
2004    1  388.50310
2004    2  390.54878
2004    3  391.05685
2004    4  394.95222
2004    5  386.75600
2004    6  380.43168
2004    7  363.66051
2004    8  389.00055
2004    9  397.10297
2004   10  395.68287
2004   11  397.63679
2004   12  392.25660
2005    1  393.84636
2005    2  401.37838
2005    3  388.83110
2005    4  390.81933
2005    5  389.85207
2005    6  393.76778
2005    7  381.20413
2005    8  386.69005
2005    9  396.66987
2005   10  395.72772
2005   11  391.22853
2005   12  396.27886
2006    1  402.86945
2006    2  393.97660
2006    3  390.30510
2006    4  391.52935
2006    5  391.88933
2006    6  389.70620
2006    7  390.98866
2006    8  395.57251
2006    9  410.48761
2006   10  400.65256
2006   11  405.97352
2006   12  395.36090
2007    1  397.38830
2007    2  396.46769
2007    3  396.55733
2007    4  397.85766
2007    5  392.40537
2007    6  391.15301
2007    7  383.75109
2007    8  387.55109
2007    9  399.15240
2007   10  409.08688
2007   11  395.32338
2007   12  397.83039
2008    1  399.19594
2008    2  399.03549
2008    3  396.79106
2008    4  395.62889
2008    5  397.06854
2008    6  396.40738
2008    7  386.97739
2008    8  398.62189
2008    9  410.32719
2008   10  392.16908
2008   11  399.06197
2008   12  397.95600
2009    1  400.96365
2009    2  398.70077
2009    3  394.84343
2009    4  405.01906
2009    5  398.83793
2009    6  397.31659
2009    7  390.42899
2009    8  396.20092
2009    9  394.18382
2009   10  390.11295
2009   11  395.77702
2009   12  397.18868
2010    1  401.38961
2010    2  398.64049
2010    3  405.37823
2010    4  398.42504
2010    5  397.75943
2010    6  389.28003
2010    7  384.71524
2010    8  390.68484
2010    9  393.40323
2010   10  395.46672
2010   11  397.23483
2010   12  409.42398
2011    1  410.17047
2011    2  412.84360
2011    3  404.46859
2011    4  409.23335
2011    5  403.56640
2011    6  399.48049
2011    7  406.89544
2011    8  384.97761
2011    9  411.76390
2011   10  420.58100
2011   11  413.98380
2011   12  411.74577
2012    1  407.68422
2012    2  405.67305
2012    3  409.21179
2012    4  404.60849
2012    5  403.40979
2012    6  404.64802
2012    7  392.82846
2012    8  408.55454
2012    9  401.95021
2012   10  405.68211
2012   11  401.36924
2012   12  409.12154
2013    1  407.70601
2013    2  410.75013
2013    3  409.07238
2013    4  409.93546
2013    5  413.50487
2013    6  413.10125
2013    7  395.55263
2013    8  402.86969
2013    9  410.45761
2013   10  419.47735
2013   11  409.08752
2013   12  412.53801
2014    1  412.82532
2014    2  418.20548
2014    3  411.50209
2014    4  412.81959
2014    5  405.64768
2014    6  399.36500
2014    7  395.34652
2014    8  402.56791
2014    9  410.20397
2014   10  412.84764
2014   11  410.15400
2014   12  411.10523
2015    1  410.53517
2015    2  418.01174
2015    3  416.91115
2015    4  414.82932
2015    5  407.14259
2015    6  410.19972
2015    7  404.13055
2015    8  396.69310
2015    9  409.95993
2015   10  406.55062
2015   11  415.75966
2015   12  427.88865
2016    1  419.45762
2016    2  416.65975
2016    3  423.35200
2016    4  417.09238
2016    5  419.36192
2016    6  403.15322
2016    7  409.23050
2016    8  403.73061
2016    9  415.64030
2016   10  413.35498
2016   11  420.85486
2016   12  416.44831
2017    1  420.16609
2017    2  419.45837
2017    3  424.91002
2017    4  427.84258
2017    5  417.31211
2017    6  420.06533
2017    7  410.01893
2017    8  406.39500
2017    9  420.06560
2017   10  417.60234
2017   11  423.64848
2017   12  425.21532
