yy mm co2
2000    1  374.86668
2000    2  375.56863
2000    3  375.28912
2000    4  374.34386
2000    5  373.34068
2000    6  370.24551
2000    7  369.25258
2000    8  366.50806
2000    9  367.20236
2000   10  369.48817
2000   11  370.75204
2000   12  373.39597
2001    1  374.63108
2001    2  376.21096
2001    3  375.07285
2001    4  376.19434
2001    5  374.85894
2001    6  372.53328
2001    7  368.94047
2001    8  368.10312
2001    9  368.48031
2001   10  370.73469
2001   11  372.79495
2001   12  375.43918
2002    1  377.03020
2002    2  376.96684
2002    3  377.51425
2002    4  377.87075
2002    5  376.50383
2002    6  373.59376
2002    7  371.44253
2002    8  369.83204
2002    9  370.46373
2002   10  372.99027
2002   11  374.98481
2002   12  377.60739
2003    1  378.27567
2003    2  380.36800
2003    3  380.87627
2003    4  380.31850
2003    5  380.00700
2003    6  377.46388
2003    7  374.05404
2003    8  373.24140
2003    9  373.61096
2003   10  375.31339
2003   11  377.92788
2003   12  379.73092
2004    1  381.12042
2004    2  382.35646
2004    3  382.60766
2004    4  382.60873
2004    5  381.62124
2004    6  379.19192
2004    7  376.71431
2004    8  373.72901
2004    9  374.99031
2004   10  377.31085
2004   11  379.25548
2004   12  381.76012
2005    1  383.10289
2005    2  384.05787
2005    3  384.50462
2005    4  384.60191
2005    5  383.69760
2005    6  380.87220
2005    7  378.12945
2005    8  376.83008
2005    9  376.92767
2005   10  380.25793
2005   11  382.52279
2005   12  384.17673
2006    1  386.38525
2006    2  386.92224
2006    3  387.14282
2006    4  386.94695
2006    5  385.65710
2006    6  383.75688
2006    7  378.75320
2006    8  380.27650
2006    9  379.89925
2006   10  382.25169
2006   11  384.52208
2006   12  387.20737
2007    1  387.93034
2007    2  388.68131
2007    3  389.13809
2007    4  388.80273
2007    5  387.37577
2007    6  385.25622
2007    7  382.36813
2007    8  380.73951
2007    9  381.63710
2007   10  384.04900
2007   11  386.64832
2007   12  388.67959
2008    1  390.03944
2008    2  391.25612
2008    3  390.43892
2008    4  391.35446
2008    5  390.00271
2008    6  387.57513
2008    7  384.41207
2008    8  383.29564
2008    9  383.84899
2008   10  385.16094
2008   11  387.05635
2008   12  390.16249
2009    1  390.98837
2009    2  392.52933
2009    3  393.29697
2009    4  392.55264
2009    5  391.11928
2009    6  389.10387
2009    7  385.53830
2009    8  383.11121
2009    9  384.07481
2009   10  386.57736
2009   11  390.21476
2009   12  391.95720
2010    1  393.01507
2010    2  393.53245
2010    3  394.09011
2010    4  394.92585
2010    5  393.34927
2010    6  391.50182
2010    7  387.29145
2010    8  388.28907
2010    9  387.79917
2010   10  390.17215
2010   11  391.51806
2010   12  394.19337
2011    1  396.24731
2011    2  396.91624
2011    3  398.17701
2011    4  397.65367
2011    5  395.65290
2011    6  392.36655
2011    7  390.02395
2011    8  387.64838
2011    9  388.80663
2011   10  391.49731
2011   11  394.95513
2011   12  397.57337
2012    1  398.49716
2012    2  399.21119
2012    3  399.96798
2012    4  398.99853
2012    5  397.84407
2012    6  395.97446
2012    7  393.23804
2012    8  391.15906
2012    9  392.13870
2012   10  394.20422
2012   11  396.28337
2012   12  399.63415
2013    1  401.12849
2013    2  401.46717
2013    3  401.56447
2013    4  402.86762
2013    5  400.67808
2013    6  397.74503
2013    7  394.64049
2013    8  392.20040
2013    9  393.79240
2013   10  397.64971
2013   11  398.42914
2013   12  401.57724
2014    1  402.80863
2014    2  404.18378
2014    3  403.99126
2014    4  404.03954
2014    5  402.66293
2014    6  400.14341
2014    7  397.19109
2014    8  395.82729
2014    9  396.01841
2014   10  398.84649
2014   11  401.94756
2014   12  403.46899
2015    1  405.19467
2015    2  406.16764
2015    3  406.05920
2015    4  406.65246
2015    5  404.78772
2015    6  400.83981
2015    7  398.28994
2015    8  398.22329
2015    9  398.68968
2015   10  400.52042
2015   11  403.43165
2015   12  406.59585
2016    1  408.39234
2016    2  409.52605
2016    3  408.96711
2016    4  409.14060
2016    5  407.50232
2016    6  405.23816
2016    7  401.01036
2016    8  400.16626
2016    9  401.31540
2016   10  404.12808
2016   11  407.50037
2016   12  409.95001
2017    1  411.30334
2017    2  412.42343
2017    3  412.63929
2017    4  412.79942
2017    5  411.31725
2017    6  407.77499
2017    7  406.01855
2017    8  404.14219
2017    9  404.46309
2017   10  407.02213
2017   11  409.16941
2017   12  411.19711
