yy mm co2
2000    1  373.69560
2000    2  374.41571
2000    3  374.73813
2000    4  374.60559
2000    5  374.23996
2000    6  372.07588
2000    7  366.26155
2000    8  362.51108
2000    9  364.09535
2000   10  367.23557
2000   11  371.00649
2000   12  372.25932
2001    1  373.89659
2001    2  375.17297
2001    3  375.70921
2001    4  376.50342
2001    5  375.64049
2001    6  372.79434
2001    7  367.41814
2001    8  363.62986
2001    9  364.77033
2001   10  368.82027
2001   11  372.56698
2001   12  374.52500
2002    1  375.47553
2002    2  376.92310
2002    3  377.68731
2002    4  378.10946
2002    5  377.30875
2002    6  373.84548
2002    7  369.92881
2002    8  365.53852
2002    9  367.17611
2002   10  370.85434
2002   11  374.30265
2002   12  376.84597
2003    1  377.67657
2003    2  379.07800
2003    3  380.09856
2003    4  380.75144
2003    5  380.42138
2003    6  377.98643
2003    7  372.91509
2003    8  369.17842
2003    9  370.49811
2003   10  373.75098
2003   11  378.06135
2003   12  379.72711
2004    1  380.14411
2004    2  381.33177
2004    3  383.27128
2004    4  383.25219
2004    5  381.86274
2004    6  379.40618
2004    7  374.53044
2004    8  370.35759
2004    9  370.63489
2004   10  374.94896
2004   11  378.77029
2004   12  381.48233
2005    1  382.37328
2005    2  382.95076
2005    3  383.78863
2005    4  385.05843
2005    5  384.06535
2005    6  381.08655
2005    7  375.62923
2005    8  371.22800
2005    9  372.70546
2005   10  376.72947
2005   11  380.46524
2005   12  383.57073
2006    1  384.53782
2006    2  385.85623
2006    3  386.46508
2006    4  387.55155
2006    5  386.97288
2006    6  384.19946
2006    7  379.18659
2006    8  375.42006
2006    9  375.98118
2006   10  379.66788
2006   11  383.92076
2006   12  385.89485
2007    1  387.02297
2007    2  387.91166
2007    3  388.50907
2007    4  389.08873
2007    5  387.65656
2007    6  384.72711
2007    7  378.63597
2007    8  375.64678
2007    9  376.30851
2007   10  381.17226
2007   11  384.78305
2007   12  387.09946
2008    1  389.53469
2008    2  390.47698
2008    3  390.95097
2008    4  391.83421
2008    5  390.85522
2008    6  387.55656
2008    7  382.27340
2008    8  377.90759
2008    9  379.16747
2008   10  382.49607
2008   11  386.52925
2008   12  389.36286
2009    1  390.33600
2009    2  390.64567
2009    3  392.90110
2009    4  392.83774
2009    5  392.14554
2009    6  388.80555
2009    7  383.05589
2009    8  378.78682
2009    9  379.49492
2009   10  383.55283
2009   11  388.28020
2009   12  390.54558
2010    1  392.09516
2010    2  392.96254
2010    3  393.80873
2010    4  395.00013
2010    5  393.14281
2010    6  391.14521
2010    7  385.83876
2010    8  381.59415
2010    9  384.03008
2010   10  387.58561
2010   11  391.39573
2010   12  393.76051
2011    1  394.86124
2011    2  396.38605
2011    3  397.28833
2011    4  397.59919
2011    5  396.70526
2011    6  393.27444
2011    7  387.75796
2011    8  382.85108
2011    9  384.14865
2011   10  388.68791
2011   11  393.13280
2011   12  396.15898
2012    1  397.00529
2012    2  397.19723
2012    3  398.57510
2012    4  399.10988
2012    5  398.40568
2012    6  394.28339
2012    7  389.82555
2012    8  385.32401
2012    9  387.39195
2012   10  391.65874
2012   11  395.36518
2012   12  397.64057
2013    1  399.65779
2013    2  400.65622
2013    3  401.66199
2013    4  402.25638
2013    5  401.51089
2013    6  398.63217
2013    7  393.19458
2013    8  387.92074
2013    9  390.17916
2013   10  394.03437
2013   11  398.01621
2013   12  400.46746
2014    1  402.95740
2014    2  404.13626
2014    3  404.42683
2014    4  404.34118
2014    5  403.66608
2014    6  399.96376
2014    7  394.24235
2014    8  390.64160
2014    9  391.14227
2014   10  395.24306
2014   11  400.18946
2014   12  402.15254
2015    1  403.56547
2015    2  404.60471
2015    3  405.54817
2015    4  406.44893
2015    5  405.42206
2015    6  402.08740
2015    7  396.51833
2015    8  392.13337
2015    9  393.60995
2015   10  397.83824
2015   11  402.32687
2015   12  405.04459
2016    1  406.62187
2016    2  408.01149
2016    3  408.54479
2016    4  408.81929
2016    5  408.06644
2016    6  404.51807
2016    7  398.98860
2016    8  395.18575
2016    9  396.77185
2016   10  401.78490
2016   11  406.00816
2016   12  408.35902
2017    1  410.19323
2017    2  410.91096
2017    3  411.82921
2017    4  412.82855
2017    5  411.54699
2017    6  408.09292
2017    7  403.19312
2017    8  398.27821
2017    9  399.80575
2017   10  404.33291
2017   11  408.66630
2017   12  410.33875
