yy mm co2
2000    1  374.47721
2000    2  375.24931
2000    3  375.71709
2000    4  373.52450
2000    5  372.70878
2000    6  371.00218
2000    7  370.17182
2000    8  369.09958
2000    9  367.93484
2000   10  369.08308
2000   11  372.57755
2000   12  375.94038
2001    1  375.63979
2001    2  377.28692
2001    3  377.30573
2001    4  375.96934
2001    5  373.30258
2001    6  371.71633
2001    7  370.81481
2001    8  369.94452
2001    9  369.26658
2001   10  372.30793
2001   11  374.16158
2001   12  377.02650
2002    1  377.48131
2002    2  379.02305
2002    3  376.90945
2002    4  376.30898
2002    5  375.63193
2002    6  373.72141
2002    7  373.25686
2002    8  372.69745
2002    9  371.77230
2002   10  373.54013
2002   11  376.63584
2002   12  378.13126
2003    1  379.82594
2003    2  380.35153
2003    3  381.31385
2003    4  379.24602
2003    5  378.97399
2003    6  377.15092
2003    7  376.70307
2003    8  375.29494
2003    9  375.03228
2003   10  376.83386
2003   11  379.34177
2003   12  381.98178
2004    1  384.53948
2004    2  384.50316
2004    3  386.15070
2004    4  383.44390
2004    5  380.52676
2004    6  379.10129
2004    7  377.93876
2004    8  377.16323
2004    9  376.82132
2004   10  379.05350
2004   11  381.10281
2004   12  384.11698
2005    1  386.26141
2005    2  386.61688
2005    3  386.78653
2005    4  385.63574
2005    5  381.16291
2005    6  380.77115
2005    7  380.60723
2005    8  379.29288
2005    9  379.72740
2005   10  382.15943
2005   11  383.86337
2005   12  387.17699
2006    1  389.22564
2006    2  390.06289
2006    3  388.74816
2006    4  386.58417
2006    5  384.82551
2006    6  383.20836
2006    7  381.93321
2006    8  381.07010
2006    9  381.44406
2006   10  384.49888
2006   11  386.41581
2006   12  388.87482
2007    1  392.64848
2007    2  389.48804
2007    3  390.42765
2007    4  390.49063
2007    5  387.43124
2007    6  385.07997
2007    7  383.85516
2007    8  383.44279
2007    9  384.24224
2007   10  386.28149
2007   11  388.61943
2007   12  392.51786
2008    1  394.32661
2008    2  396.11504
2008    3  394.55935
2008    4  392.47409
2008    5  389.60329
2008    6  387.16153
2008    7  386.22195
2008    8  385.37601
2008    9  386.19575
2008   10  386.84221
2008   11  390.23711
2008   12  392.64391
2009    1  394.80496
2009    2  393.65608
2009    3  394.21153
2009    4  393.41193
2009    5  391.73572
2009    6  388.84394
2009    7  387.64576
2009    8  387.46401
2009    9  386.34508
2009   10  389.29301
2009   11  393.15331
2009   12  396.49039
2010    1  396.22118
2010    2  395.49865
2010    3  396.50025
2010    4  396.64726
2010    5  392.87156
2010    6  391.59603
2010    7  390.09834
2010    8  389.54272
2010    9  389.45081
2010   10  392.24757
2010   11  395.83500
2010   12  399.03427
2011    1  401.35163
2011    2  402.77297
2011    3  402.86462
2011    4  400.37336
2011    5  396.21018
2011    6  393.05576
2011    7  391.65423
2011    8  391.35024
2011    9  391.12559
2011   10  394.03554
2011   11  396.10997
2011   12  400.52403
2012    1  405.20052
2012    2  403.35226
2012    3  401.88187
2012    4  398.25909
2012    5  395.91978
2012    6  395.41037
2012    7  394.34279
2012    8  393.68341
2012    9  393.65547
2012   10  396.74179
2012   11  400.78629
2012   12  403.58791
2013    1  406.66826
2013    2  405.76828
2013    3  402.93953
2013    4  403.36556
2013    5  398.83266
2013    6  397.93691
2013    7  397.12110
2013    8  396.26443
2013    9  395.85555
2013   10  399.67743
2013   11  402.55045
2013   12  406.49902
2014    1  406.80318
2014    2  407.28989
2014    3  407.23430
2014    4  405.37308
2014    5  402.05117
2014    6  400.34702
2014    7  399.25872
2014    8  397.88321
2014    9  399.50927
2014   10  401.07337
2014   11  404.80256
2014   12  407.48736
2015    1  408.90527
2015    2  410.06706
2015    3  410.02297
2015    4  407.55371
2015    5  402.75144
2015    6  401.99829
2015    7  401.12727
2015    8  400.91993
2015    9  400.23489
2015   10  403.50907
2015   11  405.39028
2015   12  412.75570
2016    1  412.50946
2016    2  413.80161
2016    3  412.66598
2016    4  408.01172
2016    5  407.01515
2016    6  404.76365
2016    7  404.64505
2016    8  403.64265
2016    9  404.46056
2016   10  405.52896
2016   11  410.71107
2016   12  413.71112
2017    1  417.38644
2017    2  416.40911
2017    3  417.31409
2017    4  413.44450
2017    5  412.07139
2017    6  407.54082
2017    7  407.38017
2017    8  406.88616
2017    9  405.80935
2017   10  409.09697
2017   11  413.53112
2017   12  417.11019
