yy mm co2
2000    1  374.26158
2000    2  373.36184
2000    3  374.06021
2000    4  374.42407
2000    5  374.06475
2000    6  372.44760
2000    7  368.87682
2000    8  367.69491
2000    9  366.88917
2000   10  367.91735
2000   11  370.72474
2000   12  374.45579
2001    1  373.74694
2001    2  374.41080
2001    3  375.26336
2001    4  376.21826
2001    5  375.15353
2001    6  373.77517
2001    7  371.06924
2001    8  368.36098
2001    9  367.98744
2001   10  369.83288
2001   11  371.78645
2001   12  373.93853
2002    1  375.93202
2002    2  376.98785
2002    3  377.18419
2002    4  376.72263
2002    5  377.43722
2002    6  375.42239
2002    7  373.10459
2002    8  369.72307
2002    9  370.97867
2002   10  371.85641
2002   11  374.01455
2002   12  375.82917
2003    1  377.97546
2003    2  377.99770
2003    3  379.17431
2003    4  380.15077
2003    5  380.53529
2003    6  378.45990
2003    7  376.62894
2003    8  373.72610
2003    9  373.55808
2003   10  374.97981
2003   11  376.46890
2003   12  379.29942
2004    1  379.84399
2004    2  381.49371
2004    3  382.49549
2004    4  382.63589
2004    5  382.37163
2004    6  380.33220
2004    7  378.15599
2004    8  375.12509
2004    9  374.68274
2004   10  375.72114
2004   11  378.66048
2004   12  380.25112
2005    1  380.88456
2005    2  382.12020
2005    3  383.76843
2005    4  384.53110
2005    5  384.47476
2005    6  382.22579
2005    7  379.25009
2005    8  377.16870
2005    9  376.09550
2005   10  378.67646
2005   11  381.31632
2005   12  383.51218
2006    1  384.90735
2006    2  386.00113
2006    3  386.23618
2006    4  386.93807
2006    5  386.55548
2006    6  385.07531
2006    7  383.01770
2006    8  379.01683
2006    9  378.64677
2006   10  379.93569
2006   11  383.05478
2006   12  385.46434
2007    1  386.78432
2007    2  387.41206
2007    3  388.04321
2007    4  388.71024
2007    5  388.69365
2007    6  386.55271
2007    7  384.27152
2007    8  380.74009
2007    9  380.77010
2007   10  382.77349
2007   11  384.91754
2007   12  387.00827
2008    1  388.46052
2008    2  390.49075
2008    3  391.14285
2008    4  392.14976
2008    5  391.36317
2008    6  388.50080
2008    7  386.08405
2008    8  383.15213
2008    9  381.75576
2008   10  383.50734
2008   11  386.97137
2008   12  388.82910
2009    1  389.46449
2009    2  391.53150
2009    3  391.29364
2009    4  392.69257
2009    5  391.63561
2009    6  390.23338
2009    7  387.02422
2009    8  384.09574
2009    9  384.08258
2009   10  385.36149
2009   11  388.75200
2009   12  390.53196
2010    1  392.85250
2010    2  392.78535
2010    3  394.17198
2010    4  394.83566
2010    5  394.64387
2010    6  392.50575
2010    7  388.48122
2010    8  386.63141
2010    9  386.14208
2010   10  388.47042
2010   11  391.90316
2010   12  393.66644
2011    1  395.51838
2011    2  395.74644
2011    3  396.99132
2011    4  397.49697
2011    5  397.20748
2011    6  394.45912
2011    7  391.17501
2011    8  389.26856
2011    9  388.36230
2011   10  390.61534
2011   11  393.53187
2011   12  395.65208
2012    1  397.53193
2012    2  396.90771
2012    3  398.44235
2012    4  399.16253
2012    5  398.94786
2012    6  396.75107
2012    7  393.75582
2012    8  391.94309
2012    9  391.53997
2012   10  392.25526
2012   11  394.74183
2012   12  396.97718
2013    1  398.62987
2013    2  400.41294
2013    3  400.99575
2013    4  401.52506
2013    5  401.12177
2013    6  399.25886
2013    7  396.01006
2013    8  393.40489
2013    9  393.57951
2013   10  395.30415
2013   11  397.76540
2013   12  399.49190
2014    1  401.68269
2014    2  402.18129
2014    3  403.05028
2014    4  403.95334
2014    5  403.69801
2014    6  401.41746
2014    7  398.43289
2014    8  396.63431
2014    9  394.88054
2014   10  396.32575
2014   11  399.19483
2014   12  400.66431
2015    1  401.82573
2015    2  402.76119
2015    3  404.31475
2015    4  405.30891
2015    5  404.77235
2015    6  402.49771
2015    7  400.49714
2015    8  397.63743
2015    9  397.67468
2015   10  398.84856
2015   11  401.83379
2015   12  403.92834
2016    1  406.26578
2016    2  408.18247
2016    3  408.53248
2016    4  408.75122
2016    5  408.26073
2016    6  406.24506
2016    7  403.58960
2016    8  400.69781
2016    9  400.00238
2016   10  401.87733
2016   11  405.32314
2016   12  407.90573
2017    1  409.75018
2017    2  410.26453
2017    3  411.07569
2017    4  412.88562
2017    5  411.78704
2017    6  409.80027
2017    7  406.57658
2017    8  404.12755
2017    9  403.00877
2017   10  405.52492
2017   11  407.23308
2017   12  410.35487
