yy mm co2
2000    1  366.09656
2000    2  365.96996
2000    3  366.09231
2000    4  366.30582
2000    5  366.67442
2000    6  367.26211
2000    7  367.71232
2000    8  368.02635
2000    9  368.18130
2000   10  368.03680
2000   11  367.88205
2000   12  367.70428
2001    1  367.48187
2001    2  367.36217
2001    3  367.29046
2001    4  367.56892
2001    5  367.91680
2001    6  368.46069
2001    7  369.03270
2001    8  369.43224
2001    9  369.78774
2001   10  369.70811
2001   11  369.66550
2001   12  369.55895
2002    1  369.41943
2002    2  369.39871
2002    3  369.43163
2002    4  369.58212
2002    5  369.92255
2002    6  370.52602
2002    7  371.03062
2002    8  371.59308
2002    9  371.85391
2002   10  372.02841
2002   11  371.99087
2002   12  371.90793
2003    1  371.76302
2003    2  371.71235
2003    3  371.74026
2003    4  371.98595
2003    5  372.33674
2003    6  372.92499
2003    7  373.48302
2003    8  374.06577
2003    9  374.33128
2003   10  374.21609
2003   11  374.03646
2003   12  373.94566
2004    1  373.76329
2004    2  373.65159
2004    3  373.83780
2004    4  374.03504
2004    5  374.36307
2004    6  375.00981
2004    7  375.54846
2004    8  376.02682
2004    9  376.16616
2004   10  375.94573
2004   11  375.74931
2004   12  375.55103
2005    1  375.45836
2005    2  375.24092
2005    3  375.30105
2005    4  375.66031
2005    5  376.21049
2005    6  376.88296
2005    7  377.49403
2005    8  378.03911
2005    9  378.33027
2005   10  378.29910
2005   11  378.19194
2005   12  377.95070
2006    1  377.68969
2006    2  377.59062
2006    3  377.80346
2006    4  377.98713
2006    5  378.40093
2006    6  379.04756
2006    7  379.40993
2006    8  379.53741
2006    9  379.79824
2006   10  379.76555
2006   11  379.70010
2006   12  379.47128
2007    1  379.29870
2007    2  379.29029
2007    3  379.42667
2007    4  379.71133
2007    5  380.11812
2007    6  380.69481
2007    7  381.25273
2007    8  381.67115
2007    9  381.95273
2007   10  382.01702
2007   11  381.92372
2007   12  381.68763
2008    1  381.58603
2008    2  381.57575
2008    3  381.72051
2008    4  382.01531
2008    5  382.37966
2008    6  382.76723
2008    7  383.37515
2008    8  383.62807
2008    9  383.74218
2008   10  383.72967
2008   11  383.56023
2008   12  383.42862
2009    1  383.24652
2009    2  383.09940
2009    3  383.24978
2009    4  383.42515
2009    5  383.67408
2009    6  384.15342
2009    7  384.73305
2009    8  385.20005
2009    9  385.41786
2009   10  385.34438
2009   11  385.27840
2009   12  385.03521
2010    1  384.84350
2010    2  384.57674
2010    3  384.50531
2010    4  384.87461
2010    5  385.29883
2010    6  386.09499
2010    7  386.86174
2010    8  387.47006
2010    9  387.75336
2010   10  387.70519
2010   11  387.51500
2010   12  387.33764
2011    1  387.02990
2011    2  386.83147
2011    3  386.91497
2011    4  387.10059
2011    5  387.51838
2011    6  387.99277
2011    7  388.58305
2011    8  388.96254
2011    9  389.18940
2011   10  389.11993
2011   11  389.11900
2011   12  388.96489
2012    1  388.78003
2012    2  388.50331
2012    3  388.68142
2012    4  389.01682
2012    5  389.60186
2012    6  390.19375
2012    7  390.90519
2012    8  391.27711
2012    9  391.54672
2012   10  391.48040
2012   11  391.48884
2012   12  391.38953
2013    1  391.25766
2013    2  391.21805
2013    3  391.32184
2013    4  391.85071
2013    5  392.37674
2013    6  393.01385
2013    7  393.66505
2013    8  394.17789
2013    9  394.47055
2013   10  394.36793
2013   11  394.21552
2013   12  394.04005
2014    1  393.98382
2014    2  393.69302
2014    3  393.67189
2014    4  394.05350
2014    5  394.48933
2014    6  395.03840
2014    7  395.63351
2014    8  396.02368
2014    9  396.23398
2014   10  396.12871
2014   11  395.91224
2014   12  395.63031
2015    1  395.56855
2015    2  395.58305
2015    3  395.80776
2015    4  396.10345
2015    5  396.54243
2015    6  397.14068
2015    7  397.76682
2015    8  398.36374
2015    9  398.61421
2015   10  398.59660
2015   11  398.59585
2015   12  398.50964
2016    1  398.35574
2016    2  398.41956
2016    3  398.85056
2016    4  399.27798
2016    5  399.44393
2016    6  400.07647
2016    7  400.99787
2016    8  401.63752
2016    9  401.89957
2016   10  401.91223
2016   11  401.73694
2016   12  401.46604
2017    1  401.01691
2017    2  400.92500
2017    3  400.95154
2017    4  401.20832
2017    5  401.85102
2017    6  402.45359
2017    7  403.12909
2017    8  403.65348
2017    9  403.85660
2017   10  403.74504
2017   11  403.66469
2017   12  403.57313
