yy mm co2
2000    1  366.71155
2000    2  367.57661
2000    3  366.89395
2000    4  367.26941
2000    5  367.50711
2000    6  367.67137
2000    7  368.07969
2000    8  367.62454
2000    9  368.15600
2000   10  368.16471
2000   11  368.16773
2000   12  367.82146
2001    1  367.54305
2001    2  368.02524
2001    3  367.85885
2001    4  367.94133
2001    5  368.65947
2001    6  368.72775
2001    7  369.91114
2001    8  369.89248
2001    9  370.12526
2001   10  370.22092
2001   11  370.28769
2001   12  370.47706
2002    1  370.24543
2002    2  370.17360
2002    3  369.91603
2002    4  370.20835
2002    5  371.03723
2002    6  371.76450
2002    7  371.64794
2002    8  372.05644
2002    9  372.39859
2002   10  372.52871
2002   11  372.37263
2002   12  372.81227
2003    1  372.39905
2003    2  372.96710
2003    3  372.75467
2003    4  372.70386
2003    5  373.39574
2003    6  373.70293
2003    7  374.32232
2003    8  374.53769
2003    9  374.93798
2003   10  374.92294
2003   11  374.79587
2003   12  374.82599
2004    1  375.33621
2004    2  375.32928
2004    3  374.60556
2004    4  374.71080
2004    5  375.75781
2004    6  375.67643
2004    7  376.19588
2004    8  376.72929
2004    9  376.30854
2004   10  376.25572
2004   11  376.21419
2004   12  375.70600
2005    1  376.78183
2005    2  376.71783
2005    3  376.13176
2005    4  376.42458
2005    5  378.33594
2005    6  377.96402
2005    7  378.34657
2005    8  378.38711
2005    9  378.64698
2005   10  379.16994
2005   11  378.83609
2005   12  378.82480
2006    1  378.94712
2006    2  378.73775
2006    3  379.32245
2006    4  379.55158
2006    5  379.16173
2006    6  379.19072
2006    7  379.90449
2006    8  379.73703
2006    9  379.61954
2006   10  379.83872
2006   11  380.22629
2006   12  380.16812
2007    1  380.35645
2007    2  380.19335
2007    3  380.49804
2007    4  380.15444
2007    5  380.75729
2007    6  382.74683
2007    7  382.17631
2007    8  381.75448
2007    9  381.95285
2007   10  382.39404
2007   11  382.44392
2007   12  382.53688
2008    1  382.95280
2008    2  383.69041
2008    3  382.55693
2008    4  382.14811
2008    5  382.79276
2008    6  383.33685
2008    7  383.72196
2008    8  383.47597
2008    9  383.76838
2008   10  383.65656
2008   11  384.41524
2008   12  384.04576
2009    1  384.02056
2009    2  384.91318
2009    3  384.23421
2009    4  384.32222
2009    5  384.28447
2009    6  384.66635
2009    7  385.03364
2009    8  385.03954
2009    9  385.18739
2009   10  385.60832
2009   11  385.19860
2009   12  385.33547
2010    1  385.67747
2010    2  385.90215
2010    3  385.64857
2010    4  385.78775
2010    5  386.54607
2010    6  387.09084
2010    7  387.57527
2010    8  387.92839
2010    9  387.62047
2010   10  387.77283
2010   11  387.94693
2010   12  388.51393
2011    1  387.52821
2011    2  388.03741
2011    3  388.51376
2011    4  387.92600
2011    5  388.00339
2011    6  388.84027
2011    7  389.25692
2011    8  388.92339
2011    9  389.08707
2011   10  389.53722
2011   11  389.50358
2011   12  389.78542
2012    1  389.50786
2012    2  389.38667
2012    3  390.38970
2012    4  389.65346
2012    5  390.61558
2012    6  391.18464
2012    7  391.74728
2012    8  391.57452
2012    9  391.35985
2012   10  391.77848
2012   11  391.81332
2012   12  391.75601
2013    1  393.42380
2013    2  392.42371
2013    3  392.03532
2013    4  392.90875
2013    5  393.50952
2013    6  394.79224
2013    7  394.49698
2013    8  394.28633
2013    9  394.55708
2013   10  394.64483
2013   11  395.30458
2013   12  394.42262
2014    1  394.77009
2014    2  395.14131
2014    3  394.57020
2014    4  395.41067
2014    5  395.17341
2014    6  396.23756
2014    7  396.33861
2014    8  396.81239
2014    9  396.20668
2014   10  396.22671
2014   11  396.38678
2014   12  396.48099
2015    1  396.58273
2015    2  396.27135
2015    3  396.35610
2015    4  397.08754
2015    5  397.53478
2015    6  398.03420
2015    7  398.60190
2015    8  398.87620
2015    9  398.83575
2015   10  398.71933
2015   11  399.12411
2015   12  398.28185
2016    1  399.26611
2016    2  399.02813
2016    3  399.42501
2016    4  399.63677
2016    5  400.82724
2016    6  402.49142
2016    7  402.50318
2016    8  402.12789
2016    9  402.22559
2016   10  402.11008
2016   11  402.41852
2016   12  401.83283
2017    1  402.35318
2017    2  401.93929
2017    3  403.08482
2017    4  402.07384
2017    5  402.94084
2017    6  403.55287
2017    7  403.73678
2017    8  403.91690
2017    9  404.19449
2017   10  404.59551
2017   11  404.30861
2017   12  404.36824
