yy mm co2
2000    1  376.06631
2000    2  373.48995
2000    3  379.07826
2000    4  377.12674
2000    5  384.81943
2000    6  389.72861
2000    7  377.50011
2000    8  379.81311
2000    9  372.43313
2000   10  374.23390
2000   11  381.48573
2000   12  377.12633
2001    1  374.76752
2001    2  374.70233
2001    3  375.90077
2001    4  379.38260
2001    5  384.89624
2001    6  376.31049
2001    7  372.46160
2001    8  391.58753
2001    9  383.03030
2001   10  383.14986
2001   11  378.15154
2001   12  374.81997
2002    1  381.08305
2002    2  379.87399
2002    3  380.31611
2002    4  382.08065
2002    5  380.28450
2002    6  377.07773
2002    7  374.02048
2002    8  389.27922
2002    9  379.17346
2002   10  382.29558
2002   11  385.20672
2002   12  375.44206
2003    1  374.13088
2003    2  383.72655
2003    3  380.23916
2003    4  384.19908
2003    5  387.65257
2003    6  384.89327
2003    7  399.81445
2003    8  385.95096
2003    9  384.28672
2003   10  388.97365
2003   11  386.54660
2003   12  384.77965
2004    1  382.09578
2004    2  381.21128
2004    3  387.41902
2004    4  391.03118
2004    5  389.71961
2004    6  394.26290
2004    7  393.45404
2004    8  382.62035
2004    9  374.45416
2004   10  372.46512
2004   11  372.28852
2004   12  383.48025
2005    1  382.82986
2005    2  384.05549
2005    3  385.45794
2005    4  388.94810
2005    5  390.37882
2005    6  396.56815
2005    7  394.96005
2005    8  384.88605
2005    9  385.99869
2005   10  384.76285
2005   11  381.56734
2005   12  390.90775
2006    1  391.08130
2006    2  386.71534
2006    3  388.40098
2006    4  391.50121
2006    5  394.55399
2006    6  397.81575
2006    7  393.56484
2006    8  392.93425
2006    9  387.43962
2006   10  379.11878
2006   11  383.33540
2006   12  389.67660
2007    1  392.81612
2007    2  394.23184
2007    3  388.71836
2007    4  391.78945
2007    5  395.75167
2007    6  385.79552
2007    7  383.65714
2007    8  387.84271
2007    9  384.08348
2007   10  393.80146
2007   11  397.44412
2007   12  393.54974
2008    1  392.66291
2008    2  391.04486
2008    3  392.83966
2008    4  393.86997
2008    5  404.29021
2008    6  401.48062
2008    7  393.10215
2008    8  406.24896
2008    9  384.73189
2008   10  398.27600
2008   11  389.60497
2008   12  402.97842
2009    1  394.29628
2009    2  394.12250
2009    3  391.23269
2009    4  388.43064
2009    5  400.76766
2009    6  394.70251
2009    7  393.99872
2009    8  405.01080
2009    9  397.14776
2009   10  392.33171
2009   11  389.22380
2009   12  395.35158
2010    1  397.28294
2010    2  397.84054
2010    3  395.11200
2010    4  396.29071
2010    5  398.33362
2010    6  397.43920
2010    7  395.04078
2010    8  399.25679
2010    9  402.98840
2010   10  402.12326
2010   11  418.48089
2010   12  401.46359
2011    1  409.96086
2011    2  400.41385
2011    3  397.03076
2011    4  397.36088
2011    5  398.62242
2011    6  410.59894
2011    7  400.28448
2011    8  391.11762
2011    9  390.25286
2011   10  407.94828
2011   11  399.30354
2011   12  401.44561
2012    1  398.81832
2012    2  397.05160
2012    3  400.45273
2012    4  404.83262
2012    5  406.34151
2012    6  397.87020
2012    7  406.67533
2012    8  396.83035
2012    9  402.53074
2012   10  401.75251
2012   11  411.37441
2012   12  402.51057
2013    1  402.89824
2013    2  397.51935
2013    3  399.53939
2013    4  399.59603
2013    5  408.09801
2013    6  403.14608
2013    7  393.88417
2013    8  403.51518
2013    9  409.23627
2013   10  415.56379
2013   11  406.13304
2013   12  409.28900
2014    1  404.13931
2014    2  401.22168
2014    3  404.39275
2014    4  411.45572
2014    5  417.14706
2014    6  411.02222
2014    7  408.87884
2014    8  405.04237
2014    9  401.38321
2014   10  423.98361
2014   11  409.12145
2014   12  404.12668
2015    1  410.58287
2015    2  411.80520
2015    3  403.63672
2015    4  407.59132
2015    5  414.90133
2015    6  413.57873
2015    7  412.83024
2015    8  406.74765
2015    9  410.39506
2015   10  414.55432
2015   11  420.23382
2015   12  407.77979
2016    1  407.84420
2016    2  409.49922
2016    3  410.97167
2016    4  414.58340
2016    5  413.54157
2016    6  412.96062
2016    7  403.24128
2016    8  402.93913
2016    9  401.45894
2016   10  411.65037
2016   11  414.13246
2016   12  413.43112
2017    1  411.94889
2017    2  410.35959
2017    3  414.25898
2017    4  417.96564
2017    5  411.12356
2017    6  414.61320
2017    7  421.34550
2017    8  424.81860
2017    9  410.75263
2017   10  418.93127
2017   11  415.75861
2017   12  419.63934
