yy mm co2
2000    1  373.23494
2000    2  374.42567
2000    3  374.79433
2000    4  374.92381
2000    5  373.95681
2000    6  371.74404
2000    7  365.83823
2000    8  361.18762
2000    9  363.96200
2000   10  368.43907
2000   11  373.01949
2000   12  373.21198
2001    1  375.72015
2001    2  376.25074
2001    3  377.34810
2001    4  376.70095
2001    5  375.49227
2001    6  372.45988
2001    7  366.94546
2001    8  362.92916
2001    9  364.81707
2001   10  369.14047
2001   11  372.07527
2001   12  375.62399
2002    1  376.39798
2002    2  377.15622
2002    3  378.20035
2002    4  378.36062
2002    5  376.87813
2002    6  373.26908
2002    7  368.67562
2002    8  364.94463
2002    9  366.04513
2002   10  370.99901
2002   11  376.56710
2002   12  378.53600
2003    1  378.07162
2003    2  380.62246
2003    3  380.75732
2003    4  382.24689
2003    5  380.05834
2003    6  376.83576
2003    7  372.39349
2003    8  368.12818
2003    9  369.62325
2003   10  373.64149
2003   11  379.65606
2003   12  379.66328
2004    1  380.88884
2004    2  381.85870
2004    3  383.32265
2004    4  383.40842
2004    5  381.13142
2004    6  378.99590
2004    7  373.07499
2004    8  368.02876
2004    9  369.91603
2004   10  375.93665
2004   11  378.79348
2004   12  381.40806
2005    1  382.48178
2005    2  383.47824
2005    3  384.43736
2005    4  384.98992
2005    5  384.52231
2005    6  380.41529
2005    7  375.23938
2005    8  370.02395
2005    9  372.52918
2005   10  377.50913
2005   11  381.17400
2005   12  384.87342
2006    1  385.31408
2006    2  387.03048
2006    3  387.93971
2006    4  387.37906
2006    5  386.36141
2006    6  383.83884
2006    7  378.12290
2006    8  373.29196
2006    9  376.62260
2006   10  379.68051
2006   11  383.76320
2006   12  386.42387
2007    1  387.10452
2007    2  389.09106
2007    3  389.06705
2007    4  388.67074
2007    5  387.84739
2007    6  384.58456
2007    7  377.45180
2007    8  373.79240
2007    9  375.39660
2007   10  381.12362
2007   11  385.06539
2007   12  388.87264
2008    1  390.13743
2008    2  390.80990
2008    3  392.02769
2008    4  392.25203
2008    5  390.37378
2008    6  386.81287
2008    7  381.85122
2008    8  376.95374
2008    9  378.48580
2008   10  381.98152
2008   11  387.04820
2008   12  390.16351
2009    1  391.50388
2009    2  391.78232
2009    3  393.32389
2009    4  393.07043
2009    5  391.70633
2009    6  389.72459
2009    7  381.30663
2009    8  378.76199
2009    9  378.67605
2009   10  385.11856
2009   11  390.40123
2009   12  392.12991
2010    1  393.81083
2010    2  395.87094
2010    3  394.68586
2010    4  395.18232
2010    5  393.40497
2010    6  390.83636
2010    7  384.86978
2010    8  380.32536
2010    9  383.94521
2010   10  388.58948
2010   11  392.21445
2010   12  394.85726
2011    1  395.35831
2011    2  397.45652
2011    3  397.27811
2011    4  397.21749
2011    5  395.73020
2011    6  391.15699
2011    7  386.90062
2011    8  382.17675
2011    9  384.05406
2011   10  389.11143
2011   11  395.83381
2011   12  396.16795
2012    1  397.84057
2012    2  397.81598
2012    3  398.49553
2012    4  399.81655
2012    5  398.27981
2012    6  395.99423
2012    7  388.28250
2012    8  384.46701
2012    9  386.54543
2012   10  392.26338
2012   11  395.97848
2012   12  399.65528
2013    1  400.50689
2013    2  403.28191
2013    3  401.89840
2013    4  402.33426
2013    5  400.02808
2013    6  398.13662
2013    7  391.90982
2013    8  387.43042
2013    9  389.29316
2013   10  394.12366
2013   11  397.85492
2013   12  400.52889
2014    1  404.47467
2014    2  404.84359
2014    3  404.64100
2014    4  403.89851
2014    5  402.84917
2014    6  398.71057
2014    7  392.58323
2014    8  389.27389
2014    9  391.21191
2014   10  396.47418
2014   11  402.33051
2014   12  401.97157
2015    1  404.16597
2015    2  405.37782
2015    3  406.40347
2015    4  406.12198
2015    5  404.69097
2015    6  402.06109
2015    7  395.18462
2015    8  391.14425
2015    9  393.44761
2015   10  397.72646
2015   11  402.64503
2015   12  405.35780
2016    1  407.93049
2016    2  409.07227
2016    3  409.10317
2016    4  409.65193
2016    5  407.52662
2016    6  404.50960
2016    7  398.62731
2016    8  394.68275
2016    9  396.98894
2016   10  402.13548
2016   11  407.04058
2016   12  408.71825
2017    1  410.36235
2017    2  413.17221
2017    3  412.95480
2017    4  413.24549
2017    5  411.21061
2017    6  407.37062
2017    7  401.12520
2017    8  397.06237
2017    9  400.98425
2017   10  404.46708
2017   11  408.71825
2017   12  410.86072
