yy mm co2
2000    1  366.83795
2000    2  366.77049
2000    3  366.67960
2000    4  366.79642
2000    5  367.10591
2000    6  367.61374
2000    7  368.12387
2000    8  368.20359
2000    9  368.19919
2000   10  368.20478
2000   11  368.14489
2000   12  368.06814
2001    1  367.66700
2001    2  367.51904
2001    3  367.69352
2001    4  367.76174
2001    5  368.15202
2001    6  368.77886
2001    7  369.47409
2001    8  369.76079
2001    9  369.88079
2001   10  369.81452
2001   11  369.71559
2001   12  369.66629
2002    1  369.50869
2002    2  369.69190
2002    3  369.76958
2002    4  370.00442
2002    5  370.25465
2002    6  370.85463
2002    7  371.40210
2002    8  371.81168
2002    9  372.09876
2002   10  372.06375
2002   11  372.16413
2002   12  371.90592
2003    1  372.16951
2003    2  372.03453
2003    3  372.29701
2003    4  372.51652
2003    5  372.82091
2003    6  373.21536
2003    7  373.82051
2003    8  374.17223
2003    9  374.34426
2003   10  374.29828
2003   11  374.36697
2003   12  374.18320
2004    1  374.40669
2004    2  374.23024
2004    3  374.38099
2004    4  374.59374
2004    5  374.89366
2004    6  375.42725
2004    7  375.88552
2004    8  376.19018
2004    9  376.03971
2004   10  376.05435
2004   11  376.05825
2004   12  375.84692
2005    1  375.81005
2005    2  375.83595
2005    3  375.80472
2005    4  376.21689
2005    5  376.79961
2005    6  377.63492
2005    7  377.82697
2005    8  378.31042
2005    9  378.41353
2005   10  378.38719
2005   11  378.45358
2005   12  378.16464
2006    1  378.14741
2006    2  378.36016
2006    3  378.19313
2006    4  378.81796
2006    5  378.91543
2006    6  379.26628
2006    7  379.63060
2006    8  379.73205
2006    9  379.78688
2006   10  379.78738
2006   11  379.73240
2006   12  379.78249
2007    1  379.68261
2007    2  379.92903
2007    3  380.17446
2007    4  380.38491
2007    5  380.77685
2007    6  381.05930
2007    7  381.71091
2007    8  381.85657
2007    9  382.07896
2007   10  382.20821
2007   11  382.17011
2007   12  382.11848
2008    1  382.06083
2008    2  382.08414
2008    3  382.31592
2008    4  382.49479
2008    5  382.76322
2008    6  383.30193
2008    7  383.55167
2008    8  383.83171
2008    9  383.79245
2008   10  383.78459
2008   11  383.59058
2008   12  383.45985
2009    1  383.69177
2009    2  383.58520
2009    3  383.91881
2009    4  384.12740
2009    5  384.71256
2009    6  384.42391
2009    7  384.95296
2009    8  385.37852
2009    9  385.55809
2009   10  385.38195
2009   11  385.32988
2009   12  385.23608
2010    1  384.98879
2010    2  385.08742
2010    3  385.11879
2010    4  385.48704
2010    5  385.71272
2010    6  386.57692
2010    7  387.33977
2010    8  387.68130
2010    9  387.74419
2010   10  387.90822
2010   11  387.75359
2010   12  387.57973
2011    1  387.47699
2011    2  387.35569
2011    3  387.34745
2011    4  387.65548
2011    5  387.91608
2011    6  388.37895
2011    7  388.96507
2011    8  389.42022
2011    9  389.41347
2011   10  389.37462
2011   11  389.04851
2011   12  389.07118
2012    1  389.02470
2012    2  389.60541
2012    3  389.40602
2012    4  389.54112
2012    5  390.07142
2012    6  390.58109
2012    7  391.16698
2012    8  391.49926
2012    9  391.60601
2012   10  391.72822
2012   11  391.67836
2012   12  391.37620
2013    1  391.57193
2013    2  391.72210
2013    3  391.96608
2013    4  392.29993
2013    5  392.90986
2013    6  393.68978
2013    7  394.17375
2013    8  394.56217
2013    9  394.45929
2013   10  394.52274
2013   11  394.38007
2013   12  394.36380
2014    1  394.29293
2014    2  394.35731
2014    3  394.85117
2014    4  394.61779
2014    5  394.96456
2014    6  395.56596
2014    7  396.32668
2014    8  396.40558
2014    9  396.38593
2014   10  396.15534
2014   11  396.17423
2014   12  395.84990
2015    1  396.23718
2015    2  396.19900
2015    3  396.29781
2015    4  396.77357
2015    5  396.85739
2015    6  397.52002
2015    7  398.10257
2015    8  398.54238
2015    9  398.59186
2015   10  398.55699
2015   11  398.60394
2015   12  398.65641
2016    1  398.67638
2016    2  398.70062
2016    3  398.99934
2016    4  399.42097
2016    5  399.93998
2016    6  400.54889
2016    7  401.48079
2016    8  401.91971
2016    9  402.05580
2016   10  402.03051
2016   11  401.87660
2016   12  401.56415
2017    1  401.38530
2017    2  401.28434
2017    3  401.44095
2017    4  401.90195
2017    5  402.20970
2017    6  402.95901
2017    7  403.46137
2017    8  403.96111
2017    9  403.99321
2017   10  404.03873
2017   11  403.93433
2017   12  403.85843
