yy mm co2
2000    1  381.47898
2000    2  386.51135
2000    3  383.68083
2000    4  384.74388
2000    5  384.25752
2000    6  375.45920
2000    7  381.69994
2000    8  385.59642
2000    9  382.74701
2000   10  393.53222
2000   11  391.53156
2000   12  383.36535
2001    1  384.06273
2001    2  392.82115
2001    3  392.34743
2001    4  383.64893
2001    5  382.79800
2001    6  381.26938
2001    7  396.18838
2001    8  397.61994
2001    9  381.70404
2001   10  383.87711
2001   11  390.62044
2001   12  384.54789
2002    1  380.95517
2002    2  389.42511
2002    3  387.34477
2002    4  385.47668
2002    5  384.80604
2002    6  368.21456
2002    7  365.82054
2002    8  364.58191
2002    9  393.78850
2002   10  409.20702
2002   11  390.51613
2002   12  382.50149
2003    1  386.07224
2003    2  398.39296
2003    3  384.79629
2003    4  384.37589
2003    5  380.34873
2003    6  377.72261
2003    7  382.14654
2003    8  394.67815
2003    9  383.26698
2003   10  394.20387
2003   11  392.60296
2003   12  390.65949
2004    1  390.26493
2004    2  401.20780
2004    3  389.48076
2004    4  387.04136
2004    5  391.75138
2004    6  389.55748
2004    7  398.72498
2004    8  410.95499
2004    9  398.02410
2004   10  387.28619
2004   11  396.20980
2004   12  396.29618
2005    1  401.98214
2005    2  406.47160
2005    3  392.17944
2005    4  390.45350
2005    5  393.27604
2005    6  393.41921
2005    7  393.21496
2005    8  387.38680
2005    9  377.30945
2005   10  393.62375
2005   11  401.84762
2005   12  399.77330
2006    1  400.45020
2006    2  395.45321
2006    3  396.36268
2006    4  395.53011
2006    5  398.73153
2006    6  412.50861
2006    7  377.30474
2006    8  379.76482
2006    9  400.32863
2006   10  390.36301
2006   11  401.44625
2006   12  410.48817
2007    1  406.19937
2007    2  401.16865
2007    3  408.85853
2007    4  399.19312
2007    5  405.73586
2007    6  409.27087
2007    7  409.80775
2007    8  378.48152
2007    9  395.49125
2007   10  378.93176
2007   11  389.14342
2007   12  402.28211
2008    1  406.52385
2008    2  401.50486
2008    3  407.52033
2008    4  397.65611
2008    5  392.06067
2008    6  387.05682
2008    7  405.27398
2008    8  379.39000
2008    9  384.70683
2008   10  400.22965
2008   11  393.88519
2008   12  410.11683
2009    1  401.15576
2009    2  396.32118
2009    3  405.80810
2009    4  396.69708
2009    5  393.33254
2009    6  395.82711
2009    7  381.40535
2009    8  389.29383
2009    9  395.62781
2009   10  409.31930
2009   11  404.05666
2009   12  400.54633
2010    1  403.86568
2010    2  399.95738
2010    3  407.74461
2010    4  406.39483
2010    5  399.95095
2010    6  415.08776
2010    7  411.29778
2010    8  422.13744
2010    9  440.48714
2010   10  410.85857
2010   11  406.11764
2010   12  408.35500
2011    1  408.36420
2011    2  404.66196
2011    3  399.79062
2011    4  397.15739
2011    5  399.61372
2011    6  396.19140
2011    7  401.84805
2011    8  425.38493
2011    9  419.66431
2011   10  409.01630
2011   11  407.46888
2011   12  411.29513
2012    1  415.63163
2012    2  400.86303
2012    3  410.21436
2012    4  403.10831
2012    5  407.88986
2012    6  418.49853
2012    7  424.26918
2012    8  450.98766
2012    9  409.30515
2012   10  416.53885
2012   11  415.71379
2012   12  414.48593
2013    1  418.52493
2013    2  412.48745
2013    3  410.84643
2013    4  404.96653
2013    5  406.25766
2013    6  409.09654
2013    7  407.17993
2013    8  430.99650
2013    9  438.50057
2013   10  428.24080
2013   11  411.57991
2013   12  418.58412
2014    1  411.57790
2014    2  412.72218
2014    3  413.78135
2014    4  408.64796
2014    5  415.62741
2014    6  405.97111
2014    7  425.09206
2014    8  409.69194
2014    9  436.96965
2014   10  410.82685
2014   11  412.97410
2014   12  421.51433
2015    1  415.09233
2015    2  412.42762
2015    3  421.42122
2015    4  408.02066
2015    5  413.81997
2015    6  420.61345
2015    7  426.41209
2015    8  420.20122
2015    9  426.91361
2015   10  420.14779
2015   11  433.40970
2015   12  423.17290
2016    1  417.47614
2016    2  410.66113
2016    3  411.10697
2016    4  415.35759
2016    5  420.52614
2016    6  425.47652
2016    7  424.27913
2016    8  415.57962
2016    9  418.31561
2016   10  403.64682
2016   11  415.70942
2016   12  431.68190
2017    1  421.10341
2017    2  411.63168
2017    3  417.05684
2017    4  418.20397
2017    5  424.08501
2017    6  425.12864
2017    7  440.09110
2017    8  450.25087
2017    9  422.33855
2017   10  424.26965
2017   11  424.69299
2017   12  425.01549
