yy mm co2
2000    1  383.88124
2000    2  384.55965
2000    3  400.92270
2000    4  388.13933
2000    5  379.12189
2000    6  383.90097
2000    7  359.92911
2000    8  377.32339
2000    9  389.43923
2000   10  393.54630
2000   11  387.34300
2000   12  381.51062
2001    1  383.19457
2001    2  371.90344
2001    3  374.78664
2001    4  375.30260
2001    5  377.32767
2001    6  380.62848
2001    7  369.34690
2001    8  397.67142
2001    9  357.31142
2001   10  364.92007
2001   11  376.78186
2001   12  392.75832
2002    1  389.36900
2002    2  399.14733
2002    3  401.19168
2002    4  393.83885
2002    5  385.13404
2002    6  384.07592
2002    7  406.77327
2002    8  390.59223
2002    9  401.44104
2002   10  423.27741
2002   11  402.30362
2002   12  388.54568
2003    1  390.30064
2003    2  401.75742
2003    3  398.75071
2003    4  390.96139
2003    5  411.15901
2003    6  425.17568
2003    7  428.60219
2003    8  396.48020
2003    9  393.59086
2003   10  391.09250
2003   11  404.20014
2003   12  392.06396
2004    1  396.40823
2004    2  397.55867
2004    3  389.15229
2004    4  393.24752
2004    5  400.12400
2004    6  392.51297
2004    7  374.52308
2004    8  473.51344
2004    9  394.71409
2004   10  411.59466
2004   11  393.67526
2004   12  391.37920
2005    1  403.18028
2005    2  393.93484
2005    3  392.58448
2005    4  386.77544
2005    5  397.71330
2005    6  401.95271
2005    7  417.45332
2005    8  416.97867
2005    9  418.15056
2005   10  405.79715
2005   11  396.59016
2005   12  391.73444
2006    1  392.07522
2006    2  399.22688
2006    3  407.10653
2006    4  398.05341
2006    5  391.47548
2006    6  382.45687
2006    7  389.57864
2006    8  392.85404
2006    9  417.61636
2006   10  404.32700
2006   11  388.00656
2006   12  401.77954
2007    1  399.46326
2007    2  389.19132
2007    3  400.93076
2007    4  393.58178
2007    5  396.18459
2007    6  397.52279
2007    7  409.77367
2007    8  423.64723
2007    9  410.20507
2007   10  398.10551
2007   11  399.42647
2007   12  405.73321
2008    1  407.01550
2008    2  406.52262
2008    3  420.33533
2008    4  407.96926
2008    5  396.90643
2008    6  414.94638
2008    7  421.27090
2008    8  396.07086
2008    9  415.87869
2008   10  391.96431
2008   11  398.37876
2008   12  401.37852
2009    1  399.16771
2009    2  404.72654
2009    3  405.67954
2009    4  401.31691
2009    5  405.12288
2009    6  414.60583
2009    7  406.17341
2009    8  421.69000
2009    9  404.74968
2009   10  419.82444
2009   11  398.38752
2009   12  417.57611
2010    1  405.21775
2010    2  408.95541
2010    3  407.73052
2010    4  410.15926
2010    5  391.64216
2010    6  392.04635
2010    7  402.40717
2010    8  389.32194
2010    9  411.17240
2010   10  416.80536
2010   11  403.45252
2010   12  406.88456
2011    1  410.15737
2011    2  421.77117
2011    3  404.09068
2011    4  401.87460
2011    5  411.55526
2011    6  398.97149
2011    7  391.57248
2011    8  401.12672
2011    9  427.37907
2011   10  414.17754
2011   11  401.92282
2011   12  397.59642
2012    1  400.39266
2012    2  401.89919
2012    3  406.32102
2012    4  404.08998
2012    5  410.54943
2012    6  402.16136
2012    7  459.50842
2012    8  415.82223
2012    9  412.12200
2012   10  423.38925
2012   11  429.13540
2012   12  405.56461
2013    1  401.87608
2013    2  403.41730
2013    3  410.37158
2013    4  399.72924
2013    5  401.38792
2013    6  407.38372
2013    7  388.02726
2013    8  384.28491
2013    9  423.25104
2013   10  454.05957
2013   11  407.00633
2013   12  412.52264
2014    1  411.03791
2014    2  424.60187
2014    3  426.26847
2014    4  421.17556
2014    5  399.01273
2014    6  407.15671
2014    7  395.60517
2014    8  432.42879
2014    9  454.29819
2014   10  434.43372
2014   11  413.17526
2014   12  412.95314
2015    1  409.26263
2015    2  423.81822
2015    3  416.74403
2015    4  405.99034
2015    5  407.43622
2015    6  390.48897
2015    7  412.07942
2015    8  466.67887
2015    9  439.24677
2015   10  420.93673
2015   11  413.53519
2015   12  417.50210
2016    1  433.28232
2016    2  427.05616
2016    3  421.02652
2016    4  409.64983
2016    5  416.01123
2016    6  387.79067
2016    7  406.64745
2016    8  397.00430
2016    9  430.29187
2016   10  424.84855
2016   11  428.28842
2016   12  426.91475
2017    1  425.35365
2017    2  413.79649
2017    3  419.78699
2017    4  414.03226
2017    5  412.13329
2017    6  428.58018
2017    7  442.78053
2017    8  445.81317
2017    9  473.09670
2017   10  422.37478
2017   11  430.06317
2017   12  430.39178
