yy mm co2
2000    1  366.14155
2000    2  366.03931
2000    3  366.18023
2000    4  366.47156
2000    5  366.80829
2000    6  367.35064
2000    7  367.80344
2000    8  368.05097
2000    9  368.10149
2000   10  368.02349
2000   11  367.86229
2000   12  367.68839
2001    1  367.45841
2001    2  367.29616
2001    3  367.27247
2001    4  367.55321
2001    5  367.94451
2001    6  368.50080
2001    7  369.11294
2001    8  369.44592
2001    9  369.72982
2001   10  369.74659
2001   11  369.67243
2001   12  369.55616
2002    1  369.44842
2002    2  369.36422
2002    3  369.43535
2002    4  369.55497
2002    5  369.93876
2002    6  370.56301
2002    7  371.09049
2002    8  371.56121
2002    9  371.91517
2002   10  372.01127
2002   11  371.96561
2002   12  371.91669
2003    1  371.73278
2003    2  371.73228
2003    3  371.78630
2003    4  372.01916
2003    5  372.44117
2003    6  372.94792
2003    7  373.51809
2003    8  374.06341
2003    9  374.31630
2003   10  374.21018
2003   11  374.09025
2003   12  373.93815
2004    1  373.74653
2004    2  373.68166
2004    3  373.87875
2004    4  374.10171
2004    5  374.49700
2004    6  375.09380
2004    7  375.61572
2004    8  376.12949
2004    9  376.15153
2004   10  375.94917
2004   11  375.74000
2004   12  375.52457
2005    1  375.45676
2005    2  375.24328
2005    3  375.35734
2005    4  375.68662
2005    5  376.32688
2005    6  377.02240
2005    7  377.61193
2005    8  378.10288
2005    9  378.29709
2005   10  378.30079
2005   11  378.13550
2005   12  377.94013
2006    1  377.79726
2006    2  377.61938
2006    3  377.79214
2006    4  378.03155
2006    5  378.48495
2006    6  379.11418
2006    7  379.43598
2006    8  379.70528
2006    9  379.80924
2006   10  379.77140
2006   11  379.68467
2006   12  379.56933
2007    1  379.38316
2007    2  379.37728
2007    3  379.56686
2007    4  379.75909
2007    5  380.17114
2007    6  380.75968
2007    7  381.30974
2007    8  381.71589
2007    9  381.94109
2007   10  382.00410
2007   11  381.93946
2007   12  381.69447
2008    1  381.66635
2008    2  381.58541
2008    3  381.69199
2008    4  382.00815
2008    5  382.44706
2008    6  382.79733
2008    7  383.37574
2008    8  383.66113
2008    9  383.70863
2008   10  383.73671
2008   11  383.59888
2008   12  383.38877
2009    1  383.26223
2009    2  383.21072
2009    3  383.30906
2009    4  383.46800
2009    5  383.72877
2009    6  384.20697
2009    7  384.85977
2009    8  385.22732
2009    9  385.41236
2009   10  385.35436
2009   11  385.24711
2009   12  385.07424
2010    1  384.87182
2010    2  384.67147
2010    3  384.69126
2010    4  384.94711
2010    5  385.38262
2010    6  386.11269
2010    7  386.89157
2010    8  387.39876
2010    9  387.73374
2010   10  387.67228
2010   11  387.56151
2010   12  387.36835
2011    1  387.06802
2011    2  386.92079
2011    3  386.94061
2011    4  387.13031
2011    5  387.46803
2011    6  388.04841
2011    7  388.68381
2011    8  389.00523
2011    9  389.22325
2011   10  389.11714
2011   11  389.13728
2011   12  388.96585
2012    1  388.76515
2012    2  388.57418
2012    3  388.68663
2012    4  389.11318
2012    5  389.67896
2012    6  390.30792
2012    7  390.88773
2012    8  391.33080
2012    9  391.53869
2012   10  391.52548
2012   11  391.50892
2012   12  391.35542
2013    1  391.19142
2013    2  391.24311
2013    3  391.35214
2013    4  391.83858
2013    5  392.43844
2013    6  393.04947
2013    7  393.72133
2013    8  394.22294
2013    9  394.41616
2013   10  394.34328
2013   11  394.24666
2013   12  394.03985
2014    1  393.91554
2014    2  393.77768
2014    3  393.72258
2014    4  394.06479
2014    5  394.60132
2014    6  395.08866
2014    7  395.65252
2014    8  396.01108
2014    9  396.20505
2014   10  396.11166
2014   11  395.93887
2014   12  395.62368
2015    1  395.49114
2015    2  395.65479
2015    3  395.78072
2015    4  396.09725
2015    5  396.55849
2015    6  397.24339
2015    7  397.77387
2015    8  398.37361
2015    9  398.59189
2015   10  398.57786
2015   11  398.59582
2015   12  398.54998
2016    1  398.37832
2016    2  398.40178
2016    3  398.72117
2016    4  399.06125
2016    5  399.52327
2016    6  400.10916
2016    7  400.96443
2016    8  401.61351
2016    9  401.88528
2016   10  401.92468
2016   11  401.71188
2016   12  401.39887
2017    1  401.06717
2017    2  400.91507
2017    3  400.89758
2017    4  401.25439
2017    5  401.89407
2017    6  402.46765
2017    7  403.13933
2017    8  403.66163
2017    9  403.86544
2017   10  403.72281
2017   11  403.63771
2017   12  403.57848
