yy mm co2
2000    1  378.81947
2000    2  376.50429
2000    3  382.85443
2000    4  383.15792
2000    5  380.41014
2000    6  376.65782
2000    7  367.59122
2000    8  369.69144
2000    9  374.53428
2000   10  374.66179
2000   11  376.78130
2000   12  379.95345
2001    1  380.42874
2001    2  381.20369
2001    3  382.79526
2001    4  383.75740
2001    5  383.27661
2001    6  378.69505
2001    7  371.40425
2001    8  378.45824
2001    9  397.52366
2001   10  382.51135
2001   11  380.20461
2001   12  379.25088
2002    1  381.67040
2002    2  383.38365
2002    3  379.39308
2002    4  384.48500
2002    5  389.14374
2002    6  378.69916
2002    7  378.51883
2002    8  378.71007
2002    9  380.94691
2002   10  380.71763
2002   11  384.24513
2002   12  383.18479
2003    1  385.27761
2003    2  387.86090
2003    3  389.41173
2003    4  390.22969
2003    5  390.95338
2003    6  384.22685
2003    7  384.16736
2003    8  381.62657
2003    9  377.81161
2003   10  382.01353
2003   11  386.74759
2003   12  386.57660
2004    1  388.16495
2004    2  389.77806
2004    3  390.69456
2004    4  392.63075
2004    5  389.05343
2004    6  379.38537
2004    7  377.69295
2004    8  370.61944
2004    9  376.51596
2004   10  384.94027
2004   11  385.74782
2004   12  389.87666
2005    1  389.54566
2005    2  389.96511
2005    3  392.36483
2005    4  392.29461
2005    5  393.42561
2005    6  386.69683
2005    7  382.16633
2005    8  386.92763
2005    9  387.69224
2005   10  387.06444
2005   11  393.42081
2005   12  390.75952
2006    1  398.13481
2006    2  397.61365
2006    3  397.55699
2006    4  397.91147
2006    5  388.46320
2006    6  382.35204
2006    7  382.37998
2006    8  397.83359
2006    9  403.26270
2006   10  398.04142
2006   11  398.03647
2006   12  397.32564
2007    1  398.04567
2007    2  404.94013
2007    3  406.19294
2007    4  405.25207
2007    5  396.03346
2007    6  391.93753
2007    7  390.22445
2007    8  390.83883
2007    9  392.41329
2007   10  393.44808
2007   11  400.48704
2007   12  399.81338
2008    1  398.63371
2008    2  400.92863
2008    3  406.43013
2008    4  403.01663
2008    5  398.59876
2008    6  394.29191
2008    7  393.80119
2008    8  396.16469
2008    9  400.20709
2008   10  400.53265
2008   11  404.43064
2008   12  398.45114
2009    1  401.63644
2009    2  406.46081
2009    3  399.86748
2009    4  401.15256
2009    5  396.16862
2009    6  393.37305
2009    7  387.91765
2009    8  387.95141
2009    9  390.24360
2009   10  398.95176
2009   11  402.24221
2009   12  403.57115
2010    1  403.58884
2010    2  404.84202
2010    3  405.12960
2010    4  401.43786
2010    5  408.21923
2010    6  402.78735
2010    7  405.16639
2010    8  397.94378
2010    9  404.58914
2010   10  403.41256
2010   11  411.21902
2010   12  404.37991
2011    1  405.02468
2011    2  419.09455
2011    3  408.12691
2011    4  409.66066
2011    5  406.55080
2011    6  400.45672
2011    7  392.82933
2011    8  404.41158
2011    9  404.65838
2011   10  416.65905
2011   11  416.36699
2011   12  409.78339
2012    1  412.52552
2012    2  411.12863
2012    3  409.65297
2012    4  411.08212
2012    5  405.73429
2012    6  403.95264
2012    7  402.72484
2012    8  412.91639
2012    9  405.85437
2012   10  411.97092
2012   11  409.11583
2012   12  412.14834
2013    1  419.40116
2013    2  416.38035
2013    3  414.90397
2013    4  411.82627
2013    5  410.62056
2013    6  407.81143
2013    7  415.36640
2013    8  403.95901
2013    9  412.98190
2013   10  415.11230
2013   11  417.44558
2013   12  413.75062
2014    1  416.56895
2014    2  422.88669
2014    3  420.60591
2014    4  411.80101
2014    5  413.17998
2014    6  420.59366
2014    7  404.83268
2014    8  406.74920
2014    9  404.86534
2014   10  411.34120
2014   11  418.10080
2014   12  412.12593
2015    1  417.02035
2015    2  418.06506
2015    3  423.68582
2015    4  426.29224
2015    5  416.57663
2015    6  407.54973
2015    7  406.62973
2015    8  396.90398
2015    9  401.09930
2015   10  408.85760
2015   11  414.12588
2015   12  426.46064
2016    1  417.04017
2016    2  417.65042
2016    3  420.75763
2016    4  421.30210
2016    5  418.23136
2016    6  413.00483
2016    7  406.11185
2016    8  399.17859
2016    9  419.25107
2016   10  423.69746
2016   11  426.05674
2016   12  427.51446
2017    1  427.33713
2017    2  429.33851
2017    3  424.06106
2017    4  421.71407
2017    5  418.54088
2017    6  418.32606
2017    7  415.11728
2017    8  406.02672
2017    9  432.37512
2017   10  432.79576
2017   11  425.34401
2017   12  423.72086
