yy mm co2
2000    1  375.78135
2000    2  367.57396
2000    3  377.94883
2000    4  377.52357
2000    5  383.57798
2000    6  385.21737
2000    7  370.58647
2000    8  373.95605
2000    9  375.93252
2000   10  379.98887
2000   11  391.63022
2000   12  389.17668
2001    1  379.59195
2001    2  375.50257
2001    3  378.43696
2001    4  380.64548
2001    5  383.99655
2001    6  375.29980
2001    7  371.60318
2001    8  388.71833
2001    9  385.87916
2001   10  383.61660
2001   11  380.31494
2001   12  375.98918
2002    1  384.54391
2002    2  383.34829
2002    3  381.36131
2002    4  382.03178
2002    5  382.40605
2002    6  381.34091
2002    7  375.55688
2002    8  380.15400
2002    9  379.11779
2002   10  386.23405
2002   11  394.67451
2002   12  378.82270
2003    1  379.29034
2003    2  390.75720
2003    3  381.41158
2003    4  385.43483
2003    5  387.46197
2003    6  380.89816
2003    7  390.05405
2003    8  383.18074
2003    9  381.51504
2003   10  391.80790
2003   11  392.94356
2003   12  390.26167
2004    1  385.12127
2004    2  382.58953
2004    3  388.40162
2004    4  391.11087
2004    5  386.70975
2004    6  389.93603
2004    7  384.58771
2004    8  372.83197
2004    9  375.20297
2004   10  383.30862
2004   11  382.64602
2004   12  391.93366
2005    1  386.34278
2005    2  386.52233
2005    3  385.42791
2005    4  389.34851
2005    5  394.86540
2005    6  394.43810
2005    7  390.06982
2005    8  382.73775
2005    9  382.60859
2005   10  387.41407
2005   11  381.90297
2005   12  394.90632
2006    1  396.91746
2006    2  391.40688
2006    3  390.41252
2006    4  392.63791
2006    5  398.66843
2006    6  392.97997
2006    7  389.50628
2006    8  380.80369
2006    9  384.03651
2006   10  379.99137
2006   11  383.27245
2006   12  394.50295
2007    1  401.75111
2007    2  401.39857
2007    3  392.30898
2007    4  390.60976
2007    5  394.31627
2007    6  386.74794
2007    7  386.18714
2007    8  386.93019
2007    9  384.44332
2007   10  400.78745
2007   11  408.19097
2007   12  397.46572
2008    1  399.08203
2008    2  397.40099
2008    3  395.21401
2008    4  397.01856
2008    5  402.90772
2008    6  395.51387
2008    7  388.78457
2008    8  399.96940
2008    9  383.25909
2008   10  404.13288
2008   11  390.67899
2008   12  408.33364
2009    1  402.79797
2009    2  397.83309
2009    3  392.49807
2009    4  391.15999
2009    5  399.50176
2009    6  392.63273
2009    7  382.90673
2009    8  396.02382
2009    9  408.32561
2009   10  398.09724
2009   11  393.35430
2009   12  400.81487
2010    1  398.64820
2010    2  402.08586
2010    3  395.06255
2010    4  397.69171
2010    5  399.53669
2010    6  399.32609
2010    7  392.29280
2010    8  400.45756
2010    9  405.81709
2010   10  404.49965
2010   11  427.92343
2010   12  406.33374
2011    1  425.44553
2011    2  404.05971
2011    3  398.51302
2011    4  399.72537
2011    5  397.88397
2011    6  404.42887
2011    7  393.81813
2011    8  391.19678
2011    9  395.19134
2011   10  419.43829
2011   11  405.50804
2011   12  406.94352
2012    1  402.59844
2012    2  398.51011
2012    3  402.83144
2012    4  409.09208
2012    5  405.84258
2012    6  399.69539
2012    7  403.85575
2012    8  399.32708
2012    9  403.35502
2012   10  408.07857
2012   11  414.33709
2012   12  405.55091
2013    1  405.80527
2013    2  392.72042
2013    3  396.73338
2013    4  398.97260
2013    5  405.42521
2013    6  405.55515
2013    7  395.19556
2013    8  402.53357
2013    9  408.45844
2013   10  430.92636
2013   11  407.30427
2013   12  419.48873
2014    1  405.48519
2014    2  400.68792
2014    3  406.06695
2014    4  410.54972
2014    5  413.29238
2014    6  407.13596
2014    7  403.75799
2014    8  398.42690
2014    9  406.42399
2014   10  428.47011
2014   11  413.74133
2014   12  407.78835
2015    1  438.36806
2015    2  427.16367
2015    3  403.82735
2015    4  407.79152
2015    5  413.25454
2015    6  412.60204
2015    7  409.65591
2015    8  405.53266
2015    9  414.01808
2015   10  420.33321
2015   11  427.23009
2015   12  405.95315
2016    1  405.44831
2016    2  409.54509
2016    3  410.64064
2016    4  416.85507
2016    5  410.78404
2016    6  410.37740
2016    7  403.43060
2016    8  404.20174
2016    9  403.69036
2016   10  416.96758
2016   11  424.20658
2016   12  419.52322
2017    1  418.48375
2017    2  410.65170
2017    3  416.04144
2017    4  420.26190
2017    5  417.02311
2017    6  409.27072
2017    7  414.33846
2017    8  422.39582
2017    9  417.63383
2017   10  425.39986
2017   11  420.67529
2017   12  428.07043
