yy mm co2
2000    1  379.07506
2000    2  371.91980
2000    3  377.08957
2000    4  381.91595
2000    5  392.75101
2000    6  372.96416
2000    7  364.16130
2000    8  364.65604
2000    9  369.37738
2000   10  385.27162
2000   11  383.51101
2000   12  382.28024
2001    1  385.28774
2001    2  381.49807
2001    3  380.33907
2001    4  391.24780
2001    5  368.50476
2001    6  367.93124
2001    7  366.64112
2001    8  375.10469
2001    9  379.07509
2001   10  382.09732
2001   11  389.23864
2001   12  382.18306
2002    1  380.87068
2002    2  380.06398
2002    3  382.86057
2002    4  394.71631
2002    5  378.18309
2002    6  378.04313
2002    7  369.62808
2002    8  380.00642
2002    9  382.95976
2002   10  389.33684
2002   11  385.07726
2002   12  385.59778
2003    1  379.12169
2003    2  378.24226
2003    3  385.29097
2003    4  383.15135
2003    5  376.25476
2003    6  379.61508
2003    7  373.41693
2003    8  375.73805
2003    9  378.24470
2003   10  385.14831
2003   11  385.81985
2003   12  389.72209
2004    1  386.85169
2004    2  393.38809
2004    3  389.85955
2004    4  389.56481
2004    5  388.87392
2004    6  376.55357
2004    7  368.11497
2004    8  373.90762
2004    9  388.72001
2004   10  392.97919
2004   11  391.41194
2004   12  387.79879
2005    1  392.23713
2005    2  390.42305
2005    3  393.08661
2005    4  392.95471
2005    5  389.34805
2005    6  383.45857
2005    7  372.61817
2005    8  381.66557
2005    9  393.18990
2005   10  393.08440
2005   11  386.46103
2005   12  390.32829
2006    1  397.79017
2006    2  391.05921
2006    3  397.00934
2006    4  383.61154
2006    5  388.17464
2006    6  377.71449
2006    7  381.33818
2006    8  388.21599
2006    9  379.33388
2006   10  393.13451
2006   11  399.89746
2006   12  395.72921
2007    1  393.96810
2007    2  394.59430
2007    3  397.09421
2007    4  398.72999
2007    5  391.59792
2007    6  384.55569
2007    7  376.37952
2007    8  390.86243
2007    9  397.69031
2007   10  398.33674
2007   11  398.11857
2007   12  401.08769
2008    1  399.90322
2008    2  402.18397
2008    3  404.59578
2008    4  406.69148
2008    5  403.41882
2008    6  394.81904
2008    7  385.47741
2008    8  383.03217
2008    9  389.88711
2008   10  393.20037
2008   11  397.21694
2008   12  395.93087
2009    1  395.66966
2009    2  397.02983
2009    3  400.10680
2009    4  401.59200
2009    5  397.40055
2009    6  385.34158
2009    7  381.28759
2009    8  384.85540
2009    9  399.66789
2009   10  400.48413
2009   11  416.05253
2009   12  401.78641
2010    1  401.68638
2010    2  402.58875
2010    3  413.12334
2010    4  410.05868
2010    5  404.51210
2010    6  391.92158
2010    7  388.36224
2010    8  394.56537
2010    9  405.22445
2010   10  411.31629
2010   11  399.93654
2010   12  404.29909
2011    1  403.88276
2011    2  404.29513
2011    3  407.68314
2011    4  414.88980
2011    5  402.82658
2011    6  395.58657
2011    7  385.96851
2011    8  396.71673
2011    9  407.36614
2011   10  403.68439
2011   11  407.23293
2011   12  398.27029
2012    1  400.45008
2012    2  402.44736
2012    3  401.40422
2012    4  399.80264
2012    5  395.08325
2012    6  397.10253
2012    7  395.70907
2012    8  403.11200
2012    9  403.08115
2012   10  402.11924
2012   11  410.95976
2012   12  408.40430
2013    1  403.27679
2013    2  404.04647
2013    3  406.07559
2013    4  411.80680
2013    5  406.30368
2013    6  405.18111
2013    7  395.16925
2013    8  409.21260
2013    9  419.06224
2013   10  402.93272
2013   11  405.84183
2013   12  408.16821
2014    1  405.69267
2014    2  406.33584
2014    3  407.04900
2014    4  414.40784
2014    5  417.24427
2014    6  407.07242
2014    7  398.24846
2014    8  401.62005
2014    9  394.95507
2014   10  404.24464
2014   11  405.25678
2014   12  416.02258
2015    1  411.77144
2015    2  413.69264
2015    3  409.84352
2015    4  415.63186
2015    5  416.69354
2015    6  406.73962
2015    7  394.42617
2015    8  399.08814
2015    9  419.52392
2015   10  414.60761
2015   11  412.86554
2015   12  417.75286
2016    1  413.31723
2016    2  418.30351
2016    3  413.39212
2016    4  419.74190
2016    5  412.23771
2016    6  403.03796
2016    7  399.24460
2016    8  417.98234
2016    9  423.04286
2016   10  411.40482
2016   11  419.87843
2016   12  413.54529
2017    1  414.00208
2017    2  414.48176
2017    3  422.48229
2017    4  425.44524
2017    5  416.14217
2017    6  404.41370
2017    7  400.56717
2017    8  422.44565
2017    9  415.74860
2017   10  419.37016
2017   11  421.29488
2017   12  419.65712
