yy mm co2
2000    1  384.08994
2000    2  379.98913
2000    3  380.75587
2000    4  382.17183
2000    5  376.14576
2000    6  373.42662
2000    7  370.72634
2000    8  378.93900
2000    9  380.12283
2000   10  392.22467
2000   11  382.50192
2000   12  388.56640
2001    1  390.03577
2001    2  383.25414
2001    3  383.69413
2001    4  382.18769
2001    5  377.54519
2001    6  379.10507
2001    7  380.31541
2001    8  377.68963
2001    9  375.23490
2001   10  387.33761
2001   11  382.48682
2001   12  383.74963
2002    1  388.31207
2002    2  383.42120
2002    3  385.39580
2002    4  384.86754
2002    5  381.94281
2002    6  385.88140
2002    7  374.05378
2002    8  390.26770
2002    9  380.36244
2002   10  378.50271
2002   11  389.63868
2002   12  394.18420
2003    1  388.82383
2003    2  394.98974
2003    3  388.90410
2003    4  385.56228
2003    5  383.94378
2003    6  384.89210
2003    7  372.68689
2003    8  377.06812
2003    9  377.74988
2003   10  383.72178
2003   11  396.33538
2003   12  395.73153
2004    1  390.35562
2004    2  389.61263
2004    3  391.22789
2004    4  390.91881
2004    5  387.93628
2004    6  386.78345
2004    7  376.00778
2004    8  377.50820
2004    9  377.35305
2004   10  393.50169
2004   11  396.88742
2004   12  398.65804
2005    1  389.45640
2005    2  395.54265
2005    3  393.07727
2005    4  390.38243
2005    5  388.47656
2005    6  388.18395
2005    7  387.03810
2005    8  381.16929
2005    9  390.82216
2005   10  399.09742
2005   11  400.61664
2005   12  392.06436
2006    1  403.05383
2006    2  397.26126
2006    3  394.41223
2006    4  391.65118
2006    5  386.80472
2006    6  388.37543
2006    7  383.91229
2006    8  377.19216
2006    9  397.08387
2006   10  396.00857
2006   11  393.55989
2006   12  397.03489
2007    1  389.49793
2007    2  397.59040
2007    3  395.31171
2007    4  393.76115
2007    5  390.03373
2007    6  387.15432
2007    7  388.09452
2007    8  382.20285
2007    9  387.03391
2007   10  395.70229
2007   11  399.40680
2007   12  400.78629
2008    1  397.45428
2008    2  402.13446
2008    3  396.35372
2008    4  397.26929
2008    5  392.76807
2008    6  389.76746
2008    7  387.25312
2008    8  386.10693
2008    9  388.83416
2008   10  396.24970
2008   11  395.38054
2008   12  403.78943
2009    1  407.14160
2009    2  403.40601
2009    3  400.08503
2009    4  397.78725
2009    5  393.74470
2009    6  391.12268
2009    7  390.84424
2009    8  396.14155
2009    9  397.71580
2009   10  392.67799
2009   11  399.20225
2009   12  401.73242
2010    1  409.51470
2010    2  408.42945
2010    3  400.98763
2010    4  400.05686
2010    5  399.63773
2010    6  390.81534
2010    7  397.90678
2010    8  386.84587
2010    9  394.09465
2010   10  400.15034
2010   11  405.39843
2010   12  411.06902
2011    1  407.23154
2011    2  409.51488
2011    3  404.94627
2011    4  401.19400
2011    5  398.96401
2011    6  398.34357
2011    7  390.28254
2011    8  399.13278
2011    9  399.54207
2011   10  403.57577
2011   11  419.32747
2011   12  402.44599
2012    1  403.75703
2012    2  407.54981
2012    3  405.73030
2012    4  403.29268
2012    5  400.23241
2012    6  394.36654
2012    7  398.97038
2012    8  396.01853
2012    9  408.37008
2012   10  410.76567
2012   11  411.36879
2012   12  407.85089
2013    1  414.64137
2013    2  417.82754
2013    3  413.59576
2013    4  409.07867
2013    5  401.54549
2013    6  400.02420
2013    7  410.81393
2013    8  396.43797
2013    9  400.45820
2013   10  409.11566
2013   11  412.63466
2013   12  410.19020
2014    1  418.13136
2014    2  411.84598
2014    3  413.11260
2014    4  410.34265
2014    5  405.30413
2014    6  408.28716
2014    7  406.55900
2014    8  396.62974
2014    9  402.77196
2014   10  404.73987
2014   11  420.04339
2014   12  413.93589
2015    1  411.03718
2015    2  417.44069
2015    3  413.59983
2015    4  410.94614
2015    5  409.96290
2015    6  402.94544
2015    7  402.12317
2015    8  399.72068
2015    9  401.48501
2015   10  412.83952
2015   11  409.06674
2015   12  415.55497
2016    1  415.58602
2016    2  415.54630
2016    3  415.53893
2016    4  412.71493
2016    5  406.42801
2016    6  407.59557
2016    7  406.28048
2016    8  394.09331
2016    9  413.28365
2016   10  419.35430
2016   11  420.69779
2016   12  427.62363
2017    1  423.04242
2017    2  425.15885
2017    3  417.63097
2017    4  414.30298
2017    5  409.32311
2017    6  412.75262
2017    7  413.28114
2017    8  418.44862
2017    9  410.79323
2017   10  409.15469
2017   11  420.86330
2017   12  418.76524
