yy mm co2
2000    1  375.09756
2000    2  374.51711
2000    3  376.64667
2000    4  375.19817
2000    5  379.20321
2000    6  378.49642
2000    7  372.12943
2000    8  377.43445
2000    9  369.77723
2000   10  369.18744
2000   11  375.15908
2000   12  374.23195
2001    1  375.31491
2001    2  375.66206
2001    3  376.09829
2001    4  377.60049
2001    5  377.91702
2001    6  374.51289
2001    7  368.62804
2001    8  377.67628
2001    9  375.07428
2001   10  377.17749
2001   11  375.50551
2001   12  374.88237
2002    1  377.79825
2002    2  378.27142
2002    3  378.44409
2002    4  380.32973
2002    5  379.43831
2002    6  377.15549
2002    7  375.20909
2002    8  378.36924
2002    9  374.90492
2002   10  376.45028
2002   11  379.94634
2002   12  376.11692
2003    1  376.57295
2003    2  381.26358
2003    3  379.34075
2003    4  382.57879
2003    5  385.46583
2003    6  381.75445
2003    7  385.77325
2003    8  377.62269
2003    9  379.92952
2003   10  383.03828
2003   11  380.93736
2003   12  381.64260
2004    1  381.57377
2004    2  381.98440
2004    3  386.08490
2004    4  387.23860
2004    5  383.94399
2004    6  386.02040
2004    7  384.63340
2004    8  379.10792
2004    9  372.89743
2004   10  373.54149
2004   11  375.12084
2004   12  382.38289
2005    1  382.73848
2005    2  383.58304
2005    3  384.42051
2005    4  385.92675
2005    5  385.93711
2005    6  387.94891
2005    7  388.04152
2005    8  380.18450
2005    9  376.24213
2005   10  381.50162
2005   11  381.84325
2005   12  387.70025
2006    1  387.56072
2006    2  385.75675
2006    3  387.81139
2006    4  390.32774
2006    5  389.52925
2006    6  393.46470
2006    7  389.47299
2006    8  383.91148
2006    9  378.46758
2006   10  378.80102
2006   11  382.76447
2006   12  387.50263
2007    1  389.65474
2007    2  391.03432
2007    3  388.06058
2007    4  391.84038
2007    5  392.19909
2007    6  388.28290
2007    7  382.45111
2007    8  379.64637
2007    9  382.77253
2007   10  389.52581
2007   11  392.88626
2007   12  389.47526
2008    1  390.20402
2008    2  390.58740
2008    3  391.18525
2008    4  392.20028
2008    5  395.99091
2008    6  393.42907
2008    7  391.33703
2008    8  393.31187
2008    9  380.10688
2008   10  390.41726
2008   11  387.56154
2008   12  394.87937
2009    1  391.88867
2009    2  393.11519
2009    3  391.80246
2009    4  390.08100
2009    5  397.01193
2009    6  393.05392
2009    7  391.74999
2009    8  394.14392
2009    9  389.61094
2009   10  391.17917
2009   11  390.88915
2009   12  393.33108
2010    1  393.34508
2010    2  395.39527
2010    3  394.80324
2010    4  396.63789
2010    5  395.42801
2010    6  393.06606
2010    7  393.35739
2010    8  389.88431
2010    9  392.38215
2010   10  395.91885
2010   11  403.18802
2010   12  397.24479
2011    1  400.84607
2011    2  397.72459
2011    3  396.92700
2011    4  397.96584
2011    5  399.63351
2011    6  403.00254
2011    7  395.28072
2011    8  388.68393
2011    9  389.31842
2011   10  400.29205
2011   11  397.06958
2011   12  399.31451
2012    1  397.29974
2012    2  397.96607
2012    3  399.97158
2012    4  401.42200
2012    5  402.39704
2012    6  399.67464
2012    7  400.29830
2012    8  389.20838
2012    9  394.60289
2012   10  397.10122
2012   11  404.26166
2012   12  400.08099
2013    1  399.62569
2013    2  399.73576
2013    3  403.02856
2013    4  401.77628
2013    5  405.62384
2013    6  403.42959
2013    7  391.85793
2013    8  400.32252
2013    9  398.50999
2013   10  403.92063
2013   11  403.97610
2013   12  404.83379
2014    1  404.06408
2014    2  401.96176
2014    3  404.64604
2014    4  408.50579
2014    5  411.40729
2014    6  408.21120
2014    7  405.57110
2014    8  401.02613
2014    9  395.89294
2014   10  407.17042
2014   11  403.86690
2014   12  403.99705
2015    1  407.07560
2015    2  407.72263
2015    3  405.08137
2015    4  407.87130
2015    5  408.43795
2015    6  407.93073
2015    7  404.59260
2015    8  406.23156
2015    9  405.02188
2015   10  409.38228
2015   11  411.15968
2015   12  407.04184
2016    1  408.50753
2016    2  409.17791
2016    3  410.34984
2016    4  410.85333
2016    5  408.62506
2016    6  409.16351
2016    7  399.65849
2016    8  398.20999
2016    9  400.66673
2016   10  410.41023
2016   11  411.27691
2016   12  410.92734
2017    1  410.56555
2017    2  410.65802
2017    3  412.04615
2017    4  415.03695
2017    5  412.51603
2017    6  410.77781
2017    7  409.32756
2017    8  411.88693
2017    9  407.33416
2017   10  409.62710
2017   11  412.27776
2017   12  416.48481
