yy mm co2
2000    1  382.69121
2000    2  380.51879
2000    3  407.67482
2000    4  390.01301
2000    5  367.34139
2000    6  387.65019
2000    7  403.52909
2000    8  367.13493
2000    9  398.07198
2000   10  387.99798
2000   11  382.77276
2000   12  381.43017
2001    1  381.81906
2001    2  383.31116
2001    3  373.12275
2001    4  376.75674
2001    5  385.52051
2001    6  394.38860
2001    7  390.76828
2001    8  366.26312
2001    9  377.92404
2001   10  371.40268
2001   11  389.36996
2001   12  382.15588
2002    1  375.76200
2002    2  383.56136
2002    3  381.93699
2002    4  387.85872
2002    5  396.27100
2002    6  376.08584
2002    7  362.02115
2002    8  376.35124
2002    9  381.21411
2002   10  375.27038
2002   11  384.60304
2002   12  378.66118
2003    1  383.82100
2003    2  391.61884
2003    3  388.83940
2003    4  405.89314
2003    5  410.25478
2003    6  391.90328
2003    7  390.74788
2003    8  375.06036
2003    9  372.93023
2003   10  374.75416
2003   11  369.31987
2003   12  383.06735
2004    1  407.58320
2004    2  401.07861
2004    3  394.71962
2004    4  408.41752
2004    5  401.89194
2004    6  383.95578
2004    7  386.86901
2004    8  418.80721
2004    9  399.33124
2004   10  388.74411
2004   11  387.87007
2004   12  384.81152
2005    1  395.98547
2005    2  396.12633
2005    3  397.82020
2005    4  402.85091
2005    5  392.18011
2005    6  401.02744
2005    7  419.30526
2005    8  382.49308
2005    9  380.50913
2005   10  383.62324
2005   11  391.90886
2005   12  399.71949
2006    1  386.70955
2006    2  394.12733
2006    3  393.95771
2006    4  397.13751
2006    5  405.70871
2006    6  378.66674
2006    7  388.51821
2006    8  380.16294
2006    9  375.78112
2006   10  389.11332
2006   11  384.81489
2006   12  391.15301
2007    1  396.39985
2007    2  416.86607
2007    3  396.39304
2007    4  405.95650
2007    5  389.95061
2007    6  370.77095
2007    7  381.10107
2007    8  381.21271
2007    9  405.24444
2007   10  405.73251
2007   11  395.48895
2007   12  417.96899
2008    1  438.30939
2008    2  434.49251
2008    3  419.15750
2008    4  407.28488
2008    5  417.88182
2008    6  404.31033
2008    7  403.39323
2008    8  393.71723
2008    9  396.73893
2008   10  393.17514
2008   11  403.14393
2008   12  368.50755
2009    1  373.70180
2009    2  407.04478
2009    3  402.41823
2009    4  420.76834
2009    5  425.99480
2009    6  398.65423
2009    7  404.30433
2009    8  389.70192
2009    9  377.89394
2009   10  367.05728
2009   11  408.47255
2009   12  408.21731
2010    1  379.68499
2010    2  389.73181
2010    3  394.24654
2010    4  404.62564
2010    5  416.67654
2010    6  417.47504
2010    7  383.07474
2010    8  382.56665
2010    9  382.43693
2010   10  381.94671
2010   11  393.51993
2010   12  400.98984
2011    1  410.07891
2011    2  420.67419
2011    3  414.35508
2011    4  400.91790
2011    5  386.92530
2011    6  388.55517
2011    7  393.17057
2011    8  396.12065
2011    9  393.79776
2011   10  355.19470
2011   11  388.80267
2011   12  398.96509
2012    1  384.31463
2012    2  387.19634
2012    3  391.42993
2012    4  413.08408
2012    5  403.84519
2012    6  402.41639
2012    7  391.30365
2012    8  394.46764
2012    9  386.73860
2012   10  410.71032
2012   11  410.12120
2012   12  412.26525
2013    1  425.05795
2013    2  413.40262
2013    3  416.24269
2013    4  417.40996
2013    5  425.29887
2013    6  428.09159
2013    7  410.28389
2013    8  403.10799
2013    9  428.57294
2013   10  397.88478
2013   11  401.70146
2013   12  419.42808
2014    1  387.16407
2014    2  397.47622
2014    3  405.09293
2014    4  410.70982
2014    5  411.77147
2014    6  433.46969
2014    7  429.43680
2014    8  425.57338
2014    9  405.70257
2014   10  423.66315
2014   11  398.73910
2014   12  402.17253
2015    1  419.16867
2015    2  423.14955
2015    3  415.40584
2015    4  422.75892
2015    5  404.97101
2015    6  409.44395
2015    7  394.90650
2015    8  422.18957
2015    9  425.25717
2015   10  416.53210
2015   11  417.27320
2015   12  425.33875
2016    1  421.58234
2016    2  414.46029
2016    3  433.88791
2016    4  430.14323
2016    5  459.35391
2016    6  430.17769
2016    7  428.05044
2016    8  418.38261
2016    9  410.25344
2016   10  406.97772
2016   11  400.77750
2016   12  428.11147
2017    1  412.04554
2017    2  419.93381
2017    3  413.64823
2017    4  412.45981
2017    5  432.21001
2017    6  421.27725
2017    7  431.96417
2017    8  444.12751
2017    9  452.29628
2017   10  419.35217
2017   11  426.84976
2017   12  423.14071
