yy mm co2
2000    1  386.72160
2000    2  384.07347
2000    3  389.67849
2000    4  392.16687
2000    5  377.33873
2000    6  370.44345
2000    7  369.41993
2000    8  378.99951
2000    9  378.31280
2000   10  384.76018
2000   11  390.33379
2000   12  398.09386
2001    1  396.17909
2001    2  393.80882
2001    3  391.37874
2001    4  394.71633
2001    5  379.50880
2001    6  367.88898
2001    7  373.35022
2001    8  379.29020
2001    9  390.58924
2001   10  381.32837
2001   11  383.79343
2001   12  393.68257
2002    1  394.79634
2002    2  393.73167
2002    3  392.49109
2002    4  397.16111
2002    5  383.96806
2002    6  372.35257
2002    7  372.93564
2002    8  377.45072
2002    9  382.85737
2002   10  382.31973
2002   11  389.21635
2002   12  393.38562
2003    1  394.88450
2003    2  402.43316
2003    3  405.29552
2003    4  402.71116
2003    5  385.88990
2003    6  376.43232
2003    7  377.09114
2003    8  382.04412
2003    9  384.64277
2003   10  392.75730
2003   11  402.54730
2003   12  395.53706
2004    1  400.43035
2004    2  408.20183
2004    3  396.12732
2004    4  393.51932
2004    5  389.36385
2004    6  376.02594
2004    7  375.35999
2004    8  386.05547
2004    9  389.71743
2004   10  397.27593
2004   11  396.48230
2004   12  396.64371
2005    1  394.04928
2005    2  404.69176
2005    3  395.11267
2005    4  402.46031
2005    5  389.78050
2005    6  379.69183
2005    7  379.42373
2005    8  385.27756
2005    9  393.15681
2005   10  402.49192
2005   11  404.05375
2005   12  400.19467
2006    1  400.60439
2006    2  422.39763
2006    3  411.87444
2006    4  405.02523
2006    5  392.61134
2006    6  380.56137
2006    7  383.69119
2006    8  386.00570
2006    9  392.69481
2006   10  400.98064
2006   11  409.19048
2006   12  398.86922
2007    1  401.19552
2007    2  414.10641
2007    3  402.12658
2007    4  402.02221
2007    5  393.88647
2007    6  383.44233
2007    7  380.20703
2007    8  387.93209
2007    9  391.89367
2007   10  410.16296
2007   11  400.93740
2007   12  400.53614
2008    1  405.82797
2008    2  404.53934
2008    3  403.52636
2008    4  406.73633
2008    5  394.58534
2008    6  385.64138
2008    7  382.81103
2008    8  401.60626
2008    9  392.87016
2008   10  397.35666
2008   11  397.67940
2008   12  405.22951
2009    1  406.58974
2009    2  412.31749
2009    3  412.16321
2009    4  410.33898
2009    5  395.61684
2009    6  381.96109
2009    7  392.64167
2009    8  391.94920
2009    9  401.53414
2009   10  405.87498
2009   11  412.58626
2009   12  413.68074
2010    1  419.29606
2010    2  412.36865
2010    3  405.48091
2010    4  413.35862
2010    5  398.13155
2010    6  391.53988
2010    7  388.98352
2010    8  386.59142
2010    9  394.13551
2010   10  408.46414
2010   11  410.35499
2010   12  421.11494
2011    1  417.34622
2011    2  414.13665
2011    3  407.35782
2011    4  421.41552
2011    5  405.87172
2011    6  388.48200
2011    7  395.53820
2011    8  395.02545
2011    9  404.96685
2011   10  408.88364
2011   11  409.08149
2011   12  411.19856
2012    1  415.75663
2012    2  419.60445
2012    3  416.90102
2012    4  418.49798
2012    5  403.15822
2012    6  393.23283
2012    7  398.13761
2012    8  398.82964
2012    9  401.57430
2012   10  411.81504
2012   11  417.39451
2012   12  417.61110
2013    1  429.05894
2013    2  430.29588
2013    3  422.81501
2013    4  419.35299
2013    5  406.89952
2013    6  398.14113
2013    7  399.64804
2013    8  413.21720
2013    9  402.42239
2013   10  411.78957
2013   11  411.83867
2013   12  414.18211
2014    1  424.00867
2014    2  427.66702
2014    3  422.78998
2014    4  421.39032
2014    5  405.80300
2014    6  397.51345
2014    7  395.45787
2014    8  404.59391
2014    9  404.12124
2014   10  413.52396
2014   11  424.94209
2014   12  415.49970
2015    1  419.91225
2015    2  424.51776
2015    3  432.66869
2015    4  418.65127
2015    5  411.28113
2015    6  397.25681
2015    7  397.82276
2015    8  398.24503
2015    9  407.85232
2015   10  411.49318
2015   11  423.81985
2015   12  417.43970
2016    1  427.37529
2016    2  427.99572
2016    3  422.31040
2016    4  420.63187
2016    5  414.47813
2016    6  400.60192
2016    7  406.16968
2016    8  415.42205
2016    9  414.08121
2016   10  419.76705
2016   11  423.00110
2016   12  426.40240
2017    1  427.47660
2017    2  429.74556
2017    3  439.00343
2017    4  427.76405
2017    5  414.43596
2017    6  407.97150
2017    7  402.79515
2017    8  412.92873
2017    9  410.91788
2017   10  417.26849
2017   11  426.26535
2017   12  426.79458
