yy mm co2
2000    1  382.01935
2000    2  379.29535
2000    3  376.47251
2000    4  381.65157
2000    5  382.00186
2000    6  369.36434
2000    7  367.72402
2000    8  373.79839
2000    9  374.27858
2000   10  395.71984
2000   11  382.66563
2000   12  389.08180
2001    1  387.73022
2001    2  387.57914
2001    3  391.19038
2001    4  386.28338
2001    5  379.98045
2001    6  372.25249
2001    7  383.55187
2001    8  380.30493
2001    9  372.25714
2001   10  382.69770
2001   11  404.48087
2001   12  391.90988
2002    1  388.50345
2002    2  383.56570
2002    3  386.90126
2002    4  400.34918
2002    5  390.15739
2002    6  382.33239
2002    7  373.38509
2002    8  380.50473
2002    9  386.95472
2002   10  388.10491
2002   11  389.80914
2002   12  392.00881
2003    1  382.43562
2003    2  385.24860
2003    3  389.87538
2003    4  385.09458
2003    5  395.01800
2003    6  387.99379
2003    7  377.68137
2003    8  387.57193
2003    9  391.23456
2003   10  397.95780
2003   11  391.63989
2003   12  389.27887
2004    1  390.38743
2004    2  395.63759
2004    3  400.95032
2004    4  391.80976
2004    5  387.67868
2004    6  377.95265
2004    7  381.03177
2004    8  376.45624
2004    9  384.83518
2004   10  404.36967
2004   11  402.80764
2004   12  387.41375
2005    1  400.37828
2005    2  396.89097
2005    3  391.63235
2005    4  400.90410
2005    5  389.72151
2005    6  380.89263
2005    7  382.18478
2005    8  379.07672
2005    9  383.32012
2005   10  386.13935
2005   11  391.33860
2005   12  394.51319
2006    1  400.25884
2006    2  393.11434
2006    3  399.85104
2006    4  389.45253
2006    5  391.63357
2006    6  383.91093
2006    7  386.11068
2006    8  386.77524
2006    9  388.45977
2006   10  388.26236
2006   11  397.66767
2006   12  400.63681
2007    1  398.88915
2007    2  399.30537
2007    3  410.02384
2007    4  405.89276
2007    5  399.52091
2007    6  394.54040
2007    7  387.38869
2007    8  385.56644
2007    9  379.20068
2007   10  389.89281
2007   11  395.07085
2007   12  406.28575
2008    1  399.99385
2008    2  402.62641
2008    3  398.36596
2008    4  408.03241
2008    5  396.90512
2008    6  388.15592
2008    7  385.04525
2008    8  394.83080
2008    9  379.42440
2008   10  393.86295
2008   11  398.84477
2008   12  397.33626
2009    1  401.03935
2009    2  402.75420
2009    3  405.02974
2009    4  406.45065
2009    5  390.15731
2009    6  390.14182
2009    7  391.07111
2009    8  400.46935
2009    9  407.82682
2009   10  389.72084
2009   11  400.42814
2009   12  402.20379
2010    1  403.80625
2010    2  403.89344
2010    3  410.67266
2010    4  400.72799
2010    5  401.42389
2010    6  398.42792
2010    7  389.45599
2010    8  397.47075
2010    9  399.45304
2010   10  399.89798
2010   11  404.43111
2010   12  411.00194
2011    1  406.94437
2011    2  408.33169
2011    3  409.96357
2011    4  405.45705
2011    5  401.14659
2011    6  401.51214
2011    7  408.51033
2011    8  409.38504
2011    9  395.94198
2011   10  400.46833
2011   11  406.89044
2011   12  413.59186
2012    1  410.84370
2012    2  410.75982
2012    3  414.11410
2012    4  405.40315
2012    5  410.57947
2012    6  397.62584
2012    7  403.42490
2012    8  395.20237
2012    9  415.19123
2012   10  408.67849
2012   11  416.80312
2012   12  416.38743
2013    1  410.17632
2013    2  408.43626
2013    3  412.35861
2013    4  410.60711
2013    5  408.12878
2013    6  403.11742
2013    7  409.36490
2013    8  402.45560
2013    9  402.41389
2013   10  405.34124
2013   11  410.16017
2013   12  412.49933
2014    1  410.73730
2014    2  418.39149
2014    3  416.13582
2014    4  418.16654
2014    5  408.80154
2014    6  412.26196
2014    7  396.58597
2014    8  405.89945
2014    9  410.48450
2014   10  409.98121
2014   11  407.94304
2014   12  418.15898
2015    1  415.47490
2015    2  414.79361
2015    3  414.58735
2015    4  417.53543
2015    5  413.25658
2015    6  408.50276
2015    7  391.37999
2015    8  404.63574
2015    9  407.83730
2015   10  414.44023
2015   11  424.02130
2015   12  423.15127
2016    1  417.87949
2016    2  416.61219
2016    3  417.19116
2016    4  415.97168
2016    5  406.85342
2016    6  405.44316
2016    7  416.40922
2016    8  426.78174
2016    9  427.01329
2016   10  424.48653
2016   11  426.06326
2016   12  419.59036
2017    1  429.58252
2017    2  413.45818
2017    3  421.42917
2017    4  421.98473
2017    5  412.14854
2017    6  410.26785
2017    7  405.96278
2017    8  419.99496
2017    9  438.84022
2017   10  416.05829
2017   11  419.72118
2017   12  421.53595
