yy mm co2
2000    1  373.46801
2000    2  374.89433
2000    3  376.21570
2000    4  376.65982
2000    5  376.34041
2000    6  374.42025
2000    7  372.71966
2000    8  371.31386
2000    9  369.72295
2000   10  370.89738
2000   11  371.00492
2000   12  372.63191
2001    1  374.86994
2001    2  374.58059
2001    3  373.78524
2001    4  374.03352
2001    5  374.79328
2001    6  375.26246
2001    7  375.58284
2001    8  375.03205
2001    9  374.14601
2001   10  374.68839
2001   11  374.77727
2001   12  374.98120
2002    1  375.39154
2002    2  378.14776
2002    3  375.77836
2002    4  376.27996
2002    5  374.51269
2002    6  376.92147
2002    7  377.04056
2002    8  376.22009
2002    9  375.01651
2002   10  376.14876
2002   11  375.36261
2002   12  377.38559
2003    1  378.10477
2003    2  377.83643
2003    3  378.42069
2003    4  379.82807
2003    5  379.83895
2003    6  379.84966
2003    7  378.21892
2003    8  376.05435
2003    9  377.76667
2003   10  376.94667
2003   11  380.08351
2003   12  379.34582
2004    1  380.97496
2004    2  382.42567
2004    3  381.32363
2004    4  380.05991
2004    5  380.28363
2004    6  381.17587
2004    7  380.11535
2004    8  379.92714
2004    9  379.09660
2004   10  379.94311
2004   11  378.99535
2004   12  380.08930
2005    1  383.19835
2005    2  384.74335
2005    3  384.46306
2005    4  383.91509
2005    5  382.17369
2005    6  382.90929
2005    7  382.83638
2005    8  383.69442
2005    9  386.03484
2005   10  382.54005
2005   11  383.89425
2005   12  382.95015
2006    1  385.00258
2006    2  385.68041
2006    3  385.45602
2006    4  386.89529
2006    5  387.86669
2006    6  385.30811
2006    7  387.48057
2006    8  384.28709
2006    9  384.95735
2006   10  384.28296
2006   11  384.55863
2006   12  385.41306
2007    1  386.41025
2007    2  387.84184
2007    3  389.35212
2007    4  387.31206
2007    5  386.64864
2007    6  387.81171
2007    7  388.85960
2007    8  387.22935
2007    9  385.99892
2007   10  385.53798
2007   11  386.87204
2007   12  388.04181
2008    1  387.92298
2008    2  393.01504
2008    3  389.68664
2008    4  387.77024
2008    5  386.45079
2008    6  389.53451
2008    7  389.34479
2008    8  391.35589
2008    9  389.06434
2008   10  389.96164
2008   11  388.04667
2008   12  388.28971
2009    1  390.07657
2009    2  390.50286
2009    3  391.30307
2009    4  392.67202
2009    5  389.70920
2009    6  390.29797
2009    7  392.23811
2009    8  391.06421
2009    9  391.32143
2009   10  393.80943
2009   11  389.95288
2009   12  392.83853
2010    1  391.84428
2010    2  392.29498
2010    3  394.12887
2010    4  392.94933
2010    5  393.59211
2010    6  394.24721
2010    7  393.31726
2010    8  396.42915
2010    9  396.89575
2010   10  391.80333
2010   11  393.28187
2010   12  393.04129
2011    1  395.28694
2011    2  396.51516
2011    3  395.34320
2011    4  394.46374
2011    5  393.99811
2011    6  397.36077
2011    7  397.62157
2011    8  396.29641
2011    9  395.96623
2011   10  395.02257
2011   11  393.98440
2011   12  398.18033
2012    1  397.29199
2012    2  398.14829
2012    3  396.98632
2012    4  399.83905
2012    5  398.68380
2012    6  398.25315
2012    7  398.92804
2012    8  397.22209
2012    9  392.95384
2012   10  397.89727
2012   11  397.89113
2012   12  397.87183
2013    1  398.96660
2013    2  399.98040
2013    3  402.65254
2013    4  400.32397
2013    5  400.42546
2013    6  400.44193
2013    7  399.71914
2013    8  398.94858
2013    9  397.68458
2013   10  399.53922
2013   11  400.05310
2013   12  401.92486
2014    1  402.90452
2014    2  403.41046
2014    3  407.34885
2014    4  403.55523
2014    5  402.83159
2014    6  403.96929
2014    7  402.57661
2014    8  401.67428
2014    9  403.62726
2014   10  401.73467
2014   11  400.98641
2014   12  402.65330
2015    1  404.85934
2015    2  407.40790
2015    3  404.14778
2015    4  405.76101
2015    5  404.57657
2015    6  406.83281
2015    7  405.19913
2015    8  405.40274
2015    9  406.63482
2015   10  408.00127
2015   11  402.76421
2015   12  403.71597
2016    1  408.49124
2016    2  409.63176
2016    3  406.77277
2016    4  407.38616
2016    5  406.15423
2016    6  408.10253
2016    7  407.94845
2016    8  408.07837
2016    9  406.01174
2016   10  405.30803
2016   11  405.24808
2016   12  406.28153
2017    1  408.41411
2017    2  412.13707
2017    3  409.64733
2017    4  408.39682
2017    5  410.10094
2017    6  409.19572
2017    7  409.34084
2017    8  408.00736
2017    9  409.25818
2017   10  411.66876
2017   11  408.21676
2017   12  409.41610
