yy mm co2
2000    1  384.30037
2000    2  378.10431
2000    3  381.40072
2000    4  381.70168
2000    5  390.26391
2000    6  376.71163
2000    7  372.58962
2000    8  375.49550
2000    9  375.96686
2000   10  392.35584
2000   11  384.32388
2000   12  385.12528
2001    1  391.18031
2001    2  387.75642
2001    3  389.35718
2001    4  384.94053
2001    5  381.25162
2001    6  376.94263
2001    7  371.28371
2001    8  382.51752
2001    9  377.05502
2001   10  383.37088
2001   11  392.36210
2001   12  384.87976
2002    1  387.00376
2002    2  386.90836
2002    3  385.30232
2002    4  391.14497
2002    5  385.45037
2002    6  380.45130
2002    7  370.63126
2002    8  380.40153
2002    9  380.77857
2002   10  383.99035
2002   11  390.86843
2002   12  391.91585
2003    1  385.00997
2003    2  385.49642
2003    3  394.05454
2003    4  390.96540
2003    5  389.27776
2003    6  382.49569
2003    7  377.76201
2003    8  384.57903
2003    9  387.68115
2003   10  386.64282
2003   11  390.38763
2003   12  393.02153
2004    1  390.08274
2004    2  390.47148
2004    3  391.54728
2004    4  392.13771
2004    5  387.52402
2004    6  387.04620
2004    7  371.49093
2004    8  386.43417
2004    9  394.69989
2004   10  393.67570
2004   11  398.57707
2004   12  391.15635
2005    1  400.11000
2005    2  396.98611
2005    3  389.21883
2005    4  388.57607
2005    5  388.05208
2005    6  382.56994
2005    7  375.50443
2005    8  383.36200
2005    9  391.33470
2005   10  395.65790
2005   11  393.78525
2005   12  402.72833
2006    1  400.63506
2006    2  393.59592
2006    3  395.60403
2006    4  394.67606
2006    5  394.79756
2006    6  388.04012
2006    7  383.34698
2006    8  383.61692
2006    9  388.06791
2006   10  392.64897
2006   11  406.14797
2006   12  400.26271
2007    1  396.09900
2007    2  394.73010
2007    3  393.67448
2007    4  394.88831
2007    5  390.88127
2007    6  383.51389
2007    7  376.76046
2007    8  394.18243
2007    9  391.41183
2007   10  398.83718
2007   11  396.30360
2007   12  405.61258
2008    1  404.96895
2008    2  400.38538
2008    3  400.70806
2008    4  399.30371
2008    5  395.27297
2008    6  393.57974
2008    7  383.75141
2008    8  398.20609
2008    9  388.44455
2008   10  399.32915
2008   11  400.18521
2008   12  398.94506
2009    1  397.33009
2009    2  400.49918
2009    3  401.87189
2009    4  397.96851
2009    5  397.61662
2009    6  403.56987
2009    7  388.23360
2009    8  395.52152
2009    9  401.76313
2009   10  392.82383
2009   11  404.03279
2009   12  403.68055
2010    1  404.34004
2010    2  406.42713
2010    3  412.48565
2010    4  401.24639
2010    5  404.16856
2010    6  394.69003
2010    7  398.96785
2010    8  390.42011
2010    9  399.66046
2010   10  406.30228
2010   11  407.15284
2010   12  411.22604
2011    1  413.11848
2011    2  405.79838
2011    3  410.09588
2011    4  414.56730
2011    5  400.54301
2011    6  396.19958
2011    7  397.60905
2011    8  396.80162
2011    9  398.99617
2011   10  402.02006
2011   11  406.39119
2011   12  406.22559
2012    1  404.91339
2012    2  410.99577
2012    3  416.88577
2012    4  405.62841
2012    5  402.66279
2012    6  400.30645
2012    7  403.20563
2012    8  401.58108
2012    9  406.46753
2012   10  411.32155
2012   11  415.80273
2012   12  417.04043
2013    1  409.63641
2013    2  411.03040
2013    3  410.49259
2013    4  411.69033
2013    5  402.38645
2013    6  400.89653
2013    7  397.90774
2013    8  405.13117
2013    9  411.12214
2013   10  413.67472
2013   11  411.74493
2013   12  413.37364
2014    1  408.12397
2014    2  411.86289
2014    3  414.35318
2014    4  406.63287
2014    5  408.25229
2014    6  407.39126
2014    7  398.56127
2014    8  396.78768
2014    9  384.19949
2014   10  401.34171
2014   11  411.27077
2014   12  418.08948
2015    1  416.28684
2015    2  413.09212
2015    3  410.41587
2015    4  413.15751
2015    5  413.31933
2015    6  404.78597
2015    7  395.07498
2015    8  394.22858
2015    9  410.55452
2015   10  414.47621
2015   11  422.06209
2015   12  422.34143
2016    1  420.53597
2016    2  418.75281
2016    3  413.68650
2016    4  413.76191
2016    5  412.43833
2016    6  406.44320
2016    7  402.29893
2016    8  406.46046
2016    9  415.53422
2016   10  418.42021
2016   11  417.42937
2016   12  416.11042
2017    1  425.38880
2017    2  421.73354
2017    3  420.41094
2017    4  416.13408
2017    5  411.18899
2017    6  409.20737
2017    7  403.14323
2017    8  421.53787
2017    9  421.64387
2017   10  423.77986
2017   11  424.08571
2017   12  422.95476
