yy mm co2
2000    1  370.92197
2000    2  369.81338
2000    3  371.78758
2000    4  372.65421
2000    5  372.40543
2000    6  372.09422
2000    7  369.78233
2000    8  367.43225
2000    9  366.88425
2000   10  367.32078
2000   11  368.12181
2000   12  369.72639
2001    1  370.77445
2001    2  371.71494
2001    3  372.62120
2001    4  373.70468
2001    5  373.76597
2001    6  373.51571
2001    7  370.89951
2001    8  368.83898
2001    9  367.98269
2001   10  367.92961
2001   11  369.24880
2001   12  371.34875
2002    1  373.04129
2002    2  373.38689
2002    3  374.70236
2002    4  375.51497
2002    5  375.46642
2002    6  375.15003
2002    7  372.92298
2002    8  371.10699
2002    9  370.42797
2002   10  370.43015
2002   11  371.65059
2002   12  373.39426
2003    1  374.88344
2003    2  375.90455
2003    3  376.80828
2003    4  378.19665
2003    5  378.45588
2003    6  378.30681
2003    7  375.80621
2003    8  374.01725
2003    9  372.67036
2003   10  372.99842
2003   11  374.07846
2003   12  376.16660
2004    1  377.26990
2004    2  378.57282
2004    3  379.49235
2004    4  380.09434
2004    5  380.48517
2004    6  379.84594
2004    7  377.87281
2004    8  375.72772
2004    9  374.29735
2004   10  374.46409
2004   11  375.73767
2004   12  377.87395
2005    1  379.26232
2005    2  380.13086
2005    3  381.01387
2005    4  381.95113
2005    5  382.25163
2005    6  381.90372
2005    7  379.72364
2005    8  377.75474
2005    9  376.57609
2005   10  376.74198
2005   11  378.21915
2005   12  380.67001
2006    1  381.91737
2006    2  382.54334
2006    3  383.63537
2006    4  384.46143
2006    5  384.55697
2006    6  384.25589
2006    7  381.63725
2006    8  379.95164
2006    9  379.42760
2006   10  378.84348
2006   11  380.22851
2006   12  382.28009
2007    1  383.55897
2007    2  384.00624
2007    3  385.52022
2007    4  386.07535
2007    5  386.26860
2007    6  385.43413
2007    7  383.06549
2007    8  381.62916
2007    9  380.64769
2007   10  380.00740
2007   11  382.32736
2007   12  384.24568
2008    1  385.38285
2008    2  386.77832
2008    3  388.07536
2008    4  388.84461
2008    5  388.38029
2008    6  387.84015
2008    7  385.56551
2008    8  383.73802
2008    9  382.43260
2008   10  382.09275
2008   11  383.42981
2008   12  385.75035
2009    1  386.93837
2009    2  387.51034
2009    3  389.16772
2009    4  389.79604
2009    5  390.15003
2009    6  389.50911
2009    7  387.47390
2009    8  385.15899
2009    9  383.66922
2009   10  383.68793
2009   11  385.10689
2009   12  387.28179
2010    1  388.96367
2010    2  389.97506
2010    3  390.83356
2010    4  392.07321
2010    5  392.17254
2010    6  391.73107
2010    7  389.37049
2010    8  387.78957
2010    9  386.62567
2010   10  386.98289
2010   11  388.09542
2010   12  390.76517
2011    1  391.60813
2011    2  392.78605
2011    3  393.69499
2011    4  394.27291
2011    5  394.32221
2011    6  393.59537
2011    7  391.54841
2011    8  390.07232
2011    9  388.66038
2011   10  388.45313
2011   11  389.75535
2011   12  391.83220
2012    1  393.48743
2012    2  394.39165
2012    3  395.50348
2012    4  396.17752
2012    5  396.18590
2012    6  395.89245
2012    7  393.28175
2012    8  391.64544
2012    9  390.68382
2012   10  390.68441
2012   11  392.71580
2012   12  394.26718
2013    1  396.20680
2013    2  396.40962
2013    3  397.93292
2013    4  398.88898
2013    5  399.27210
2013    6  398.87941
2013    7  396.62397
2013    8  394.13312
2013    9  393.38204
2013   10  393.57660
2013   11  395.02213
2013   12  397.54002
2014    1  398.56898
2014    2  399.37650
2014    3  399.93308
2014    4  401.38830
2014    5  401.29051
2014    6  400.71615
2014    7  398.19299
2014    8  395.91323
2014    9  395.15088
2014   10  395.13764
2014   11  396.88725
2014   12  399.08645
2015    1  400.45581
2015    2  401.19194
2015    3  402.26374
2015    4  403.34495
2015    5  403.31186
2015    6  402.66663
2015    7  400.19199
2015    8  398.43743
2015    9  397.74243
2015   10  397.86915
2015   11  399.41233
2015   12  401.51045
2016    1  402.82894
2016    2  403.69882
2016    3  405.01443
2016    4  405.99325
2016    5  406.34358
2016    6  405.57541
2016    7  402.98171
2016    8  400.86455
2016    9  400.24242
2016   10  400.71030
2016   11  402.24861
2016   12  404.86234
2017    1  406.85097
2017    2  406.84475
2017    3  408.57925
2017    4  409.41851
2017    5  409.85536
2017    6  408.83507
2017    7  405.96459
2017    8  404.11594
2017    9  403.50520
2017   10  403.45633
2017   11  404.68422
2017   12  406.93773
