yy mm co2
2000    1  408.42881
2000    2  399.78238
2000    3  402.37114
2000    4  397.65367
2000    5  395.84012
2000    6  398.70173
2000    7  392.99272
2000    8  398.97001
2000    9  402.98182
2000   10  403.45115
2000   11  406.59125
2000   12  410.87015
2001    1  410.66602
2001    2  407.18168
2001    3  407.02350
2001    4  397.83382
2001    5  405.28944
2001    6  401.09607
2001    7  402.76273
2001    8  406.89352
2001    9  410.63328
2001   10  419.24184
2001   11  420.47258
2001   12  423.20881
2002    1  418.53767
2002    2  414.04332
2002    3  404.37188
2002    4  400.85716
2002    5  400.00959
2002    6  403.45581
2002    7  403.09058
2002    8  402.18746
2002    9  403.32359
2002   10  412.86772
2002   11  407.46576
2002   12  413.84264
2003    1  401.28961
2003    2  408.00511
2003    3  405.73344
2003    4  396.99569
2003    5  404.92523
2003    6  403.02463
2003    7  406.22288
2003    8  403.89373
2003    9  417.84364
2003   10  419.97494
2003   11  413.02308
2003   12  418.27268
2004    1  422.94557
2004    2  409.56098
2004    3  417.16322
2004    4  407.08992
2004    5  401.05512
2004    6  407.72292
2004    7  407.20540
2004    8  410.73767
2004    9  411.40572
2004   10  413.06729
2004   11  419.29600
2004   12  417.93485
2005    1  414.42332
2005    2  413.86476
2005    3  410.22580
2005    4  408.89994
2005    5  405.51025
2005    6  404.05759
2005    7  410.37059
2005    8  416.79628
2005    9  412.11204
2005   10  416.73344
2005   11  416.12872
2005   12  421.35961
2006    1  414.17376
2006    2  417.06138
2006    3  412.46097
2006    4  411.31320
2006    5  411.93713
2006    6  414.50222
2006    7  413.62850
2006    8  412.27124
2006    9  418.18363
2006   10  418.33549
2006   11  418.07332
2006   12  419.82820
2007    1  419.54420
2007    2  414.99487
2007    3  418.19454
2007    4  411.86603
2007    5  414.30807
2007    6  414.90942
2007    7  414.32245
2007    8  418.87152
2007    9  415.32441
2007   10  418.73410
2007   11  434.41833
2007   12  422.17626
2008    1  417.19561
2008    2  422.91099
2008    3  416.00023
2008    4  413.14895
2008    5  411.88864
2008    6  417.20580
2008    7  416.52066
2008    8  419.57555
2008    9  423.44510
2008   10  426.22909
2008   11  428.50283
2008   12  435.21702
2009    1  421.19966
2009    2  419.47624
2009    3  421.07736
2009    4  413.68595
2009    5  415.13602
2009    6  412.12610
2009    7  420.27194
2009    8  417.49625
2009    9  423.45049
2009   10  417.23388
2009   11  431.46175
2009   12  431.48798
2010    1  429.47513
2010    2  428.01545
2010    3  421.37387
2010    4  415.70177
2010    5  410.96658
2010    6  416.74339
2010    7  415.94901
2010    8  420.45550
2010    9  427.12010
2010   10  422.77723
2010   11  419.72712
2010   12  430.29914
2011    1  426.15033
2011    2  424.55774
2011    3  422.66861
2011    4  416.99404
2011    5  416.65498
2011    6  416.93691
2011    7  419.91760
2011    8  423.24796
2011    9  427.04432
2011   10  431.22171
2011   11  434.05275
2011   12  436.50711
2012    1  427.51379
2012    2  422.01471
2012    3  422.91183
2012    4  423.12048
2012    5  417.90874
2012    6  421.18013
2012    7  423.44228
2012    8  428.50303
2012    9  426.40566
2012   10  424.15567
2012   11  440.69494
2012   12  436.39186
2013    1  432.04843
2013    2  437.02297
2013    3  431.25654
2013    4  423.74068
2013    5  419.14289
2013    6  423.66402
2013    7  423.98501
2013    8  427.46830
2013    9  427.75195
2013   10  434.50177
2013   11  440.62905
2013   12  440.12582
2014    1  442.57386
2014    2  434.32016
2014    3  428.93717
2014    4  424.56487
2014    5  423.15127
2014    6  426.84231
2014    7  425.44564
2014    8  428.43964
2014    9  428.46476
2014   10  439.83242
2014   11  439.41877
2014   12  444.40816
2015    1  439.53460
2015    2  441.84609
2015    3  435.79694
2015    4  425.84390
2015    5  421.84006
2015    6  429.01191
2015    7  425.16147
2015    8  426.51876
2015    9  435.69502
2015   10  441.23523
2015   11  430.22586
2015   12  431.26883
2016    1  435.00346
2016    2  437.85354
2016    3  432.18242
2016    4  429.88686
2016    5  427.93996
2016    6  431.17395
2016    7  431.11542
2016    8  431.55547
2016    9  433.69358
2016   10  436.59934
2016   11  443.00553
2016   12  443.80742
2017    1  435.65387
2017    2  437.13881
2017    3  436.08979
2017    4  428.55996
2017    5  428.33982
2017    6  430.90226
2017    7  430.68547
2017    8  430.70270
2017    9  428.39060
2017   10  437.00758
2017   11  437.80322
2017   12  448.54419
