yy mm co2
2000    1  374.72180
2000    2  373.82339
2000    3  374.76406
2000    4  375.94503
2000    5  374.24860
2000    6  372.11741
2000    7  367.02934
2000    8  360.94087
2000    9  364.51116
2000   10  367.32946
2000   11  371.27992
2000   12  374.33152
2001    1  376.57638
2001    2  376.58491
2001    3  379.08641
2001    4  376.63899
2001    5  375.61363
2001    6  372.81116
2001    7  368.15318
2001    8  364.03746
2001    9  366.06460
2001   10  369.72814
2001   11  372.80677
2001   12  377.69406
2002    1  376.78558
2002    2  376.63913
2002    3  378.37756
2002    4  378.57963
2002    5  377.54123
2002    6  374.08210
2002    7  370.08923
2002    8  366.49237
2002    9  371.61491
2002   10  372.80624
2002   11  374.88539
2002   12  381.12595
2003    1  378.75742
2003    2  381.94313
2003    3  383.37818
2003    4  382.04950
2003    5  380.20447
2003    6  378.10431
2003    7  372.66890
2003    8  370.57730
2003    9  371.18743
2003   10  376.07257
2003   11  378.13108
2003   12  380.15918
2004    1  380.13043
2004    2  382.46886
2004    3  383.36703
2004    4  382.74922
2004    5  381.17473
2004    6  379.05946
2004    7  374.77558
2004    8  373.44501
2004    9  373.29132
2004   10  376.44734
2004   11  378.87448
2004   12  382.08539
2005    1  381.98454
2005    2  384.21873
2005    3  384.74507
2005    4  385.60521
2005    5  384.72156
2005    6  381.92561
2005    7  376.61684
2005    8  371.39707
2005    9  374.31379
2005   10  379.00923
2005   11  382.03644
2005   12  384.62339
2006    1  386.73676
2006    2  388.05982
2006    3  387.88875
2006    4  387.19695
2006    5  387.36896
2006    6  384.93285
2006    7  378.98301
2006    8  375.02748
2006    9  377.04140
2006   10  381.23189
2006   11  383.46587
2006   12  387.18959
2007    1  386.52960
2007    2  390.07867
2007    3  389.73393
2007    4  389.83356
2007    5  387.49989
2007    6  382.82102
2007    7  379.20792
2007    8  375.58543
2007    9  378.41103
2007   10  383.46974
2007   11  385.49336
2007   12  389.12919
2008    1  389.44965
2008    2  395.34055
2008    3  391.51908
2008    4  392.66943
2008    5  389.61144
2008    6  387.93482
2008    7  383.40059
2008    8  378.42029
2008    9  379.61680
2008   10  382.30320
2008   11  387.02835
2008   12  391.17751
2009    1  391.67341
2009    2  392.38963
2009    3  392.74339
2009    4  393.66382
2009    5  391.44093
2009    6  388.23512
2009    7  383.59527
2009    8  378.97087
2009    9  381.97628
2009   10  385.75981
2009   11  389.05413
2009   12  391.97225
2010    1  394.35795
2010    2  395.63832
2010    3  395.74827
2010    4  396.72849
2010    5  393.06594
2010    6  390.39046
2010    7  386.05134
2010    8  380.56064
2010    9  383.93977
2010   10  391.27009
2010   11  392.92179
2010   12  395.51267
2011    1  396.65672
2011    2  396.38110
2011    3  401.81071
2011    4  397.82314
2011    5  395.85991
2011    6  393.32392
2011    7  387.80138
2011    8  384.54231
2011    9  385.11204
2011   10  390.20798
2011   11  394.97178
2011   12  395.12882
2012    1  396.45375
2012    2  397.44514
2012    3  399.83247
2012    4  399.33843
2012    5  397.21964
2012    6  396.29731
2012    7  389.44892
2012    8  386.75262
2012    9  387.92758
2012   10  393.34100
2012   11  395.80133
2012   12  399.12527
2013    1  400.85000
2013    2  404.07653
2013    3  406.10961
2013    4  403.58363
2013    5  400.69153
2013    6  398.85263
2013    7  393.98964
2013    8  388.18896
2013    9  391.07908
2013   10  395.50546
2013   11  398.36453
2013   12  400.45052
2014    1  402.38889
2014    2  403.45881
2014    3  404.71414
2014    4  404.71912
2014    5  401.66496
2014    6  400.12231
2014    7  394.74803
2014    8  390.02334
2014    9  394.68048
2014   10  395.99708
2014   11  400.97843
2014   12  401.53562
2015    1  403.43212
2015    2  405.25946
2015    3  407.78288
2015    4  408.14141
2015    5  404.84322
2015    6  401.59837
2015    7  396.46923
2015    8  392.47889
2015    9  394.67413
2015   10  405.79602
2015   11  402.52425
2015   12  404.68553
2016    1  406.53380
2016    2  408.01353
2016    3  409.34887
2016    4  409.11813
2016    5  406.37952
2016    6  402.73671
2016    7  400.09044
2016    8  396.76271
2016    9  397.50361
2016   10  406.78034
2016   11  407.83267
2016   12  410.21669
2017    1  409.99491
2017    2  411.76585
2017    3  412.29487
2017    4  412.62392
2017    5  411.29705
2017    6  407.66291
2017    7  401.80245
2017    8  397.99904
2017    9  399.87129
2017   10  404.78975
2017   11  407.94283
2017   12  409.91322
