yy mm co2
2000    1  379.32376
2000    2  377.99939
2000    3  379.56896
2000    4  380.49632
2000    5  386.14811
2000    6  373.44900
2000    7  371.63036
2000    8  376.34326
2000    9  379.15818
2000   10  395.28319
2000   11  384.57284
2000   12  381.52857
2001    1  385.50125
2001    2  382.73321
2001    3  381.25113
2001    4  386.96593
2001    5  382.18650
2001    6  377.21844
2001    7  380.82741
2001    8  378.14296
2001    9  380.36503
2001   10  380.27481
2001   11  396.22796
2001   12  385.89863
2002    1  383.73808
2002    2  381.45066
2002    3  391.60339
2002    4  401.87890
2002    5  392.86405
2002    6  377.77243
2002    7  382.83845
2002    8  377.58501
2002    9  378.08117
2002   10  385.65736
2002   11  388.56812
2002   12  392.68698
2003    1  382.62713
2003    2  383.66718
2003    3  393.66249
2003    4  383.76881
2003    5  386.52547
2003    6  391.79093
2003    7  376.05685
2003    8  391.64093
2003    9  379.26785
2003   10  379.99667
2003   11  386.25588
2003   12  391.97053
2004    1  387.72181
2004    2  391.39579
2004    3  391.69978
2004    4  385.02977
2004    5  387.85266
2004    6  379.46206
2004    7  398.44619
2004    8  382.32200
2004    9  387.77923
2004   10  411.95771
2004   11  399.43287
2004   12  389.76429
2005    1  395.44361
2005    2  392.08651
2005    3  388.80497
2005    4  395.80837
2005    5  385.91350
2005    6  378.19971
2005    7  386.46898
2005    8  380.78488
2005    9  382.31729
2005   10  384.49347
2005   11  386.85621
2005   12  394.76546
2006    1  395.44914
2006    2  392.63017
2006    3  400.40989
2006    4  382.32276
2006    5  391.19850
2006    6  390.73071
2006    7  386.01286
2006    8  382.99322
2006    9  377.70133
2006   10  386.61528
2006   11  394.39482
2006   12  396.28829
2007    1  396.46550
2007    2  391.91305
2007    3  408.28210
2007    4  407.52048
2007    5  395.60010
2007    6  389.64264
2007    7  390.01225
2007    8  405.44110
2007    9  401.01324
2007   10  392.88445
2007   11  391.92897
2007   12  403.26006
2008    1  397.09179
2008    2  397.70460
2008    3  398.87035
2008    4  410.39326
2008    5  391.43275
2008    6  390.22637
2008    7  394.23627
2008    8  398.93700
2008    9  386.59645
2008   10  392.97284
2008   11  402.85333
2008   12  397.50751
2009    1  397.03670
2009    2  400.03771
2009    3  401.13987
2009    4  407.88465
2009    5  400.37557
2009    6  406.84949
2009    7  389.27665
2009    8  394.72431
2009    9  430.31084
2009   10  397.86121
2009   11  404.20657
2009   12  400.57334
2010    1  405.58656
2010    2  404.08352
2010    3  402.46928
2010    4  400.45974
2010    5  400.31824
2010    6  400.21911
2010    7  395.39512
2010    8  395.19288
2010    9  407.64778
2010   10  406.92746
2010   11  410.15938
2010   12  408.89686
2011    1  406.22428
2011    2  406.37096
2011    3  409.00282
2011    4  405.06365
2011    5  400.09368
2011    6  397.55247
2011    7  416.26694
2011    8  414.93381
2011    9  396.46219
2011   10  393.79325
2011   11  402.14980
2011   12  409.18283
2012    1  405.14997
2012    2  407.71137
2012    3  409.58408
2012    4  408.71318
2012    5  401.32180
2012    6  394.53487
2012    7  402.46834
2012    8  390.78889
2012    9  403.13366
2012   10  404.67051
2012   11  409.31127
2012   12  411.29862
2013    1  407.77787
2013    2  410.39981
2013    3  412.51199
2013    4  409.49773
2013    5  401.33452
2013    6  408.25637
2013    7  397.74412
2013    8  407.37938
2013    9  415.14152
2013   10  408.58376
2013   11  410.50775
2013   12  411.38689
2014    1  408.06347
2014    2  411.94487
2014    3  414.02617
2014    4  409.73653
2014    5  404.17668
2014    6  400.72505
2014    7  394.73127
2014    8  403.82476
2014    9  405.17695
2014   10  413.65816
2014   11  407.01823
2014   12  416.37721
2015    1  409.73199
2015    2  414.87208
2015    3  415.11244
2015    4  413.08574
2015    5  408.82974
2015    6  403.27519
2015    7  396.29961
2015    8  402.58939
2015    9  407.18599
2015   10  409.20742
2015   11  416.88423
2015   12  417.96156
2016    1  415.79662
2016    2  413.90970
2016    3  421.74614
2016    4  411.53646
2016    5  409.57535
2016    6  410.28022
2016    7  404.05436
2016    8  407.52758
2016    9  414.02434
2016   10  423.38466
2016   11  419.88306
2016   12  416.82247
2017    1  422.98215
2017    2  417.76456
2017    3  434.92901
2017    4  435.02552
2017    5  415.90305
2017    6  411.73515
2017    7  423.48637
2017    8  428.89328
2017    9  429.62364
2017   10  427.30069
2017   11  423.98769
2017   12  423.18401
