yy mm co2
2000    1  370.45602
2000    2  369.47176
2000    3  370.08830
2000    4  370.40602
2000    5  369.85849
2000    6  370.89328
2000    7  373.35444
2000    8  374.67151
2000    9  374.33516
2000   10  373.87598
2000   11  373.40409
2000   12  371.52757
2001    1  370.66310
2001    2  370.62512
2001    3  369.93335
2001    4  370.54328
2001    5  372.40819
2001    6  371.96261
2001    7  373.68963
2001    8  376.24259
2001    9  374.72750
2001   10  373.53631
2001   11  375.05873
2001   12  373.55692
2002    1  373.41053
2002    2  371.52803
2002    3  377.44659
2002    4  375.29654
2002    5  377.35124
2002    6  377.75736
2002    7  376.41206
2002    8  379.68924
2002    9  379.25472
2002   10  377.89711
2002   11  377.82866
2002   12  380.73838
2003    1  375.72277
2003    2  375.45577
2003    3  378.26027
2003    4  377.37831
2003    5  377.75957
2003    6  379.31680
2003    7  379.01240
2003    8  379.72041
2003    9  377.92619
2003   10  380.28479
2003   11  381.62441
2003   12  378.12928
2004    1  378.48583
2004    2  378.04566
2004    3  379.58060
2004    4  382.02311
2004    5  380.04279
2004    6  379.74361
2004    7  380.97281
2004    8  386.78452
2004    9  385.45040
2004   10  381.34921
2004   11  380.63555
2004   12  379.56052
2005    1  380.63870
2005    2  380.74679
2005    3  380.80264
2005    4  381.94051
2005    5  387.71838
2005    6  384.79187
2005    7  383.16636
2005    8  385.54650
2005    9  385.07348
2005   10  384.09434
2005   11  385.23393
2005   12  382.76467
2006    1  381.82494
2006    2  383.43549
2006    3  380.78873
2006    4  382.29729
2006    5  381.92834
2006    6  381.17557
2006    7  383.85135
2006    8  383.62021
2006    9  388.44938
2006   10  384.18276
2006   11  385.17409
2006   12  385.07333
2007    1  382.40495
2007    2  383.20950
2007    3  383.28086
2007    4  386.54185
2007    5  385.61152
2007    6  385.91557
2007    7  388.29795
2007    8  387.81887
2007    9  389.17764
2007   10  387.99515
2007   11  392.75180
2007   12  385.34435
2008    1  384.40272
2008    2  385.03206
2008    3  385.10343
2008    4  387.49428
2008    5  387.41934
2008    6  387.56526
2008    7  386.78359
2008    8  387.42716
2008    9  390.14933
2008   10  389.61999
2008   11  387.05385
2008   12  386.89599
2009    1  386.14965
2009    2  386.05227
2009    3  389.53891
2009    4  387.91369
2009    5  390.49066
2009    6  391.44911
2009    7  390.74454
2009    8  393.50515
2009    9  391.31785
2009   10  391.68220
2009   11  391.08083
2009   12  391.05446
2010    1  387.38732
2010    2  388.32793
2010    3  391.67947
2010    4  389.85632
2010    5  392.65823
2010    6  389.75728
2010    7  392.17135
2010    8  394.17672
2010    9  393.30026
2010   10  393.56278
2010   11  396.06108
2010   12  389.46822
2011    1  390.40748
2011    2  390.95158
2011    3  390.47631
2011    4  391.88477
2011    5  391.48127
2011    6  392.18887
2011    7  393.39208
2011    8  395.26972
2011    9  394.72870
2011   10  394.96366
2011   11  393.76991
2011   12  393.63373
2012    1  392.63352
2012    2  394.62888
2012    3  395.09384
2012    4  393.88766
2012    5  395.14166
2012    6  398.20024
2012    7  396.27947
2012    8  398.87993
2012    9  399.70494
2012   10  398.29238
2012   11  397.23798
2012   12  399.65540
2013    1  394.25149
2013    2  396.50852
2013    3  396.06309
2013    4  397.76086
2013    5  398.07419
2013    6  402.30365
2013    7  400.11379
2013    8  402.19925
2013    9  397.49840
2013   10  400.51364
2013   11  399.55718
2013   12  402.86127
2014    1  400.99878
2014    2  399.58145
2014    3  402.68240
2014    4  401.04354
2014    5  403.49062
2014    6  401.16982
2014    7  401.86112
2014    8  401.98720
2014    9  404.04373
2014   10  403.34408
2014   11  400.63672
2014   12  398.85764
2015    1  397.36633
2015    2  399.12225
2015    3  399.87577
2015    4  403.46684
2015    5  404.24228
2015    6  403.67205
2015    7  404.19056
2015    8  409.39305
2015    9  407.25156
2015   10  407.45811
2015   11  411.89670
2015   12  405.25288
2016    1  403.54719
2016    2  402.50522
2016    3  403.27106
2016    4  409.54878
2016    5  407.91614
2016    6  412.50268
2016    7  410.16558
2016    8  410.46189
2016    9  409.00771
2016   10  408.45908
2016   11  406.93395
2016   12  404.55558
2017    1  403.28054
2017    2  406.30408
2017    3  405.17919
2017    4  410.55394
2017    5  411.37237
2017    6  407.65261
2017    7  407.52403
2017    8  408.77616
2017    9  406.61648
2017   10  407.36340
2017   11  410.00612
2017   12  409.53472
