yy mm co2
2000    1  383.07745
2000    2  382.74474
2000    3  370.97599
2000    4  388.26113
2000    5  387.14940
2000    6  376.39364
2000    7  390.82189
2000    8  358.09400
2000    9  370.57625
2000   10  409.40897
2000   11  382.56476
2000   12  386.28094
2001    1  391.89923
2001    2  384.83419
2001    3  385.81944
2001    4  374.84578
2001    5  384.94371
2001    6  393.47069
2001    7  384.78957
2001    8  375.13519
2001    9  381.22883
2001   10  383.26505
2001   11  383.25140
2001   12  381.90041
2002    1  384.73340
2002    2  378.61793
2002    3  381.92415
2002    4  382.57765
2002    5  383.75412
2002    6  382.18315
2002    7  400.33745
2002    8  376.02262
2002    9  380.22001
2002   10  393.51499
2002   11  396.57499
2002   12  389.12508
2003    1  385.05075
2003    2  393.08643
2003    3  394.03606
2003    4  386.09790
2003    5  384.27586
2003    6  379.25225
2003    7  374.57410
2003    8  371.48769
2003    9  380.00999
2003   10  399.09978
2003   11  389.20209
2003   12  395.03485
2004    1  390.61788
2004    2  396.72852
2004    3  386.96165
2004    4  396.87630
2004    5  384.56774
2004    6  386.41423
2004    7  377.40430
2004    8  386.16316
2004    9  419.78495
2004   10  389.13637
2004   11  401.91336
2004   12  395.79507
2005    1  395.70677
2005    2  400.70640
2005    3  399.31675
2005    4  397.17532
2005    5  393.43504
2005    6  384.52682
2005    7  412.39196
2005    8  435.05727
2005    9  399.09521
2005   10  389.33236
2005   11  394.46336
2005   12  400.44673
2006    1  398.95272
2006    2  395.98864
2006    3  404.68117
2006    4  396.72357
2006    5  399.91597
2006    6  397.22223
2006    7  365.25071
2006    8  380.04300
2006    9  396.89496
2006   10  394.64459
2006   11  410.38619
2006   12  405.81927
2007    1  397.82847
2007    2  393.33978
2007    3  395.97007
2007    4  401.81985
2007    5  386.63717
2007    6  382.89744
2007    7  401.45079
2007    8  368.54524
2007    9  396.31125
2007   10  412.48460
2007   11  410.63537
2007   12  413.75856
2008    1  405.78580
2008    2  405.90172
2008    3  418.54286
2008    4  408.54796
2008    5  397.83146
2008    6  393.16129
2008    7  395.30802
2008    8  409.31828
2008    9  421.63586
2008   10  383.97679
2008   11  417.33478
2008   12  403.63090
2009    1  404.50468
2009    2  405.55134
2009    3  407.30886
2009    4  401.20506
2009    5  383.57422
2009    6  400.85701
2009    7  395.05350
2009    8  433.10254
2009    9  416.47066
2009   10  398.83598
2009   11  400.55218
2009   12  409.83493
2010    1  405.23871
2010    2  405.47809
2010    3  400.85946
2010    4  401.20067
2010    5  396.54132
2010    6  395.61192
2010    7  407.46952
2010    8  431.92320
2010    9  421.11971
2010   10  410.37364
2010   11  411.35133
2010   12  406.71043
2011    1  413.26188
2011    2  408.34822
2011    3  406.63534
2011    4  403.65718
2011    5  401.46490
2011    6  399.78430
2011    7  400.22103
2011    8  389.22572
2011    9  392.79094
2011   10  402.36002
2011   11  395.23805
2011   12  411.66504
2012    1  408.07374
2012    2  406.83747
2012    3  414.62827
2012    4  402.47306
2012    5  406.14238
2012    6  402.89367
2012    7  392.67677
2012    8  421.20914
2012    9  387.16017
2012   10  398.83796
2012   11  412.41234
2012   12  412.94013
2013    1  412.10107
2013    2  405.61744
2013    3  404.59170
2013    4  411.36862
2013    5  406.53918
2013    6  406.15984
2013    7  409.70597
2013    8  396.22479
2013    9  411.88268
2013   10  398.19593
2013   11  411.09524
2013   12  414.08103
2014    1  412.07636
2014    2  419.77662
2014    3  411.94540
2014    4  413.61366
2014    5  409.64855
2014    6  414.16977
2014    7  421.63243
2014    8  428.64689
2014    9  420.83781
2014   10  421.03726
2014   11  411.74420
2014   12  415.35238
2015    1  413.95077
2015    2  414.02801
2015    3  411.78547
2015    4  414.66576
2015    5  408.16615
2015    6  404.25899
2015    7  402.52204
2015    8  407.72883
2015    9  400.07499
2015   10  389.57034
2015   11  417.50149
2015   12  436.22946
2016    1  420.20311
2016    2  420.82701
2016    3  424.64599
2016    4  409.82635
2016    5  418.76125
2016    6  408.47555
2016    7  435.79275
2016    8  417.85085
2016    9  406.81081
2016   10  410.57260
2016   11  425.22865
2016   12  419.79778
2017    1  424.95379
2017    2  413.84296
2017    3  423.76670
2017    4  419.23547
2017    5  415.30139
2017    6  407.34556
2017    7  400.98545
2017    8  421.32143
2017    9  396.14475
2017   10  410.39992
2017   11  425.13700
2017   12  424.72809
