yy mm co2
2000    1  381.99863
2000    2  378.77046
2000    3  372.16494
2000    4  377.56600
2000    5  376.67665
2000    6  373.84388
2000    7  386.12346
2000    8  379.44815
2000    9  377.86504
2000   10  406.67583
2000   11  385.94176
2000   12  378.22296
2001    1  380.75235
2001    2  375.42818
2001    3  383.92365
2001    4  384.53037
2001    5  380.79720
2001    6  372.53322
2001    7  375.85871
2001    8  375.53121
2001    9  372.42367
2001   10  385.39260
2001   11  395.04058
2001   12  385.46373
2002    1  387.33432
2002    2  386.68711
2002    3  398.76933
2002    4  397.80134
2002    5  385.80623
2002    6  375.42268
2002    7  368.89460
2002    8  375.07710
2002    9  380.25741
2002   10  385.55101
2002   11  391.51934
2002   12  393.76767
2003    1  383.11642
2003    2  384.26419
2003    3  392.01681
2003    4  388.09454
2003    5  383.01692
2003    6  378.39252
2003    7  374.88187
2003    8  380.14579
2003    9  384.93527
2003   10  385.60620
2003   11  385.70323
2003   12  389.52674
2004    1  385.43192
2004    2  391.79096
2004    3  388.96900
2004    4  390.23370
2004    5  387.16738
2004    6  379.25536
2004    7  387.13746
2004    8  368.03214
2004    9  378.17811
2004   10  403.72281
2004   11  393.67020
2004   12  383.54835
2005    1  393.26824
2005    2  395.72583
2005    3  393.89430
2005    4  396.79854
2005    5  383.45330
2005    6  375.88560
2005    7  383.44521
2005    8  367.77207
2005    9  378.91816
2005   10  384.40706
2005   11  386.72620
2005   12  392.89604
2006    1  391.06433
2006    2  394.61858
2006    3  403.24446
2006    4  386.67885
2006    5  387.44867
2006    6  388.72109
2006    7  382.46275
2006    8  403.80395
2006    9  380.68797
2006   10  386.73100
2006   11  392.13928
2006   12  400.44513
2007    1  395.58823
2007    2  392.18072
2007    3  400.47884
2007    4  406.80362
2007    5  399.26844
2007    6  385.23556
2007    7  384.53803
2007    8  389.62081
2007    9  409.04857
2007   10  395.16663
2007   11  394.99745
2007   12  403.33977
2008    1  396.62223
2008    2  403.47918
2008    3  409.44913
2008    4  407.48622
2008    5  391.72298
2008    6  389.41458
2008    7  384.66835
2008    8  389.82832
2008    9  397.15780
2008   10  394.29782
2008   11  400.30372
2008   12  397.73053
2009    1  400.51420
2009    2  403.16192
2009    3  404.13206
2009    4  399.83203
2009    5  392.06221
2009    6  404.12630
2009    7  386.49997
2009    8  395.76765
2009    9  396.62744
2009   10  391.11168
2009   11  414.83308
2009   12  398.22966
2010    1  407.74950
2010    2  403.98160
2010    3  392.77226
2010    4  398.96020
2010    5  402.07247
2010    6  399.77496
2010    7  390.94212
2010    8  390.75009
2010    9  399.28511
2010   10  399.93049
2010   11  413.34279
2010   12  408.45221
2011    1  410.10659
2011    2  406.25842
2011    3  409.92978
2011    4  405.27937
2011    5  399.95386
2011    6  394.53388
2011    7  409.81744
2011    8  410.54114
2011    9  398.31462
2011   10  393.65317
2011   11  392.57645
2011   12  406.61555
2012    1  403.66233
2012    2  414.08872
2012    3  417.97801
2012    4  410.12297
2012    5  401.46254
2012    6  398.68354
2012    7  395.27999
2012    8  375.11799
2012    9  384.45735
2012   10  401.00529
2012   11  409.79829
2012   12  409.75495
2013    1  407.55898
2013    2  410.23310
2013    3  400.88358
2013    4  403.14646
2013    5  403.04085
2013    6  408.76379
2013    7  393.54683
2013    8  396.31370
2013    9  423.71207
2013   10  414.17225
2013   11  411.24242
2013   12  414.22731
2014    1  409.70914
2014    2  415.75040
2014    3  409.68458
2014    4  412.86027
2014    5  412.26408
2014    6  400.18358
2014    7  394.96942
2014    8  418.02198
2014    9  408.13521
2014   10  420.35367
2014   11  412.50695
2014   12  422.10263
2015    1  415.58387
2015    2  417.20262
2015    3  419.50002
2015    4  413.79314
2015    5  408.35631
2015    6  396.24254
2015    7  413.16115
2015    8  391.53095
2015    9  402.72545
2015   10  414.10205
2015   11  426.34731
2015   12  422.12388
2016    1  419.48084
2016    2  416.28076
2016    3  426.77121
2016    4  408.46580
2016    5  417.92268
2016    6  407.73352
2016    7  413.15443
2016    8  405.33824
2016    9  426.91213
2016   10  432.36901
2016   11  428.44552
2016   12  423.27889
2017    1  432.37358
2017    2  411.81815
2017    3  427.04327
2017    4  429.68089
2017    5  424.05372
2017    6  409.92411
2017    7  421.30167
2017    8  425.59320
2017    9  415.81100
2017   10  421.96584
2017   11  421.17637
2017   12  422.96638
