yy mm co2
2000    1  373.73888
2000    2  374.06536
2000    3  374.89145
2000    4  374.97748
2000    5  373.64397
2000    6  370.24199
2000    7  368.83078
2000    8  364.18802
2000    9  364.66320
2000   10  369.39720
2000   11  371.82245
2000   12  372.72449
2001    1  374.80329
2001    2  375.40734
2001    3  375.49480
2001    4  377.31923
2001    5  376.25359
2001    6  374.30396
2001    7  371.43292
2001    8  369.81920
2001    9  369.28841
2001   10  370.41426
2001   11  374.17264
2001   12  374.92646
2002    1  376.25770
2002    2  378.16068
2002    3  378.02607
2002    4  377.07889
2002    5  377.83236
2002    6  375.23123
2002    7  372.13674
2002    8  368.04669
2002    9  369.26032
2002   10  371.87187
2002   11  376.27775
2002   12  376.42181
2003    1  377.27013
2003    2  378.84040
2003    3  378.58682
2003    4  381.14973
2003    5  380.39367
2003    6  377.68547
2003    7  381.09312
2003    8  372.66981
2003    9  375.69171
2003   10  377.07854
2003   11  378.78018
2003   12  380.56323
2004    1  380.94851
2004    2  381.69004
2004    3  381.70622
2004    4  383.66232
2004    5  382.84654
2004    6  378.52829
2004    7  376.34670
2004    8  374.47893
2004    9  374.47657
2004   10  375.81488
2004   11  381.58993
2004   12  381.45226
2005    1  382.35416
2005    2  383.07946
2005    3  384.27569
2005    4  384.50892
2005    5  384.01567
2005    6  383.15897
2005    7  379.55309
2005    8  377.07124
2005    9  376.43744
2005   10  380.57711
2005   11  381.39021
2005   12  384.01253
2006    1  385.23055
2006    2  385.66958
2006    3  387.12544
2006    4  387.36931
2006    5  384.39719
2006    6  387.23223
2006    7  381.67986
2006    8  378.94491
2006    9  379.58298
2006   10  383.03062
2006   11  384.16428
2006   12  386.37168
2007    1  386.95056
2007    2  388.96510
2007    3  389.96487
2007    4  388.17443
2007    5  387.58529
2007    6  383.91323
2007    7  386.44805
2007    8  378.89814
2007    9  380.64047
2007   10  384.40421
2007   11  388.69918
2007   12  387.98543
2008    1  389.02785
2008    2  390.70856
2008    3  390.58772
2008    4  391.31983
2008    5  390.16842
2008    6  388.45139
2008    7  384.74030
2008    8  383.06002
2008    9  384.40840
2008   10  384.86594
2008   11  388.43788
2008   12  391.21628
2009    1  391.63040
2009    2  392.36445
2009    3  392.33622
2009    4  393.37983
2009    5  391.33124
2009    6  391.17999
2009    7  387.29372
2009    8  386.71980
2009    9  380.95377
2009   10  382.78039
2009   11  387.44727
2009   12  391.73770
2010    1  392.10138
2010    2  394.23222
2010    3  395.07810
2010    4  394.86159
2010    5  393.43530
2010    6  390.31284
2010    7  387.72068
2010    8  383.22149
2010    9  388.42761
2010   10  389.73661
2010   11  393.24377
2010   12  394.64771
2011    1  396.81996
2011    2  396.41783
2011    3  396.05133
2011    4  397.87710
2011    5  397.79322
2011    6  394.51581
2011    7  389.23317
2011    8  387.50740
2011    9  392.47749
2011   10  393.10646
2011   11  395.19533
2011   12  397.27218
2012    1  397.21656
2012    2  398.60577
2012    3  398.40018
2012    4  399.66957
2012    5  396.30375
2012    6  397.01216
2012    7  393.33259
2012    8  395.75712
2012    9  388.32612
2012   10  391.88255
2012   11  396.30881
2012   12  398.17404
2013    1  399.45421
2013    2  399.60071
2013    3  401.41214
2013    4  402.07576
2013    5  401.50736
2013    6  397.52616
2013    7  396.28157
2013    8  394.55172
2013    9  392.24717
2013   10  395.58293
2013   11  400.12790
2013   12  400.93091
2014    1  403.31407
2014    2  401.91016
2014    3  404.13017
2014    4  405.73647
2014    5  403.47237
2014    6  399.77513
2014    7  395.03971
2014    8  396.17330
2014    9  395.92909
2014   10  398.14829
2014   11  401.45693
2014   12  402.82402
2015    1  403.51856
2015    2  404.67296
2015    3  405.06726
2015    4  407.20747
2015    5  405.27721
2015    6  403.01940
2015    7  398.94687
2015    8  400.63108
2015    9  398.73089
2015   10  401.32331
2015   11  405.75495
2015   12  407.31439
2016    1  408.84636
2016    2  408.73597
2016    3  409.68295
2016    4  409.30216
2016    5  408.37546
2016    6  406.05851
2016    7  400.34653
2016    8  398.61837
2016    9  397.82820
2016   10  403.31538
2016   11  406.02777
2016   12  408.85943
2017    1  411.35552
2017    2  411.07391
2017    3  411.85610
2017    4  412.27648
2017    5  410.98040
2017    6  408.59549
2017    7  404.01425
2017    8  402.77533
2017    9  401.50466
2017   10  404.93027
2017   11  408.60535
2017   12  412.91947
