yy mm co2
2000    1  375.72713
2000    2  375.98470
2000    3  375.69430
2000    4  374.84340
2000    5  374.21726
2000    6  372.36841
2000    7  371.28243
2000    8  369.56926
2000    9  367.85472
2000   10  370.47645
2000   11  373.40747
2000   12  375.26156
2001    1  376.89344
2001    2  375.65498
2001    3  376.72443
2001    4  376.36448
2001    5  375.53662
2001    6  374.22316
2001    7  372.33924
2001    8  372.18683
2001    9  371.10320
2001   10  371.02986
2001   11  374.07377
2001   12  376.16343
2002    1  376.60750
2002    2  377.74086
2002    3  377.98137
2002    4  377.63573
2002    5  377.83291
2002    6  376.39262
2002    7  375.40257
2002    8  372.88317
2002    9  372.81570
2002   10  374.00209
2002   11  377.13442
2002   12  378.37727
2003    1  380.64006
2003    2  381.15936
2003    3  381.31632
2003    4  380.59324
2003    5  380.31349
2003    6  378.71354
2003    7  377.88088
2003    8  378.08457
2003    9  375.72408
2003   10  377.93347
2003   11  379.45961
2003   12  382.05000
2004    1  383.00184
2004    2  382.79229
2004    3  383.21948
2004    4  383.02495
2004    5  382.23018
2004    6  380.84749
2004    7  379.42396
2004    8  377.06303
2004    9  375.64430
2004   10  378.14784
2004   11  381.71170
2004   12  383.34948
2005    1  382.84255
2005    2  386.16033
2005    3  385.14266
2005    4  385.17042
2005    5  384.45953
2005    6  382.73711
2005    7  381.33364
2005    8  380.34449
2005    9  380.40633
2005   10  380.99356
2005   11  382.13085
2005   12  383.96005
2006    1  386.36348
2006    2  386.45611
2006    3  387.75877
2006    4  387.79856
2006    5  386.62361
2006    6  385.72706
2006    7  383.81325
2006    8  380.47472
2006    9  378.40265
2006   10  381.99464
2006   11  385.09563
2006   12  387.77402
2007    1  390.95888
2007    2  389.62706
2007    3  389.92098
2007    4  389.95119
2007    5  388.67517
2007    6  387.26648
2007    7  385.69578
2007    8  384.78340
2007    9  384.49341
2007   10  384.63742
2007   11  387.06843
2007   12  388.39574
2008    1  390.02247
2008    2  391.68049
2008    3  391.51445
2008    4  392.12135
2008    5  391.24521
2008    6  389.31434
2008    7  387.04972
2008    8  383.49873
2008    9  383.06278
2008   10  385.66056
2008   11  389.64421
2008   12  390.65897
2009    1  390.98924
2009    2  392.93474
2009    3  392.58541
2009    4  393.66161
2009    5  391.70214
2009    6  390.29057
2009    7  389.05488
2009    8  386.03586
2009    9  386.99829
2009   10  386.21551
2009   11  391.41942
2009   12  393.28128
2010    1  394.84660
2010    2  396.94391
2010    3  396.43829
2010    4  395.33828
2010    5  395.09626
2010    6  392.94068
2010    7  391.02224
2010    8  389.75381
2010    9  389.43099
2010   10  390.41464
2010   11  393.04595
2010   12  394.54110
2011    1  396.55875
2011    2  397.95853
2011    3  396.90506
2011    4  397.16755
2011    5  397.10867
2011    6  394.26907
2011    7  392.73006
2011    8  392.07790
2011    9  391.07594
2011   10  392.43427
2011   11  394.81517
2011   12  397.81377
2012    1  397.69977
2012    2  399.68279
2012    3  399.40208
2012    4  399.58855
2012    5  399.11582
2012    6  397.32421
2012    7  395.30586
2012    8  393.79913
2012    9  392.20016
2012   10  393.20378
2012   11  396.80753
2012   12  398.72402
2013    1  401.83007
2013    2  401.61435
2013    3  401.79453
2013    4  401.54959
2013    5  401.23390
2013    6  400.10174
2013    7  399.06008
2013    8  395.96006
2013    9  395.69740
2013   10  396.64601
2013   11  400.87977
2013   12  402.86779
2014    1  403.04475
2014    2  403.03511
2014    3  404.21417
2014    4  404.34420
2014    5  403.60252
2014    6  401.60003
2014    7  399.93267
2014    8  398.13353
2014    9  397.79401
2014   10  398.33589
2014   11  401.12791
2014   12  403.72019
2015    1  404.50686
2015    2  404.73745
2015    3  407.08331
2015    4  406.59783
2015    5  405.37005
2015    6  403.43421
2015    7  401.12072
2015    8  399.45860
2015    9  399.52292
2015   10  401.18970
2015   11  403.87694
2015   12  406.41948
2016    1  409.11257
2016    2  409.32416
2016    3  409.55542
2016    4  409.34503
2016    5  408.35631
2016    6  407.10630
2016    7  405.24121
2016    8  403.98570
2016    9  402.61069
2016   10  403.62892
2016   11  407.27260
2016   12  410.98337
2017    1  409.95545
2017    2  409.84791
2017    3  410.49195
2017    4  412.53172
2017    5  411.62246
2017    6  409.82018
2017    7  407.81740
2017    8  407.77231
2017    9  403.91041
2017   10  405.59561
2017   11  408.40771
2017   12  411.07472
