yy mm co2
2000    1  376.42528
2000    2  379.02762
2000    3  375.89070
2000    4  377.18474
2000    5  377.36425
2000    6  370.86409
2000    7  362.78515
2000    8  361.66655
2000    9  365.65241
2000   10  372.83165
2000   11  376.27533
2000   12  376.50904
2001    1  380.88989
2001    2  380.53628
2001    3  378.15212
2001    4  378.19525
2001    5  376.90808
2001    6  374.39837
2001    7  358.66635
2001    8  364.15481
2001    9  368.92356
2001   10  374.45978
2001   11  379.14971
2001   12  379.34424
2002    1  379.19247
2002    2  379.09916
2002    3  377.70352
2002    4  379.08976
2002    5  382.15300
2002    6  376.64268
2002    7  360.63427
2002    8  359.89896
2002    9  367.38874
2002   10  380.08366
2002   11  381.67398
2002   12  381.02889
2003    1  382.10800
2003    2  382.89372
2003    3  382.06563
2003    4  383.34518
2003    5  384.68314
2003    6  380.98980
2003    7  366.62057
2003    8  364.80403
2003    9  371.23563
2003   10  383.36354
2003   11  386.24342
2003   12  387.80211
2004    1  387.02338
2004    2  385.87415
2004    3  381.32182
2004    4  383.06075
2004    5  385.75623
2004    6  382.42643
2004    7  370.30492
2004    8  368.19416
2004    9  373.43943
2004   10  382.41080
2004   11  390.97780
2004   12  386.16141
2005    1  388.21864
2005    2  387.58875
2005    3  386.71936
2005    4  386.08824
2005    5  387.37114
2005    6  381.33786
2005    7  369.16000
2005    8  370.99357
2005    9  375.49200
2005   10  383.73005
2005   11  389.86848
2005   12  387.96171
2006    1  388.53392
2006    2  387.89315
2006    3  388.44364
2006    4  389.02409
2006    5  390.44931
2006    6  384.61052
2006    7  373.25281
2006    8  370.91656
2006    9  378.49194
2006   10  384.63020
2006   11  387.87082
2006   12  389.93268
2007    1  392.44993
2007    2  392.71702
2007    3  392.11920
2007    4  391.37850
2007    5  391.34384
2007    6  381.29531
2007    7  372.68826
2007    8  373.84912
2007    9  378.08207
2007   10  388.67351
2007   11  395.07530
2007   12  399.64565
2008    1  396.82954
2008    2  395.37321
2008    3  395.27868
2008    4  393.08096
2008    5  394.36435
2008    6  387.21014
2008    7  372.17006
2008    8  376.22830
2008    9  379.83185
2008   10  391.07492
2008   11  390.08475
2008   12  391.99970
2009    1  393.48355
2009    2  392.95969
2009    3  395.55534
2009    4  395.17676
2009    5  395.95074
2009    6  387.59448
2009    7  379.13769
2009    8  376.79754
2009    9  380.89967
2009   10  386.27035
2009   11  394.35559
2009   12  397.67657
2010    1  396.64732
2010    2  395.16191
2010    3  397.54724
2010    4  396.58570
2010    5  397.66537
2010    6  387.95575
2010    7  376.23616
2010    8  381.20497
2010    9  384.98803
2010   10  395.07783
2010   11  400.43914
2010   12  395.79623
2011    1  399.58258
2011    2  399.71416
2011    3  399.21061
2011    4  398.50475
2011    5  400.88102
2011    6  393.06426
2011    7  377.21917
2011    8  377.12211
2011    9  386.03193
2011   10  393.93714
2011   11  400.53730
2011   12  405.28947
2012    1  403.03267
2012    2  397.30768
2012    3  400.36606
2012    4  401.07968
2012    5  400.24242
2012    6  395.01581
2012    7  380.18383
2012    8  388.95852
2012    9  392.55686
2012   10  397.55271
2012   11  408.47238
2012   12  405.99200
2013    1  403.04702
2013    2  404.29138
2013    3  405.50620
2013    4  403.62790
2013    5  404.90986
2013    6  398.66439
2013    7  384.83989
2013    8  387.99862
2013    9  392.62409
2013   10  399.21459
2013   11  399.65927
2013   12  403.87799
2014    1  407.88570
2014    2  407.71428
2014    3  405.06909
2014    4  405.73900
2014    5  408.87832
2014    6  400.34286
2014    7  385.16600
2014    8  389.56260
2014    9  395.51008
2014   10  403.18543
2014   11  408.76830
2014   12  406.41965
2015    1  410.90127
2015    2  408.75789
2015    3  406.58194
2015    4  407.44807
2015    5  409.79139
2015    6  403.78599
2015    7  386.46109
2015    8  391.79283
2015    9  398.69038
2015   10  405.75376
2015   11  410.27408
2015   12  416.48539
2016    1  411.31614
2016    2  409.79785
2016    3  409.05550
2016    4  408.95573
2016    5  411.11992
2016    6  405.87605
2016    7  394.28455
2016    8  395.44946
2016    9  399.83194
2016   10  410.50839
2016   11  419.42982
2016   12  416.34578
2017    1  415.73192
2017    2  414.52429
2017    3  415.33622
2017    4  415.33439
2017    5  414.86823
2017    6  407.96486
2017    7  395.10056
2017    8  394.39849
2017    9  401.30885
2017   10  411.83550
2017   11  414.87644
2017   12  413.77044
