yy mm co2
2000    1  365.95279
2000    2  365.97537
2000    3  366.08282
2000    4  366.66825
2000    5  367.08839
2000    6  367.28848
2000    7  367.76246
2000    8  368.01264
2000    9  368.14081
2000   10  367.96511
2000   11  367.77183
2000   12  367.60536
2001    1  367.50923
2001    2  367.36592
2001    3  367.28397
2001    4  367.54218
2001    5  368.37682
2001    6  368.46078
2001    7  369.02152
2001    8  369.43503
2001    9  369.66990
2001   10  369.63265
2001   11  369.63791
2001   12  369.70386
2002    1  369.54763
2002    2  369.34257
2002    3  369.45011
2002    4  369.62680
2002    5  369.93987
2002    6  370.43408
2002    7  371.23633
2002    8  371.58272
2002    9  371.96191
2002   10  371.98979
2002   11  371.90373
2002   12  372.06386
2003    1  371.77492
2003    2  371.63214
2003    3  371.70533
2003    4  372.15679
2003    5  372.70095
2003    6  372.93194
2003    7  373.52234
2003    8  374.11920
2003    9  374.26670
2003   10  374.11306
2003   11  373.97459
2003   12  373.85052
2004    1  373.60133
2004    2  373.57482
2004    3  373.85771
2004    4  374.32928
2004    5  374.76956
2004    6  375.16712
2004    7  375.68371
2004    8  376.07341
2004    9  376.13214
2004   10  375.85697
2004   11  375.47370
2004   12  375.63272
2005    1  375.34637
2005    2  375.11269
2005    3  375.25283
2005    4  375.88115
2005    5  376.41375
2005    6  376.95593
2005    7  377.59863
2005    8  378.04412
2005    9  378.28769
2005   10  378.13684
2005   11  377.99173
2005   12  377.88198
2006    1  377.33192
2006    2  377.44426
2006    3  377.68015
2006    4  378.30323
2006    5  378.99383
2006    6  379.10396
2006    7  379.45728
2006    8  379.66840
2006    9  379.72385
2006   10  379.67649
2006   11  379.53028
2006   12  379.26796
2007    1  379.09800
2007    2  379.27381
2007    3  379.45370
2007    4  379.76418
2007    5  380.26238
2007    6  380.67697
2007    7  381.24778
2007    8  381.70457
2007    9  381.82904
2007   10  381.95355
2007   11  381.75104
2007   12  381.54464
2008    1  381.66923
2008    2  381.46327
2008    3  381.67223
2008    4  382.06996
2008    5  382.48635
2008    6  382.94512
2008    7  383.41820
2008    8  383.56046
2008    9  383.70339
2008   10  383.65027
2008   11  383.55577
2008   12  383.54628
2009    1  383.08464
2009    2  382.97859
2009    3  383.19262
2009    4  383.50810
2009    5  383.89809
2009    6  384.09978
2009    7  384.73742
2009    8  385.27991
2009    9  385.30282
2009   10  385.29641
2009   11  385.24717
2009   12  384.90896
2010    1  384.74429
2010    2  384.39047
2010    3  384.51154
2010    4  385.18634
2010    5  385.50838
2010    6  386.16906
2010    7  386.91651
2010    8  387.45560
2010    9  387.69044
2010   10  387.50016
2010   11  387.31287
2010   12  387.19375
2011    1  386.58251
2011    2  386.69363
2011    3  386.93557
2011    4  387.31733
2011    5  387.73910
2011    6  388.05936
2011    7  388.61248
2011    8  388.97656
2011    9  389.21068
2011   10  388.98599
2011   11  388.99083
2011   12  388.94470
2012    1  388.64624
2012    2  388.47164
2012    3  388.70861
2012    4  389.15736
2012    5  389.79005
2012    6  390.21988
2012    7  390.99486
2012    8  391.39084
2012    9  391.47033
2012   10  391.46843
2012   11  391.40330
2012   12  391.49154
2013    1  391.05341
2013    2  391.26314
2013    3  391.39419
2013    4  392.05811
2013    5  392.50491
2013    6  392.99473
2013    7  393.70841
2013    8  394.17742
2013    9  394.32562
2013   10  394.27099
2013   11  394.10725
2013   12  394.02925
2014    1  393.76918
2014    2  393.49904
2014    3  393.51344
2014    4  394.43123
2014    5  394.97216
2014    6  395.15112
2014    7  395.68922
2014    8  396.09076
2014    9  396.32292
2014   10  395.95395
2014   11  395.81594
2014   12  395.40185
2015    1  395.49457
2015    2  395.54140
2015    3  395.85511
2015    4  396.12490
2015    5  396.83189
2015    6  397.14621
2015    7  397.73210
2015    8  398.38324
2015    9  398.58173
2015   10  398.48272
2015   11  398.42728
2015   12  398.70563
2016    1  398.50894
2016    2  398.52835
2016    3  398.78118
2016    4  399.03674
2016    5  399.71390
2016    6  400.24237
2016    7  401.10300
2016    8  401.59418
2016    9  401.82794
2016   10  401.85748
2016   11  401.60705
2016   12  401.21091
2017    1  400.80931
2017    2  400.82508
2017    3  400.87011
2017    4  401.26170
2017    5  402.19419
2017    6  402.54326
2017    7  403.19090
2017    8  403.71291
2017    9  403.75907
2017   10  403.65322
2017   11  403.44711
2017   12  403.33887
