yy mm co2
2000    1  381.44385
2000    2  380.51215
2000    3  379.06360
2000    4  382.57064
2000    5  382.36310
2000    6  374.82646
2000    7  369.98873
2000    8  366.46484
2000    9  369.88812
2000   10  382.86598
2000   11  382.12986
2000   12  382.88237
2001    1  383.82475
2001    2  383.45874
2001    3  382.28682
2001    4  390.38042
2001    5  376.13863
2001    6  372.52810
2001    7  373.36288
2001    8  373.24397
2001    9  381.82744
2001   10  379.50178
2001   11  386.72858
2001   12  382.76540
2002    1  382.69168
2002    2  384.66410
2002    3  389.41507
2002    4  395.44146
2002    5  383.05603
2002    6  376.55124
2002    7  375.01464
2002    8  380.23712
2002    9  381.96641
2002   10  383.34535
2002   11  382.96680
2002   12  389.00133
2003    1  380.20921
2003    2  381.11335
2003    3  383.13307
2003    4  384.57755
2003    5  378.68592
2003    6  375.78351
2003    7  373.63076
2003    8  383.27306
2003    9  386.10102
2003   10  385.03905
2003   11  388.00816
2003   12  389.10241
2004    1  387.67507
2004    2  392.37717
2004    3  388.19003
2004    4  390.62390
2004    5  390.01557
2004    6  381.82412
2004    7  374.91185
2004    8  379.19960
2004    9  384.61378
2004   10  393.11740
2004   11  392.80779
2004   12  386.86645
2005    1  391.49108
2005    2  392.49923
2005    3  393.63172
2005    4  390.88834
2005    5  385.52016
2005    6  382.11871
2005    7  374.77221
2005    8  377.27115
2005    9  382.28987
2005   10  390.49223
2005   11  388.41710
2005   12  391.09922
2006    1  393.62628
2006    2  390.61686
2006    3  393.81359
2006    4  392.37991
2006    5  389.80576
2006    6  385.76804
2006    7  383.59183
2006    8  390.36758
2006    9  382.05751
2006   10  389.52893
2006   11  395.47615
2006   12  394.48027
2007    1  393.32508
2007    2  394.86072
2007    3  397.14831
2007    4  398.14052
2007    5  390.63959
2007    6  385.75285
2007    7  380.87301
2007    8  382.17253
2007    9  392.06556
2007   10  394.22902
2007   11  397.67969
2007   12  402.12835
2008    1  398.18636
2008    2  401.31365
2008    3  397.62649
2008    4  399.88986
2008    5  397.60894
2008    6  392.44379
2008    7  385.74458
2008    8  385.47299
2008    9  384.96111
2008   10  388.89967
2008   11  395.41523
2008   12  396.94802
2009    1  395.92196
2009    2  397.57873
2009    3  400.42173
2009    4  408.22991
2009    5  395.47984
2009    6  392.55907
2009    7  389.29583
2009    8  385.51938
2009    9  393.56024
2009   10  395.44035
2009   11  405.92754
2009   12  401.53880
2010    1  406.00082
2010    2  406.37140
2010    3  407.78614
2010    4  414.02294
2010    5  404.21411
2010    6  396.67008
2010    7  394.01156
2010    8  392.56865
2010    9  399.48898
2010   10  407.98000
2010   11  399.23354
2010   12  404.31970
2011    1  403.36463
2011    2  401.24953
2011    3  402.48386
2011    4  403.26788
2011    5  398.71543
2011    6  394.14922
2011    7  392.01218
2011    8  393.35087
2011    9  394.64433
2011   10  400.49781
2011   11  405.48397
2011   12  401.35937
2012    1  402.78694
2012    2  403.67316
2012    3  402.29500
2012    4  405.64229
2012    5  397.50279
2012    6  397.54718
2012    7  395.20333
2012    8  404.73812
2012    9  404.99482
2012   10  406.68069
2012   11  416.84543
2012   12  410.14497
2013    1  403.79647
2013    2  406.98794
2013    3  403.98879
2013    4  407.41728
2013    5  401.62259
2013    6  403.10115
2013    7  393.93615
2013    8  402.35944
2013    9  410.63264
2013   10  407.17164
2013   11  406.01895
2013   12  408.31591
2014    1  406.18982
2014    2  410.12987
2014    3  408.36789
2014    4  407.56355
2014    5  407.32377
2014    6  398.92652
2014    7  399.93500
2014    8  401.42407
2014    9  404.90704
2014   10  411.13322
2014   11  407.64344
2014   12  418.56509
2015    1  408.09676
2015    2  413.58027
2015    3  417.53944
2015    4  417.28542
2015    5  408.47596
2015    6  406.52035
2015    7  400.63146
2015    8  405.57171
2015    9  416.47023
2015   10  412.51167
2015   11  412.85765
2015   12  413.00603
2016    1  413.32902
2016    2  414.98282
2016    3  415.97910
2016    4  420.43725
2016    5  410.48130
2016    6  409.07474
2016    7  404.34967
2016    8  413.72440
2016    9  420.80943
2016   10  423.06414
2016   11  429.96358
2016   12  416.78865
2017    1  418.25624
2017    2  418.12309
2017    3  420.45800
2017    4  424.82553
2017    5  416.92128
2017    6  408.49941
2017    7  401.25780
2017    8  408.56242
2017    9  412.15334
2017   10  427.06245
2017   11  422.25310
2017   12  420.53001
