yy mm co2
2000    1  367.45329
2000    2  367.07049
2000    3  367.21851
2000    4  366.09554
2000    5  367.85708
2000    6  369.03014
2000    7  369.45252
2000    8  369.22857
2000    9  368.98386
2000   10  369.17962
2000   11  368.33249
2000   12  367.81182
2001    1  367.52381
2001    2  367.73077
2001    3  368.27323
2001    4  368.09177
2001    5  369.30267
2001    6  370.31207
2001    7  370.43422
2001    8  370.80285
2001    9  370.56647
2001   10  371.02157
2001   11  370.35107
2001   12  369.69126
2002    1  369.46530
2002    2  370.16332
2002    3  369.38689
2002    4  369.88268
2002    5  370.85058
2002    6  371.85382
2002    7  372.56416
2002    8  372.81864
2002    9  373.32994
2002   10  372.84059
2002   11  372.51107
2002   12  372.14940
2003    1  372.08985
2003    2  372.50633
2003    3  372.81480
2003    4  373.22374
2003    5  373.50025
2003    6  375.01450
2003    7  375.37434
2003    8  375.45449
2003    9  375.47393
2003   10  375.20227
2003   11  374.76304
2003   12  374.50087
2004    1  374.54473
2004    2  375.21881
2004    3  375.66386
2004    4  374.85984
2004    5  375.86392
2004    6  377.14472
2004    7  377.66789
2004    8  377.30768
2004    9  377.16841
2004   10  376.84114
2004   11  376.27175
2004   12  375.91095
2005    1  375.83479
2005    2  376.17507
2005    3  376.78250
2005    4  376.91212
2005    5  377.22007
2005    6  378.97378
2005    7  379.75644
2005    8  379.34582
2005    9  379.76023
2005   10  379.44538
2005   11  378.88574
2005   12  378.54843
2006    1  378.89220
2006    2  378.71127
2006    3  379.36826
2006    4  379.12960
2006    5  379.88159
2006    6  381.03494
2006    7  381.04012
2006    8  381.14609
2006    9  381.42316
2006   10  381.05252
2006   11  380.45555
2006   12  380.31861
2007    1  380.24300
2007    2  380.35607
2007    3  380.56856
2007    4  380.46102
2007    5  381.10031
2007    6  382.29948
2007    7  383.12867
2007    8  383.28138
2007    9  383.47955
2007   10  383.17457
2007   11  382.92745
2007   12  382.37654
2008    1  382.67882
2008    2  382.60518
2008    3  382.10268
2008    4  381.89054
2008    5  382.79471
2008    6  384.23977
2008    7  384.81739
2008    8  384.77092
2008    9  384.89435
2008   10  384.56783
2008   11  383.92178
2008   12  383.76841
2009    1  384.06166
2009    2  384.29050
2009    3  383.95726
2009    4  383.93671
2009    5  384.86224
2009    6  385.78195
2009    7  386.66895
2009    8  386.78735
2009    9  386.45064
2009   10  386.61237
2009   11  385.73731
2009   12  385.27444
2010    1  385.62424
2010    2  386.08696
2010    3  386.48408
2010    4  386.35006
2010    5  387.33226
2010    6  388.32781
2010    7  388.73439
2010    8  389.12383
2010    9  388.80395
2010   10  388.87357
2010   11  388.28480
2010   12  388.01908
2011    1  387.97178
2011    2  387.51867
2011    3  387.99600
2011    4  388.03180
2011    5  389.05491
2011    6  390.09456
2011    7  390.87544
2011    8  390.63318
2011    9  390.78973
2011   10  390.28371
2011   11  389.68894
2011   12  389.48483
2012    1  389.59153
2012    2  389.73123
2012    3  390.11653
2012    4  390.95958
2012    5  391.62193
2012    6  392.11084
2012    7  392.60634
2012    8  392.67624
2012    9  393.11772
2012   10  392.89272
2012   11  392.58419
2012   12  392.08608
2013    1  391.92056
2013    2  391.81823
2013    3  392.70942
2013    4  393.30425
2013    5  393.89369
2013    6  394.93688
2013    7  395.51730
2013    8  395.92930
2013    9  395.55706
2013   10  395.84166
2013   11  395.26980
2013   12  394.87315
2014    1  395.18456
2014    2  395.22775
2014    3  395.56233
2014    4  395.32300
2014    5  395.70569
2014    6  396.88326
2014    7  397.36918
2014    8  397.65035
2014    9  397.67224
2014   10  397.02631
2014   11  396.79967
2014   12  396.17831
2015    1  395.65773
2015    2  396.11504
2015    3  396.47077
2015    4  397.67296
2015    5  397.82136
2015    6  398.69201
2015    7  399.61506
2015    8  400.01809
2015    9  399.97263
2015   10  399.94280
2015   11  399.46134
2015   12  399.11983
2016    1  399.53020
2016    2  399.45397
2016    3  400.23139
2016    4  400.14231
2016    5  401.11624
2016    6  402.40044
2016    7  403.13954
2016    8  403.43706
2016    9  402.95249
2016   10  403.12350
2016   11  402.35472
2016   12  401.94683
2017    1  402.11322
2017    2  403.12731
2017    3  402.64140
2017    4  402.28214
2017    5  403.65878
2017    6  405.15984
2017    7  406.19710
2017    8  406.01345
2017    9  405.59826
2017   10  405.14991
2017   11  404.61868
2017   12  404.19595
