yy mm co2
2000    1  380.27723
2000    2  377.63637
2000    3  378.54060
2000    4  376.09777
2000    5  375.49631
2000    6  374.17878
2000    7  370.01964
2000    8  366.58783
2000    9  371.41799
2000   10  371.28196
2000   11  370.69278
2000   12  375.18781
2001    1  375.70123
2001    2  379.26473
2001    3  375.82245
2001    4  376.87650
2001    5  375.63496
2001    6  372.04527
2001    7  369.69723
2001    8  368.79990
2001    9  367.68278
2001   10  372.63511
2001   11  376.86023
2001   12  379.85467
2002    1  381.93003
2002    2  380.80825
2002    3  379.21994
2002    4  379.96570
2002    5  377.77203
2002    6  377.44667
2002    7  372.53345
2002    8  370.25064
2002    9  371.85752
2002   10  374.65116
2002   11  378.00436
2002   12  381.24440
2003    1  380.63223
2003    2  383.82233
2003    3  382.92274
2003    4  381.74490
2003    5  380.73101
2003    6  379.89847
2003    7  374.78562
2003    8  374.06635
2003    9  375.34171
2003   10  376.19469
2003   11  381.26437
2003   12  385.65765
2004    1  385.12962
2004    2  389.28000
2004    3  385.91717
2004    4  382.55702
2004    5  381.45078
2004    6  381.48803
2004    7  379.40210
2004    8  373.03451
2004    9  373.82386
2004   10  376.76736
2004   11  384.27999
2004   12  386.70530
2005    1  388.98792
2005    2  388.51635
2005    3  387.61043
2005    4  385.96700
2005    5  384.12123
2005    6  382.61936
2005    7  378.26053
2005    8  376.10493
2005    9  379.17844
2005   10  380.10778
2005   11  383.65068
2005   12  388.81417
2006    1  392.33232
2006    2  393.09068
2006    3  387.48345
2006    4  387.96675
2006    5  387.49783
2006    6  387.86922
2006    7  386.46386
2006    8  381.82334
2006    9  388.10525
2006   10  386.44703
2006   11  389.52450
2006   12  394.50021
2007    1  396.47540
2007    2  390.51662
2007    3  390.39509
2007    4  391.51640
2007    5  388.21265
2007    6  386.39811
2007    7  383.17786
2007    8  379.64850
2007    9  380.86306
2007   10  389.33012
2007   11  391.01500
2007   12  393.97553
2008    1  391.95592
2008    2  396.01550
2008    3  392.36789
2008    4  392.11486
2008    5  391.05432
2008    6  387.39288
2008    7  385.38716
2008    8  386.20431
2008    9  386.94695
2008   10  388.25639
2008   11  389.07363
2008   12  391.72141
2009    1  395.56992
2009    2  394.19282
2009    3  395.64207
2009    4  393.86720
2009    5  392.72994
2009    6  390.88371
2009    7  387.67754
2009    8  387.46465
2009    9  384.42801
2009   10  388.79845
2009   11  391.13691
2009   12  396.04216
2010    1  396.52010
2010    2  397.84441
2010    3  396.56568
2010    4  395.82030
2010    5  393.25398
2010    6  391.47207
2010    7  389.22369
2010    8  388.67511
2010    9  390.67669
2010   10  394.22690
2010   11  395.61669
2010   12  399.08328
2011    1  401.04511
2011    2  400.15040
2011    3  398.86730
2011    4  397.91156
2011    5  396.20150
2011    6  396.07930
2011    7  391.26299
2011    8  390.95449
2011    9  391.25266
2011   10  392.64507
2011   11  399.27600
2011   12  402.36698
2012    1  403.36864
2012    2  400.30657
2012    3  399.78739
2012    4  399.62298
2012    5  398.05894
2012    6  396.62217
2012    7  390.77082
2012    8  392.88891
2012    9  393.49563
2012   10  396.65631
2012   11  396.96414
2012   12  402.05874
2013    1  402.16793
2013    2  403.77976
2013    3  402.87367
2013    4  403.55723
2013    5  400.07307
2013    6  395.73075
2013    7  397.14167
2013    8  393.36609
2013    9  394.70007
2013   10  400.00127
2013   11  401.28586
2013   12  410.35467
2014    1  405.18225
2014    2  404.82456
2014    3  405.68580
2014    4  402.40280
2014    5  400.64607
2014    6  399.94065
2014    7  396.42959
2014    8  395.84719
2014    9  400.04315
2014   10  404.02132
2014   11  405.14272
2014   12  408.17595
2015    1  408.14377
2015    2  406.53071
2015    3  406.56101
2015    4  406.40519
2015    5  404.16475
2015    6  403.57083
2015    7  402.69017
2015    8  396.73573
2015    9  396.83131
2015   10  405.40140
2015   11  411.25441
2015   12  416.82104
2016    1  409.16388
2016    2  409.26624
2016    3  410.07574
2016    4  409.59261
2016    5  406.67906
2016    6  404.56321
2016    7  400.89883
2016    8  402.63621
2016    9  405.73181
2016   10  413.78706
2016   11  411.83989
2016   12  419.47106
2017    1  415.36201
2017    2  413.84369
2017    3  412.35302
2017    4  413.26674
2017    5  412.31117
2017    6  410.97717
2017    7  406.65531
2017    8  403.53273
2017    9  403.41308
2017   10  409.73080
2017   11  411.37624
2017   12  411.05159
