yy mm co2
2000    1  373.73870
2000    2  372.98581
2000    3  374.75670
2000    4  375.53540
2000    5  375.82905
2000    6  371.98886
2000    7  367.84986
2000    8  363.55411
2000    9  367.77201
2000   10  370.61860
2000   11  377.56230
2000   12  380.13788
2001    1  376.13403
2001    2  376.35848
2001    3  376.65185
2001    4  377.22499
2001    5  377.93408
2001    6  373.25307
2001    7  368.17012
2001    8  366.61557
2001    9  367.20512
2001   10  371.58484
2001   11  374.07523
2001   12  375.71913
2002    1  377.66172
2002    2  378.57113
2002    3  378.65894
2002    4  378.47745
2002    5  378.06478
2002    6  374.54706
2002    7  370.75556
2002    8  368.04125
2002    9  369.86201
2002   10  375.33918
2002   11  382.02584
2002   12  376.10027
2003    1  376.61544
2003    2  381.59528
2003    3  379.43144
2003    4  381.45354
2003    5  381.61766
2003    6  378.87599
2003    7  374.55340
2003    8  369.54129
2003    9  372.46643
2003   10  377.97922
2003   11  382.06449
2003   12  383.27009
2004    1  381.83745
2004    2  381.85128
2004    3  383.79323
2004    4  385.29711
2004    5  382.65088
2004    6  380.71422
2004    7  377.31478
2004    8  372.34247
2004    9  372.59466
2004   10  377.01608
2004   11  382.09368
2004   12  385.64985
2005    1  383.74457
2005    2  385.65288
2005    3  384.19108
2005    4  385.20075
2005    5  385.06536
2005    6  382.26828
2005    7  377.07938
2005    8  373.82293
2005    9  373.96752
2005   10  379.87204
2005   11  382.18821
2005   12  387.75348
2006    1  385.88414
2006    2  387.57731
2006    3  387.12937
2006    4  388.95482
2006    5  388.84921
2006    6  385.99607
2006    7  381.58766
2006    8  375.05323
2006    9  377.94799
2006   10  380.27586
2006   11  383.42315
2006   12  389.19877
2007    1  390.49474
2007    2  391.54838
2007    3  388.71134
2007    4  389.06309
2007    5  389.07537
2007    6  386.11449
2007    7  382.80667
2007    8  378.00719
2007    9  379.27370
2007   10  388.77834
2007   11  395.69358
2007   12  388.35060
2008    1  391.88168
2008    2  391.91285
2008    3  391.72906
2008    4  393.51787
2008    5  391.49722
2008    6  388.14839
2008    7  383.72289
2008    8  380.46270
2008    9  380.74964
2008   10  386.20995
2008   11  387.90936
2008   12  395.02914
2009    1  396.12246
2009    2  394.16226
2009    3  392.32997
2009    4  393.20171
2009    5  393.13023
2009    6  389.73455
2009    7  384.18631
2009    8  380.70371
2009    9  385.05619
2009   10  387.29547
2009   11  389.20395
2009   12  395.63948
2010    1  393.32005
2010    2  395.40199
2010    3  394.97809
2010    4  395.91000
2010    5  395.13322
2010    6  392.87447
2010    7  387.26485
2010    8  384.59679
2010    9  386.53534
2010   10  392.64822
2010   11  396.12589
2010   12  395.73008
2011    1  401.43539
2011    2  397.51356
2011    3  396.67005
2011    4  398.09174
2011    5  397.32578
2011    6  394.07125
2011    7  388.72595
2011    8  385.16201
2011    9  387.94996
2011   10  394.11802
2011   11  396.53684
2011   12  400.41716
2012    1  398.82865
2012    2  400.32997
2012    3  398.88392
2012    4  401.13358
2012    5  399.08866
2012    6  396.22406
2012    7  391.94687
2012    8  388.96900
2012    9  389.44068
2012   10  396.19370
2012   11  398.50443
2012   12  398.37614
2013    1  402.06563
2013    2  399.82362
2013    3  400.83297
2013    4  401.36054
2013    5  400.56938
2013    6  399.01660
2013    7  391.30147
2013    8  390.73866
2013    9  392.96714
2013   10  405.99189
2013   11  401.75184
2013   12  407.66475
2014    1  404.03998
2014    2  401.43865
2014    3  403.88937
2014    4  404.89857
2014    5  404.74351
2014    6  401.93112
2014    7  396.85637
2014    8  392.86990
2014    9  395.69248
2014   10  401.94290
2014   11  403.56623
2014   12  403.67967
2015    1  422.91751
2015    2  412.72430
2015    3  405.12675
2015    4  406.65831
2015    5  404.91228
2015    6  403.04888
2015    7  397.69689
2015    8  393.85640
2015    9  395.57187
2015   10  403.10176
2015   11  407.24271
2015   12  405.04860
2016    1  406.20298
2016    2  408.51970
2016    3  409.23303
2016    4  410.78671
2016    5  408.20547
2016    6  406.81849
2016    7  401.25209
2016    8  397.27020
2016    9  398.42230
2016   10  404.52910
2016   11  407.35360
2016   12  410.18135
2017    1  413.93441
2017    2  411.21684
2017    3  411.51495
2017    4  414.10315
2017    5  412.18507
2017    6  409.35457
2017    7  404.30416
2017    8  402.67367
2017    9  403.35194
2017   10  411.75255
2017   11  410.88529
2017   12  417.24046
