yy mm co2
2000    1  365.97642
2000    2  366.02371
2000    3  366.26036
2000    4  366.54031
2000    5  366.86211
2000    6  367.43633
2000    7  367.83141
2000    8  368.10851
2000    9  368.17780
2000   10  367.96689
2000   11  367.73074
2000   12  367.44849
2001    1  367.24494
2001    2  367.17876
2001    3  367.24389
2001    4  367.60198
2001    5  368.07469
2001    6  368.60741
2001    7  369.20013
2001    8  369.62633
2001    9  369.79650
2001   10  369.75811
2001   11  369.68186
2001   12  369.41905
2002    1  369.15360
2002    2  369.12592
2002    3  369.30150
2002    4  369.51172
2002    5  370.04790
2002    6  370.55541
2002    7  371.24002
2002    8  371.75027
2002    9  372.00164
2002   10  372.01104
2002   11  371.79652
2002   12  371.81846
2003    1  371.63851
2003    2  371.61275
2003    3  371.78476
2003    4  372.11683
2003    5  372.55546
2003    6  373.17313
2003    7  373.69385
2003    8  374.15803
2003    9  374.39793
2003   10  374.24432
2003   11  373.92825
2003   12  373.75270
2004    1  373.60101
2004    2  373.56428
2004    3  373.78477
2004    4  374.11481
2004    5  374.55975
2004    6  375.23531
2004    7  375.81220
2004    8  376.18482
2004    9  376.15988
2004   10  375.90991
2004   11  375.57571
2004   12  375.40213
2005    1  375.33740
2005    2  375.12838
2005    3  375.39750
2005    4  375.82117
2005    5  376.42676
2005    6  377.11926
2005    7  377.75663
2005    8  378.26478
2005    9  378.46746
2005   10  378.30800
2005   11  378.02610
2005   12  377.86629
2006    1  377.68201
2006    2  377.52290
2006    3  377.85163
2006    4  378.13702
2006    5  378.66595
2006    6  379.13612
2006    7  379.57614
2006    8  379.66867
2006    9  379.82871
2006   10  379.70851
2006   11  379.60720
2006   12  379.42003
2007    1  379.29183
2007    2  379.32076
2007    3  379.49733
2007    4  379.81319
2007    5  380.25636
2007    6  380.91131
2007    7  381.39682
2007    8  381.81824
2007    9  382.02826
2007   10  382.04642
2007   11  381.80509
2007   12  381.52770
2008    1  381.43931
2008    2  381.48317
2008    3  381.67773
2008    4  382.06761
2008    5  382.50422
2008    6  383.07719
2008    7  383.49521
2008    8  383.68793
2008    9  383.81034
2008   10  383.68348
2008   11  383.43348
2008   12  383.28912
2009    1  383.15009
2009    2  383.11776
2009    3  383.25632
2009    4  383.44273
2009    5  383.75959
2009    6  384.30287
2009    7  384.84370
2009    8  385.30334
2009    9  385.39156
2009   10  385.33160
2009   11  385.15998
2009   12  384.84033
2010    1  384.77010
2010    2  384.61364
2010    3  384.64338
2010    4  385.05229
2010    5  385.57104
2010    6  386.38688
2010    7  386.99928
2010    8  387.60554
2010    9  387.79914
2010   10  387.66011
2010   11  387.50735
2010   12  387.18877
2011    1  386.90641
2011    2  386.82180
2011    3  386.98150
2011    4  387.15824
2011    5  387.56416
2011    6  388.17996
2011    7  388.71961
2011    8  389.07552
2011    9  389.27395
2011   10  389.14138
2011   11  389.02237
2011   12  388.81344
2012    1  388.59111
2012    2  388.44536
2012    3  388.71341
2012    4  389.24851
2012    5  389.83632
2012    6  390.50073
2012    7  391.01858
2012    8  391.48956
2012    9  391.54431
2012   10  391.42158
2012   11  391.36081
2012   12  391.33261
2013    1  391.14585
2013    2  391.02283
2013    3  391.45601
2013    4  391.99245
2013    5  392.53544
2013    6  393.15131
2013    7  393.82593
2013    8  394.37722
2013    9  394.42824
2013   10  394.31782
2013   11  394.10626
2013   12  393.95597
2014    1  393.84625
2014    2  393.66345
2014    3  393.86880
2014    4  394.17887
2014    5  394.64337
2014    6  395.20158
2014    7  395.75319
2014    8  396.05692
2014    9  396.16911
2014   10  396.04612
2014   11  395.80051
2014   12  395.43101
2015    1  395.20313
2015    2  395.23494
2015    3  395.74655
2015    4  396.24149
2015    5  396.73335
2015    6  397.31525
2015    7  397.87215
2015    8  398.56171
2015    9  398.63455
2015   10  398.59346
2015   11  398.47064
2015   12  398.32748
2016    1  398.22271
2016    2  398.19616
2016    3  398.42672
2016    4  399.15752
2016    5  399.60421
2016    6  400.39097
2016    7  401.20710
2016    8  401.71159
2016    9  401.96194
2016   10  401.83644
2016   11  401.54811
2016   12  401.15317
2017    1  400.83568
2017    2  400.78897
2017    3  400.88830
2017    4  401.34924
2017    5  401.98068
2017    6  402.63063
2017    7  403.23174
2017    8  403.77676
2017    9  403.89402
2017   10  403.62641
2017   11  403.54047
2017   12  403.45511
