yy mm co2
2000    1  376.81274
2000    2  376.95514
2000    3  376.23898
2000    4  375.77862
2000    5  373.51807
2000    6  368.90985
2000    7  363.58376
2000    8  370.15992
2000    9  371.07687
2000   10  373.07080
2000   11  376.15286
2000   12  381.05861
2001    1  382.50274
2001    2  382.25931
2001    3  381.90221
2001    4  377.05709
2001    5  375.55269
2001    6  370.90716
2001    7  367.66045
2001    8  364.30240
2001    9  373.54676
2001   10  373.98830
2001   11  376.06963
2001   12  377.96082
2002    1  381.29307
2002    2  380.46832
2002    3  382.60213
2002    4  378.43143
2002    5  375.96893
2002    6  371.83761
2002    7  367.69517
2002    8  371.83263
2002    9  370.87430
2002   10  372.21264
2002   11  382.29700
2002   12  380.85997
2003    1  386.76563
2003    2  384.88975
2003    3  382.41671
2003    4  384.35863
2003    5  380.04332
2003    6  376.80921
2003    7  369.86065
2003    8  372.02353
2003    9  373.10104
2003   10  376.41692
2003   11  382.26607
2003   12  384.12496
2004    1  389.32203
2004    2  383.89355
2004    3  381.54126
2004    4  383.52987
2004    5  381.85882
2004    6  376.30022
2004    7  370.85815
2004    8  372.36864
2004    9  373.99624
2004   10  379.98107
2004   11  383.93002
2004   12  384.48305
2005    1  389.61327
2005    2  387.81381
2005    3  388.60770
2005    4  386.61985
2005    5  383.56936
2005    6  378.92774
2005    7  373.88672
2005    8  373.63046
2005    9  373.75675
2005   10  379.70475
2005   11  386.60440
2005   12  391.66465
2006    1  389.31551
2006    2  389.60038
2006    3  388.65567
2006    4  389.34825
2006    5  384.99504
2006    6  382.24133
2006    7  378.43539
2006    8  376.06905
2006    9  378.12348
2006   10  381.05171
2006   11  389.78385
2006   12  390.04465
2007    1  391.77592
2007    2  396.68143
2007    3  392.87802
2007    4  389.92579
2007    5  387.25778
2007    6  384.08098
2007    7  379.68773
2007    8  382.52547
2007    9  379.80417
2007   10  386.06298
2007   11  389.71793
2007   12  390.82242
2008    1  395.76352
2008    2  394.69232
2008    3  398.64541
2008    4  393.74072
2008    5  390.25364
2008    6  386.18100
2008    7  382.82113
2008    8  382.33260
2008    9  381.68405
2008   10  387.28802
2008   11  395.53852
2008   12  403.84851
2009    1  397.52520
2009    2  400.12592
2009    3  395.06002
2009    4  394.58432
2009    5  391.94699
2009    6  386.65385
2009    7  382.60204
2009    8  381.18567
2009    9  384.44117
2009   10  391.04655
2009   11  404.88484
2009   12  400.96775
2010    1  401.28728
2010    2  403.86961
2010    3  400.08663
2010    4  396.81318
2010    5  389.10995
2010    6  389.42532
2010    7  382.72582
2010    8  381.64674
2010    9  395.07798
2010   10  396.21716
2010   11  397.18216
2010   12  402.12585
2011    1  404.25378
2011    2  405.73251
2011    3  399.20711
2011    4  397.55806
2011    5  395.11008
2011    6  390.01071
2011    7  386.29389
2011    8  387.55778
2011    9  389.11664
2011   10  393.06752
2011   11  399.21689
2011   12  402.32085
2012    1  410.46727
2012    2  404.57901
2012    3  399.73261
2012    4  401.34386
2012    5  396.59045
2012    6  395.58980
2012    7  388.90197
2012    8  385.88667
2012    9  388.24524
2012   10  393.32395
2012   11  404.64319
2012   12  409.96916
2013    1  403.88980
2013    2  408.18678
2013    3  405.26310
2013    4  404.09621
2013    5  399.60817
2013    6  393.33827
2013    7  392.23314
2013    8  389.40512
2013    9  393.30375
2013   10  401.17037
2013   11  403.94138
2013   12  406.07783
2014    1  417.12372
2014    2  409.68921
2014    3  408.66566
2014    4  405.61295
2014    5  401.66749
2014    6  398.20693
2014    7  394.91683
2014    8  393.40908
2014    9  395.80622
2014   10  399.22041
2014   11  409.29954
2014   12  410.37408
2015    1  415.00028
2015    2  408.32750
2015    3  411.06564
2015    4  408.00378
2015    5  403.53741
2015    6  401.34724
2015    7  396.08104
2015    8  394.88380
2015    9  397.91691
2015   10  401.32590
2015   11  414.55822
2015   12  414.00036
2016    1  415.37324
2016    2  412.40916
2016    3  412.04691
2016    4  410.96666
2016    5  404.32738
2016    6  403.48060
2016    7  395.30321
2016    8  398.86907
2016    9  405.16671
2016   10  408.66848
2016   11  410.45735
2016   12  409.61651
2017    1  412.80239
2017    2  413.99579
2017    3  416.15550
2017    4  415.00104
2017    5  411.42449
2017    6  404.83646
2017    7  398.89771
2017    8  402.60403
2017    9  408.63766
2017   10  409.61080
2017   11  414.04751
2017   12  423.92506
