yy mm co2
2000    1  371.47780
2000    2  373.24574
2000    3  372.81608
2000    4  372.97883
2000    5  372.53171
2000    6  371.50693
2000    7  369.25872
2000    8  366.54322
2000    9  366.42406
2000   10  367.25838
2000   11  369.12301
2000   12  371.07605
2001    1  372.63345
2001    2  373.93565
2001    3  373.37729
2001    4  374.60195
2001    5  373.85582
2001    6  372.71727
2001    7  370.08087
2001    8  367.94654
2001    9  368.08153
2001   10  368.92018
2001   11  370.29551
2001   12  372.64504
2002    1  374.38681
2002    2  375.02553
2002    3  375.82728
2002    4  376.38558
2002    5  375.67422
2002    6  374.51123
2002    7  372.50668
2002    8  370.63213
2002    9  369.92051
2002   10  370.92069
2002   11  372.87109
2002   12  374.44476
2003    1  376.62755
2003    2  377.17106
2003    3  378.22561
2003    4  378.48917
2003    5  378.40311
2003    6  377.52130
2003    7  375.54506
2003    8  372.93840
2003    9  372.52388
2003   10  372.99859
2003   11  375.00306
2003   12  377.60011
2004    1  378.48979
2004    2  379.81744
2004    3  381.04283
2004    4  380.54303
2004    5  380.29271
2004    6  379.42088
2004    7  377.04455
2004    8  374.62503
2004    9  373.60244
2004   10  374.77570
2004   11  377.53751
2004   12  378.85466
2005    1  381.48815
2005    2  381.35864
2005    3  382.00262
2005    4  382.51258
2005    5  382.52000
2005    6  381.21600
2005    7  378.30291
2005    8  376.42120
2005    9  376.06774
2005   10  376.76489
2005   11  379.33042
2005   12  381.40014
2006    1  383.28647
2006    2  384.36186
2006    3  384.67962
2006    4  384.69367
2006    5  384.63145
2006    6  383.94492
2006    7  380.61783
2006    8  379.79323
2006    9  378.55591
2006   10  379.22038
2006   11  381.70547
2006   12  383.72411
2007    1  384.92950
2007    2  385.21181
2007    3  386.69197
2007    4  386.54575
2007    5  386.35728
2007    6  385.07511
2007    7  382.49049
2007    8  380.78392
2007    9  380.44428
2007   10  381.14536
2007   11  383.53485
2007   12  385.50352
2008    1  387.60089
2008    2  388.03395
2008    3  388.41993
2008    4  389.22936
2008    5  388.52170
2008    6  387.41433
2008    7  385.04048
2008    8  382.31854
2008    9  381.96833
2008   10  382.61549
2008   11  384.41556
2008   12  387.30187
2009    1  388.23392
2009    2  389.04967
2009    3  389.86505
2009    4  390.58641
2009    5  390.42893
2009    6  389.12529
2009    7  386.74707
2009    8  383.95164
2009    9  383.27725
2009   10  384.28261
2009   11  386.95737
2009   12  388.21291
2010    1  390.10742
2010    2  390.45617
2010    3  391.81003
2010    4  391.74451
2010    5  392.17656
2010    6  391.40836
2010    7  387.75441
2010    8  386.30914
2010    9  385.91865
2010   10  386.78022
2010   11  388.73890
2010   12  391.29436
2011    1  393.41417
2011    2  394.61171
2011    3  394.15594
2011    4  395.20033
2011    5  394.28013
2011    6  393.23900
2011    7  390.92047
2011    8  387.99175
2011    9  387.86422
2011   10  388.82371
2011   11  390.93272
2011   12  393.89808
2012    1  394.98755
2012    2  396.02330
2012    3  396.99610
2012    4  396.52220
2012    5  396.36376
2012    6  394.97929
2012    7  392.76053
2012    8  390.63732
2012    9  389.95806
2012   10  391.10077
2012   11  393.08870
2012   12  396.27939
2013    1  398.00649
2013    2  398.59969
2013    3  398.60694
2013    4  399.46267
2013    5  399.22955
2013    6  398.04407
2013    7  395.41791
2013    8  392.43381
2013    9  392.61646
2013   10  394.52050
2013   11  396.56414
2013   12  399.23334
2014    1  399.75950
2014    2  401.17407
2014    3  401.84171
2014    4  401.79162
2014    5  401.21056
2014    6  400.06335
2014    7  397.53021
2014    8  395.36497
2014    9  395.07472
2014   10  395.96850
2014   11  397.58440
2014   12  401.46647
2015    1  402.50685
2015    2  402.29023
2015    3  403.95634
2015    4  404.17563
2015    5  403.30703
2015    6  401.68862
2015    7  399.13401
2015    8  397.64008
2015    9  396.58509
2015   10  397.79503
2015   11  400.70602
2015   12  403.54748
2016    1  404.48058
2016    2  405.45131
2016    3  407.16529
2016    4  406.02963
2016    5  406.16284
2016    6  405.20515
2016    7  402.02885
2016    8  399.57985
2016    9  399.80921
2016   10  401.41531
2016   11  403.42635
2016   12  406.11153
2017    1  408.58256
2017    2  408.50433
2017    3  409.33950
2017    4  409.83441
2017    5  409.43467
2017    6  407.92956
2017    7  405.32683
2017    8  402.82609
2017    9  402.44460
2017   10  404.34822
2017   11  406.06491
2017   12  408.43998
