yy mm co2
2000    1  366.90410
2000    2  368.42027
2000    3  367.21420
2000    4  367.59311
2000    5  367.36781
2000    6  367.77998
2000    7  368.44268
2000    8  368.62175
2000    9  367.98004
2000   10  367.97149
2000   11  368.02341
2000   12  367.88580
2001    1  368.13130
2001    2  368.45400
2001    3  367.95516
2001    4  368.33395
2001    5  368.99038
2001    6  369.64787
2001    7  370.13990
2001    8  369.83032
2001    9  369.33128
2001   10  369.66696
2001   11  369.90090
2001   12  369.64810
2002    1  369.96370
2002    2  369.85957
2002    3  370.11082
2002    4  371.10940
2002    5  371.22949
2002    6  371.26863
2002    7  371.49305
2002    8  371.94090
2002    9  371.95534
2002   10  372.03179
2002   11  372.20653
2002   12  372.40543
2003    1  373.07484
2003    2  373.36611
2003    3  372.96762
2003    4  373.52301
2003    5  374.17814
2003    6  373.80759
2003    7  374.57718
2003    8  374.38102
2003    9  374.46219
2003   10  374.31385
2003   11  374.49942
2003   12  374.58696
2004    1  373.91708
2004    2  374.51056
2004    3  374.77096
2004    4  375.30423
2004    5  375.36325
2004    6  375.62559
2004    7  376.25441
2004    8  376.32970
2004    9  375.74038
2004   10  376.04128
2004   11  376.17059
2004   12  376.31037
2005    1  376.17347
2005    2  376.11421
2005    3  376.57091
2005    4  377.55902
2005    5  377.70160
2005    6  379.14221
2005    7  378.16915
2005    8  378.21408
2005    9  378.32462
2005   10  378.50795
2005   11  378.44782
2005   12  378.41880
2006    1  378.96304
2006    2  378.32200
2006    3  379.12957
2006    4  378.85300
2006    5  379.34553
2006    6  380.11657
2006    7  380.58887
2006    8  380.11282
2006    9  380.08741
2006   10  379.92935
2006   11  380.20397
2006   12  380.59885
2007    1  380.71946
2007    2  381.18026
2007    3  380.87025
2007    4  381.51225
2007    5  381.66990
2007    6  381.47444
2007    7  382.00352
2007    8  382.01921
2007    9  382.10480
2007   10  382.32649
2007   11  382.82102
2007   12  382.44369
2008    1  382.52698
2008    2  382.25751
2008    3  383.33566
2008    4  383.28388
2008    5  383.42623
2008    6  383.89530
2008    7  384.11442
2008    8  383.92234
2008    9  383.95898
2008   10  383.86355
2008   11  383.72070
2008   12  383.58665
2009    1  384.25432
2009    2  384.26564
2009    3  384.34804
2009    4  384.65174
2009    5  384.66227
2009    6  385.58862
2009    7  385.64400
2009    8  385.39938
2009    9  385.11847
2009   10  385.38291
2009   11  386.37628
2009   12  385.50922
2010    1  385.55890
2010    2  386.18175
2010    3  386.43333
2010    4  386.54383
2010    5  386.85859
2010    6  387.06747
2010    7  387.63499
2010    8  387.67373
2010    9  387.79093
2010   10  387.36311
2010   11  387.90153
2010   12  387.80394
2011    1  388.18971
2011    2  388.05540
2011    3  388.16995
2011    4  388.77103
2011    5  388.01538
2011    6  388.76987
2011    7  389.21990
2011    8  389.38478
2011    9  389.13125
2011   10  389.06271
2011   11  389.49450
2011   12  389.65201
2012    1  389.73216
2012    2  389.62514
2012    3  389.79124
2012    4  390.37730
2012    5  390.47675
2012    6  391.07911
2012    7  391.88960
2012    8  391.60135
2012    9  391.46736
2012   10  391.36256
2012   11  391.85325
2012   12  391.98354
2013    1  391.77184
2013    2  392.50642
2013    3  393.41784
2013    4  392.70756
2013    5  393.76665
2013    6  394.51828
2013    7  395.03103
2013    8  394.39980
2013    9  394.32911
2013   10  394.06170
2013   11  394.61846
2013   12  394.73412
2014    1  395.71672
2014    2  395.23334
2014    3  395.54658
2014    4  395.34023
2014    5  396.12144
2014    6  396.08459
2014    7  396.48282
2014    8  396.48821
2014    9  396.05433
2014   10  395.95223
2014   11  396.25302
2014   12  396.08072
2015    1  396.09376
2015    2  396.65872
2015    3  396.29615
2015    4  396.84586
2015    5  397.87035
2015    6  398.77734
2015    7  398.63327
2015    8  398.68944
2015    9  398.55368
2015   10  398.42093
2015   11  398.85094
2015   12  399.29399
2016    1  399.14079
2016    2  399.05831
2016    3  399.51014
2016    4  400.34813
2016    5  400.69214
2016    6  401.73595
2016    7  401.91502
2016    8  401.92404
2016    9  401.69293
2016   10  401.55504
2016   11  401.95175
2016   12  401.94360
2017    1  401.83772
2017    2  401.80629
2017    3  402.57481
2017    4  403.20511
2017    5  403.42062
2017    6  403.69789
2017    7  403.77415
2017    8  403.98369
2017    9  403.63838
2017   10  403.93724
2017   11  405.44511
2017   12  404.15264
