yy mm co2
2000    1  374.61886
2000    2  375.39852
2000    3  376.86439
2000    4  378.31115
2000    5  374.34496
2000    6  371.83697
2000    7  371.48275
2000    8  368.91268
2000    9  369.54036
2000   10  370.83411
2000   11  374.02147
2000   12  375.03304
2001    1  375.45370
2001    2  378.21932
2001    3  379.41558
2001    4  379.57964
2001    5  376.42091
2001    6  371.82987
2001    7  371.04602
2001    8  366.68609
2001    9  367.85001
2001   10  371.54282
2001   11  374.82369
2001   12  375.91025
2002    1  377.48844
2002    2  380.90741
2002    3  383.87839
2002    4  382.53693
2002    5  378.01868
2002    6  373.96202
2002    7  374.31490
2002    8  374.16187
2002    9  370.97151
2002   10  376.05877
2002   11  376.92772
2002   12  378.48571
2003    1  379.38787
2003    2  381.42598
2003    3  383.65193
2003    4  385.98914
2003    5  382.23778
2003    6  378.72538
2003    7  375.61689
2003    8  375.94294
2003    9  375.74602
2003   10  376.97479
2003   11  380.11337
2003   12  381.35197
2004    1  382.28423
2004    2  385.89910
2004    3  386.23295
2004    4  388.53943
2004    5  383.41471
2004    6  379.76494
2004    7  377.74470
2004    8  373.57473
2004    9  377.44510
2004   10  379.26991
2004   11  383.45513
2004   12  383.23851
2005    1  384.11052
2005    2  385.00468
2005    3  388.98314
2005    4  388.86574
2005    5  385.47895
2005    6  381.25529
2005    7  377.37572
2005    8  379.65170
2005    9  378.19668
2005   10  381.29470
2005   11  385.06344
2005   12  384.64909
2006    1  386.85251
2006    2  390.59154
2006    3  390.15900
2006    4  390.62669
2006    5  387.58176
2006    6  383.98549
2006    7  381.77639
2006    8  381.73556
2006    9  379.53665
2006   10  384.52135
2006   11  387.65147
2006   12  388.09908
2007    1  388.93594
2007    2  391.46346
2007    3  393.18108
2007    4  391.88599
2007    5  389.98973
2007    6  385.93757
2007    7  380.74839
2007    8  388.20182
2007    9  385.74837
2007   10  385.03285
2007   11  387.98869
2007   12  389.67130
2008    1  390.59683
2008    2  392.79182
2008    3  396.87121
2008    4  396.30709
2008    5  392.10200
2008    6  386.96642
2008    7  385.52389
2008    8  382.48420
2008    9  384.97819
2008   10  387.35534
2008   11  389.76458
2008   12  391.74393
2009    1  391.95965
2009    2  394.58741
2009    3  396.22528
2009    4  398.07498
2009    5  394.37675
2009    6  391.68156
2009    7  388.72031
2009    8  383.58109
2009    9  384.37438
2009   10  386.91075
2009   11  390.55580
2009   12  392.80218
2010    1  393.67229
2010    2  395.96483
2010    3  399.18174
2010    4  398.72303
2010    5  397.39453
2010    6  392.40066
2010    7  392.60997
2010    8  390.18554
2010    9  388.15942
2010   10  391.61707
2010   11  395.02649
2010   12  396.86530
2011    1  397.07977
2011    2  399.68104
2011    3  401.65428
2011    4  403.53765
2011    5  397.33000
2011    6  393.62957
2011    7  391.40705
2011    8  391.10906
2011    9  389.77151
2011   10  393.96269
2011   11  397.24275
2011   12  397.62611
2012    1  398.82521
2012    2  400.39729
2012    3  401.21956
2012    4  402.08575
2012    5  399.80942
2012    6  396.58204
2012    7  395.86960
2012    8  393.00849
2012    9  391.96701
2012   10  395.74903
2012   11  398.37303
2012   12  400.41326
2013    1  401.15335
2013    2  403.51256
2013    3  406.23578
2013    4  405.62093
2013    5  404.93536
2013    6  398.97955
2013    7  396.65541
2013    8  394.52410
2013    9  393.97550
2013   10  397.24770
2013   11  401.57948
2013   12  402.33193
2014    1  404.51172
2014    2  406.28310
2014    3  409.23455
2014    4  408.91400
2014    5  406.55816
2014    6  399.89594
2014    7  399.15316
2014    8  398.25556
2014    9  395.21899
2014   10  398.74832
2014   11  402.63968
2014   12  404.86266
2015    1  405.50545
2015    2  407.95846
2015    3  413.29372
2015    4  411.53943
2015    5  407.28087
2015    6  403.42726
2015    7  403.23514
2015    8  398.76011
2015    9  397.57323
2015   10  402.05824
2015   11  405.32410
2015   12  408.47357
2016    1  408.75425
2016    2  410.88616
2016    3  413.79320
2016    4  412.93300
2016    5  411.07961
2016    6  405.67230
2016    7  403.79286
2016    8  402.57891
2016    9  402.37955
2016   10  406.45697
2016   11  409.76517
2016   12  411.65212
2017    1  412.45963
2017    2  414.00475
2017    3  415.73145
2017    4  418.49600
2017    5  414.93014
2017    6  407.29964
2017    7  409.08236
2017    8  404.34077
2017    9  407.32246
2017   10  408.61909
2017   11  412.48766
2017   12  413.18432
