yy mm co2
2000    1  391.65479
2000    2  382.05102
2000    3  388.12758
2000    4  386.58641
2000    5  385.91502
2000    6  381.27590
2000    7  377.22976
2000    8  378.89730
2000    9  381.18413
2000   10  379.46529
2000   11  390.47244
2000   12  397.93630
2001    1  387.27382
2001    2  385.70186
2001    3  388.86748
2001    4  386.32620
2001    5  387.67891
2001    6  386.63953
2001    7  377.22001
2001    8  379.26502
2001    9  382.19846
2001   10  390.07427
2001   11  394.88022
2001   12  392.99723
2002    1  393.77654
2002    2  401.23201
2002    3  389.26111
2002    4  384.87822
2002    5  384.93989
2002    6  384.26570
2002    7  381.65777
2002    8  380.33412
2002    9  390.56540
2002   10  385.85666
2002   11  393.33545
2002   12  389.50055
2003    1  395.63508
2003    2  387.84402
2003    3  391.70388
2003    4  387.80484
2003    5  389.74301
2003    6  385.81877
2003    7  389.50238
2003    8  383.13071
2003    9  387.74789
2003   10  402.88470
2003   11  388.86478
2003   12  394.44654
2004    1  400.57246
2004    2  392.42225
2004    3  405.42972
2004    4  394.17809
2004    5  392.22412
2004    6  387.96765
2004    7  385.07071
2004    8  382.97076
2004    9  391.93712
2004   10  387.36872
2004   11  393.52666
2004   12  396.64330
2005    1  392.82913
2005    2  391.94233
2005    3  393.86342
2005    4  396.40311
2005    5  393.59299
2005    6  387.67359
2005    7  387.81797
2005    8  385.89523
2005    9  388.65127
2005   10  395.67717
2005   11  404.26623
2005   12  402.39847
2006    1  398.45644
2006    2  405.03472
2006    3  394.24645
2006    4  395.20595
2006    5  395.19506
2006    6  398.12364
2006    7  393.07601
2006    8  385.50756
2006    9  395.37915
2006   10  395.89006
2006   11  403.04093
2006   12  402.32038
2007    1  399.03334
2007    2  400.61961
2007    3  403.44379
2007    4  397.44892
2007    5  397.80201
2007    6  396.63809
2007    7  393.49677
2007    8  390.34669
2007    9  392.37968
2007   10  402.16235
2007   11  412.89089
2007   12  399.90936
2008    1  401.92518
2008    2  409.64311
2008    3  408.47712
2008    4  405.42596
2008    5  400.32237
2008    6  401.57570
2008    7  394.10251
2008    8  391.19797
2008    9  398.92434
2008   10  415.46929
2008   11  410.97327
2008   12  407.54781
2009    1  407.92173
2009    2  407.06183
2009    3  406.83721
2009    4  404.20922
2009    5  402.43450
2009    6  395.55345
2009    7  396.01306
2009    8  399.01634
2009    9  402.99955
2009   10  403.90366
2009   11  414.20924
2009   12  405.70612
2010    1  409.72733
2010    2  408.12590
2010    3  407.34874
2010    4  401.76461
2010    5  402.08828
2010    6  400.76906
2010    7  396.37031
2010    8  397.61359
2010    9  405.87774
2010   10  403.54970
2010   11  407.36399
2010   12  413.80769
2011    1  414.00004
2011    2  407.01870
2011    3  411.86792
2011    4  409.22311
2011    5  405.72480
2011    6  401.63190
2011    7  399.10144
2011    8  400.50130
2011    9  404.67427
2011   10  417.58292
2011   11  411.69854
2011   12  418.28159
2012    1  417.62527
2012    2  412.17066
2012    3  406.82708
2012    4  413.33566
2012    5  407.66856
2012    6  404.84706
2012    7  401.74910
2012    8  404.74531
2012    9  406.81969
2012   10  411.77010
2012   11  415.76033
2012   12  409.55568
2013    1  413.13921
2013    2  418.29108
2013    3  420.64599
2013    4  410.71032
2013    5  410.49795
2013    6  408.16717
2013    7  402.37745
2013    8  405.46237
2013    9  408.72244
2013   10  414.69443
2013   11  417.24159
2013   12  418.15505
2014    1  430.91626
2014    2  419.29545
2014    3  415.30497
2014    4  415.68224
2014    5  414.51692
2014    6  409.29858
2014    7  405.94954
2014    8  405.24753
2014    9  407.30438
2014   10  415.69947
2014   11  416.58149
2014   12  414.30353
2015    1  420.15919
2015    2  422.96859
2015    3  423.12877
2015    4  416.89540
2015    5  409.52730
2015    6  413.55420
2015    7  406.70607
2015    8  406.63913
2015    9  414.02967
2015   10  417.50760
2015   11  415.11346
2015   12  414.69591
2016    1  418.58878
2016    2  432.47856
2016    3  422.86736
2016    4  420.92981
2016    5  412.59185
2016    6  419.83507
2016    7  411.66873
2016    8  408.14493
2016    9  415.35951
2016   10  421.22914
2016   11  429.28365
2016   12  420.77244
2017    1  417.69707
2017    2  424.23807
2017    3  433.19815
2017    4  424.79686
2017    5  419.25922
2017    6  419.24385
2017    7  414.11151
2017    8  413.00920
2017    9  414.44029
2017   10  426.42653
2017   11  427.59409
2017   12  440.38179
