yy mm co2
2000    1  383.39937
2000    2  382.91840
2000    3  387.33121
2000    4  386.66936
2000    5  390.18283
2000    6  390.31569
2000    7  381.11545
2000    8  379.83374
2000    9  389.57936
2000   10  392.92709
2000   11  390.87329
2000   12  387.00976
2001    1  386.43784
2001    2  392.48596
2001    3  390.81386
2001    4  393.02019
2001    5  386.16458
2001    6  385.73958
2001    7  379.20027
2001    8  383.99914
2001    9  378.82550
2001   10  396.22301
2001   11  395.11206
2001   12  387.18025
2002    1  388.36003
2002    2  392.01500
2002    3  391.95840
2002    4  397.01804
2002    5  394.65629
2002    6  387.89926
2002    7  388.08907
2002    8  385.03145
2002    9  384.88171
2002   10  391.43921
2002   11  389.89465
2002   12  390.67143
2003    1  392.59013
2003    2  395.99981
2003    3  397.43129
2003    4  397.88295
2003    5  395.42120
2003    6  395.62632
2003    7  395.67047
2003    8  390.31054
2003    9  397.53251
2003   10  399.38092
2003   11  400.59598
2003   12  394.80763
2004    1  396.29702
2004    2  398.39279
2004    3  397.83886
2004    4  399.47551
2004    5  396.75276
2004    6  393.53126
2004    7  393.24962
2004    8  384.93061
2004    9  395.18197
2004   10  399.14937
2004   11  406.60216
2004   12  400.24688
2005    1  395.76023
2005    2  394.62978
2005    3  400.29088
2005    4  401.00681
2005    5  400.80916
2005    6  400.17327
2005    7  410.01636
2005    8  397.98918
2005    9  401.06766
2005   10  415.16742
2005   11  411.79481
2005   12  396.50046
2006    1  405.83030
2006    2  407.24300
2006    3  406.79253
2006    4  406.55886
2006    5  408.34196
2006    6  403.48762
2006    7  395.83986
2006    8  394.12966
2006    9  394.00300
2006   10  406.27466
2006   11  402.54687
2006   12  405.50844
2007    1  407.07688
2007    2  416.92989
2007    3  409.94294
2007    4  414.20391
2007    5  405.36732
2007    6  401.73045
2007    7  405.24363
2007    8  395.96658
2007    9  404.17587
2007   10  411.92878
2007   11  408.33221
2007   12  405.59968
2008    1  402.94143
2008    2  404.64516
2008    3  411.51050
2008    4  410.70738
2008    5  406.67772
2008    6  402.52984
2008    7  403.14256
2008    8  393.00398
2008    9  392.24752
2008   10  406.36040
2008   11  413.02605
2008   12  405.53231
2009    1  407.21116
2009    2  416.63184
2009    3  407.17836
2009    4  419.02164
2009    5  408.69834
2009    6  403.73584
2009    7  401.89142
2009    8  409.73636
2009    9  408.05020
2009   10  402.13921
2009   11  403.74955
2009   12  407.30144
2010    1  406.89719
2010    2  413.21683
2010    3  411.62333
2010    4  416.10483
2010    5  409.87472
2010    6  415.71021
2010    7  405.16446
2010    8  407.07251
2010    9  408.93181
2010   10  411.52837
2010   11  411.60855
2010   12  409.23205
2011    1  404.88486
2011    2  423.90087
2011    3  416.73341
2011    4  417.26243
2011    5  415.01073
2011    6  414.28744
2011    7  405.82410
2011    8  408.26685
2011    9  398.81674
2011   10  416.78251
2011   11  415.78102
2011   12  411.17930
2012    1  411.55546
2012    2  417.60167
2012    3  416.15599
2012    4  419.77016
2012    5  425.19270
2012    6  416.33923
2012    7  415.83026
2012    8  407.45060
2012    9  416.22293
2012   10  425.71328
2012   11  417.75475
2012   12  416.42811
2013    1  420.23009
2013    2  418.87208
2013    3  422.26157
2013    4  422.96754
2013    5  423.94162
2013    6  427.00866
2013    7  409.63342
2013    8  417.22320
2013    9  408.65468
2013   10  410.19337
2013   11  419.85829
2013   12  423.99648
2014    1  422.12740
2014    2  426.50136
2014    3  430.92843
2014    4  437.57004
2014    5  422.66239
2014    6  423.16128
2014    7  413.80938
2014    8  410.53930
2014    9  419.65107
2014   10  421.86349
2014   11  423.91111
2014   12  417.55952
2015    1  422.32467
2015    2  427.29048
2015    3  433.86882
2015    4  434.60156
2015    5  425.53237
2015    6  420.16021
2015    7  417.97711
2015    8  419.04789
2015    9  424.44729
2015   10  435.44525
2015   11  431.76531
2015   12  434.16134
2016    1  421.01814
2016    2  425.42408
2016    3  437.09305
2016    4  431.21117
2016    5  425.80077
2016    6  419.92890
2016    7  421.48936
2016    8  432.42492
2016    9  427.44173
2016   10  435.96592
2016   11  436.10812
2016   12  433.82094
2017    1  430.79801
2017    2  429.98735
2017    3  434.28052
2017    4  433.96055
2017    5  429.80496
2017    6  431.34444
2017    7  433.60316
2017    8  436.98750
2017    9  431.81150
2017   10  440.34579
2017   11  430.94935
2017   12  429.32338
