yy mm co2
2000    1  378.12273
2000    2  381.15078
2000    3  376.68669
2000    4  372.36858
2000    5  373.95605
2000    6  371.91765
2000    7  371.28132
2000    8  376.89746
2000    9  372.16797
2000   10  373.96132
2000   11  375.78805
2000   12  376.59393
2001    1  379.49657
2001    2  381.77700
2001    3  376.97647
2001    4  378.61665
2001    5  378.16950
2001    6  373.95291
2001    7  368.08601
2001    8  373.94452
2001    9  373.44723
2001   10  375.49011
2001   11  379.97373
2001   12  381.61321
2002    1  381.42098
2002    2  384.75485
2002    3  379.25216
2002    4  382.34898
2002    5  380.95965
2002    6  375.29264
2002    7  371.64058
2002    8  379.24273
2002    9  376.76177
2002   10  378.68603
2002   11  381.06617
2002   12  382.46106
2003    1  386.92061
2003    2  382.36927
2003    3  385.98679
2003    4  384.47004
2003    5  382.91593
2003    6  379.63112
2003    7  374.45116
2003    8  373.34597
2003    9  375.56459
2003   10  381.28000
2003   11  383.18473
2003   12  386.81331
2004    1  388.76903
2004    2  386.95018
2004    3  391.35438
2004    4  390.26621
2004    5  385.22854
2004    6  379.55452
2004    7  378.44855
2004    8  373.34868
2004    9  372.21191
2004   10  380.51454
2004   11  381.15933
2004   12  383.87114
2005    1  386.70344
2005    2  394.55795
2005    3  392.36588
2005    4  387.87985
2005    5  385.69880
2005    6  383.33173
2005    7  379.97394
2005    8  383.11820
2005    9  385.20648
2005   10  385.87136
2005   11  389.00014
2005   12  388.54312
2006    1  393.16103
2006    2  392.38430
2006    3  390.57664
2006    4  387.61547
2006    5  389.19057
2006    6  384.26308
2006    7  384.03395
2006    8  382.87140
2006    9  379.50609
2006   10  385.43748
2006   11  388.19242
2006   12  393.88076
2007    1  394.09834
2007    2  393.46248
2007    3  391.44774
2007    4  392.99962
2007    5  390.19491
2007    6  386.50434
2007    7  380.37333
2007    8  386.26118
2007    9  384.86990
2007   10  388.71978
2007   11  393.00692
2007   12  396.40680
2008    1  395.70604
2008    2  395.41899
2008    3  399.28692
2008    4  395.29015
2008    5  397.38716
2008    6  390.39357
2008    7  385.43387
2008    8  383.46450
2008    9  389.74479
2008   10  393.41545
2008   11  394.32535
2008   12  399.26459
2009    1  397.56694
2009    2  399.34221
2009    3  394.61369
2009    4  397.81886
2009    5  393.32014
2009    6  388.59228
2009    7  389.67631
2009    8  382.92716
2009    9  383.84626
2009   10  387.72586
2009   11  393.80096
2009   12  400.32365
2010    1  402.50446
2010    2  403.97636
2010    3  405.10096
2010    4  405.42422
2010    5  397.73280
2010    6  393.16420
2010    7  386.42067
2010    8  392.37450
2010    9  391.80508
2010   10  398.09616
2010   11  398.56855
2010   12  398.17160
2011    1  403.32979
2011    2  404.17150
2011    3  406.85254
2011    4  409.48828
2011    5  400.58180
2011    6  394.36590
2011    7  390.84436
2011    8  393.43289
2011    9  402.86404
2011   10  404.80477
2011   11  403.32519
2011   12  407.02734
2012    1  407.12545
2012    2  407.61213
2012    3  405.17046
2012    4  405.92812
2012    5  399.52938
2012    6  394.14401
2012    7  389.04222
2012    8  393.36007
2012    9  399.09378
2012   10  400.50520
2012   11  402.97775
2012   12  407.59234
2013    1  413.27561
2013    2  409.03184
2013    3  406.10161
2013    4  408.50689
2013    5  405.95219
2013    6  397.35594
2013    7  396.40363
2013    8  392.94641
2013    9  398.00716
2013   10  405.45606
2013   11  407.44513
2013   12  406.59719
2014    1  407.67257
2014    2  411.75241
2014    3  414.66020
2014    4  409.97891
2014    5  403.30205
2014    6  400.86207
2014    7  398.49270
2014    8  401.93406
2014    9  397.48047
2014   10  402.77847
2014   11  408.70419
2014   12  412.72910
2015    1  411.33922
2015    2  413.35681
2015    3  415.04181
2015    4  411.82819
2015    5  409.56881
2015    6  401.58624
2015    7  403.01678
2015    8  403.29655
2015    9  400.07525
2015   10  405.21650
2015   11  407.31885
2015   12  411.43817
2016    1  414.59093
2016    2  415.84231
2016    3  410.83759
2016    4  414.45423
2016    5  409.58400
2016    6  405.48525
2016    7  401.96071
2016    8  404.83160
2016    9  401.53935
2016   10  409.35443
2016   11  411.61696
2016   12  414.19428
2017    1  418.98855
2017    2  421.77632
2017    3  415.97761
2017    4  422.32848
2017    5  415.60858
2017    6  409.26383
2017    7  406.80083
2017    8  402.05367
2017    9  406.85851
2017   10  410.67792
2017   11  414.63357
2017   12  418.11302
