yy mm co2
2000    1  374.44959
2000    2  376.24256
2000    3  376.17030
2000    4  374.76432
2000    5  373.01949
2000    6  370.91059
2000    7  366.21507
2000    8  366.37785
2000    9  366.05116
2000   10  368.18674
2000   11  370.68428
2000   12  372.39183
2001    1  374.10541
2001    2  377.05671
2001    3  375.09709
2001    4  377.27033
2001    5  373.05566
2001    6  371.56243
2001    7  369.01134
2001    8  366.44511
2001    9  366.79546
2001   10  370.81828
2001   11  372.97283
2001   12  375.54823
2002    1  376.45176
2002    2  377.01803
2002    3  378.29339
2002    4  378.57232
2002    5  377.11687
2002    6  375.85161
2002    7  370.65506
2002    8  368.96981
2002    9  369.35479
2002   10  372.66576
2002   11  374.54459
2002   12  377.69775
2003    1  378.55440
2003    2  380.72962
2003    3  382.64118
2003    4  381.45846
2003    5  379.61651
2003    6  376.61780
2003    7  373.69851
2003    8  373.40229
2003    9  372.57612
2003   10  374.16327
2003   11  377.66719
2003   12  379.81814
2004    1  381.64546
2004    2  382.10460
2004    3  383.55088
2004    4  382.86729
2004    5  381.01233
2004    6  378.04607
2004    7  375.39680
2004    8  372.65001
2004    9  373.33628
2004   10  375.67431
2004   11  379.26395
2004   12  380.89979
2005    1  383.69230
2005    2  385.29909
2005    3  385.17101
2005    4  385.52465
2005    5  383.19067
2005    6  380.00496
2005    7  375.61386
2005    8  374.28120
2005    9  377.33300
2005   10  378.62701
2005   11  382.05856
2005   12  384.09649
2006    1  386.34959
2006    2  388.08535
2006    3  387.72414
2006    4  387.46104
2006    5  385.52922
2006    6  383.20251
2006    7  377.81094
2006    8  377.11710
2006    9  378.42081
2006   10  381.78026
2006   11  383.65580
2006   12  385.60102
2007    1  387.27713
2007    2  388.04993
2007    3  389.22069
2007    4  388.91911
2007    5  386.33790
2007    6  385.27770
2007    7  380.37112
2007    8  379.28324
2007    9  379.52652
2007   10  383.26639
2007   11  386.59759
2007   12  388.45025
2008    1  389.82768
2008    2  390.77146
2008    3  391.05845
2008    4  391.75662
2008    5  389.78772
2008    6  387.66730
2008    7  383.71672
2008    8  380.82086
2008    9  382.65277
2008   10  383.81052
2008   11  386.93511
2008   12  389.90297
2009    1  390.29808
2009    2  392.42327
2009    3  393.44601
2009    4  392.47604
2009    5  388.88300
2009    6  387.17274
2009    7  385.03218
2009    8  383.91550
2009    9  382.56584
2009   10  386.57215
2009   11  388.71789
2009   12  391.37431
2010    1  393.87698
2010    2  394.35562
2010    3  395.12551
2010    4  394.62911
2010    5  391.64524
2010    6  389.06879
2010    7  385.81897
2010    8  386.81916
2010    9  385.73914
2010   10  389.00433
2010   11  391.66969
2010   12  395.54806
2011    1  395.96931
2011    2  397.61988
2011    3  398.39186
2011    4  398.50583
2011    5  393.89066
2011    6  393.07575
2011    7  388.23587
2011    8  386.35617
2011    9  387.24818
2011   10  390.01292
2011   11  393.36440
2011   12  395.95581
2012    1  397.08705
2012    2  399.73602
2012    3  399.64312
2012    4  398.34721
2012    5  396.50206
2012    6  393.09921
2012    7  390.23117
2012    8  389.35695
2012    9  389.82331
2012   10  392.29103
2012   11  396.39592
2012   12  399.24929
2013    1  400.71853
2013    2  402.37670
2013    3  401.79389
2013    4  402.48837
2013    5  399.97365
2013    6  394.42308
2013    7  392.30578
2013    8  391.42233
2013    9  391.96166
2013   10  395.64419
2013   11  399.31291
2013   12  401.38522
2014    1  401.97728
2014    2  402.87958
2014    3  405.22072
2014    4  403.83075
2014    5  401.80740
2014    6  397.90201
2014    7  395.13296
2014    8  391.85034
2014    9  394.91113
2014   10  397.86764
2014   11  400.18550
2014   12  403.54207
2015    1  404.41434
2015    2  405.23481
2015    3  406.60647
2015    4  406.17073
2015    5  402.63394
2015    6  398.83840
2015    7  395.78381
2015    8  395.56625
2015    9  396.10756
2015   10  400.37616
2015   11  402.72111
2015   12  404.67066
2016    1  406.95653
2016    2  407.75488
2016    3  409.70190
2016    4  409.12963
2016    5  405.90487
2016    6  402.81375
2016    7  399.73939
2016    8  397.51013
2016    9  400.02866
2016   10  403.62868
2016   11  405.89771
2016   12  408.65861
2017    1  410.63689
2017    2  411.79138
2017    3  413.34447
2017    4  413.01752
2017    5  409.54241
2017    6  405.73519
2017    7  401.76220
2017    8  401.98083
2017    9  401.13850
2017   10  405.75795
2017   11  408.16827
2017   12  410.66279
