yy mm co2
2000    1  373.47031
2000    2  374.94412
2000    3  375.27422
2000    4  374.83987
2000    5  373.98221
2000    6  372.70112
2000    7  370.77136
2000    8  369.99336
2000    9  368.56954
2000   10  369.60837
2000   11  372.40371
2000   12  374.44037
2001    1  376.67502
2001    2  375.86378
2001    3  376.01727
2001    4  376.42595
2001    5  375.33932
2001    6  374.25867
2001    7  371.95691
2001    8  372.04853
2001    9  369.45014
2001   10  370.53498
2001   11  373.76527
2001   12  375.57367
2002    1  376.39169
2002    2  378.21004
2002    3  378.56222
2002    4  377.69784
2002    5  377.94220
2002    6  375.66855
2002    7  373.91001
2002    8  371.38865
2002    9  371.39383
2002   10  373.57348
2002   11  375.98790
2002   12  376.99137
2003    1  378.75827
2003    2  379.80694
2003    3  378.74258
2003    4  381.09292
2003    5  381.01274
2003    6  378.57730
2003    7  377.23180
2003    8  375.72838
2003    9  374.05131
2003   10  375.39864
2003   11  378.33370
2003   12  381.66280
2004    1  381.59874
2004    2  382.09575
2004    3  383.24654
2004    4  382.79887
2004    5  382.23370
2004    6  380.77999
2004    7  378.77212
2004    8  376.13412
2004    9  375.07163
2004   10  377.45741
2004   11  380.83902
2004   12  381.93323
2005    1  382.80539
2005    2  385.54508
2005    3  384.10962
2005    4  384.75852
2005    5  384.07149
2005    6  382.33417
2005    7  380.42362
2005    8  379.54416
2005    9  376.85057
2005   10  379.71878
2005   11  382.41997
2005   12  384.27504
2006    1  385.37156
2006    2  387.47618
2006    3  387.45013
2006    4  387.63165
2006    5  387.48226
2006    6  385.93990
2006    7  384.68823
2006    8  381.54842
2006    9  379.55854
2006   10  381.82794
2006   11  384.64257
2006   12  386.63184
2007    1  388.69964
2007    2  388.48695
2007    3  390.65268
2007    4  389.04668
2007    5  388.62831
2007    6  386.78589
2007    7  384.61928
2007    8  382.61872
2007    9  382.28309
2007   10  383.89536
2007   11  386.31610
2007   12  388.58806
2008    1  389.53748
2008    2  390.25818
2008    3  390.71549
2008    4  392.34312
2008    5  391.55516
2008    6  388.79644
2008    7  387.04096
2008    8  385.08789
2008    9  382.92067
2008   10  384.20572
2008   11  387.51707
2008   12  390.35216
2009    1  390.41543
2009    2  392.67278
2009    3  392.47636
2009    4  393.86778
2009    5  392.08139
2009    6  390.71223
2009    7  388.36664
2009    8  382.95769
2009    9  383.65021
2009   10  385.82925
2009   11  390.09750
2009   12  391.84897
2010    1  393.34825
2010    2  395.97484
2010    3  396.41460
2010    4  395.27335
2010    5  394.81506
2010    6  392.64368
2010    7  391.13377
2010    8  387.62196
2010    9  387.98343
2010   10  389.83327
2010   11  393.12581
2010   12  394.44648
2011    1  395.35781
2011    2  396.55887
2011    3  397.57966
2011    4  397.17311
2011    5  396.72913
2011    6  393.57986
2011    7  392.44900
2011    8  391.00662
2011    9  388.83367
2011   10  391.15769
2011   11  394.45190
2011   12  397.52387
2012    1  398.23694
2012    2  399.84225
2012    3  398.44494
2012    4  400.12234
2012    5  399.00743
2012    6  396.73157
2012    7  394.99585
2012    8  394.62617
2012    9  391.67816
2012   10  392.66673
2012   11  395.95453
2012   12  398.80580
2013    1  401.72925
2013    2  402.21153
2013    3  402.55560
2013    4  402.03446
2013    5  401.58149
2013    6  399.75956
2013    7  398.17093
2013    8  395.92074
2013    9  395.18293
2013   10  396.59420
2013   11  398.93118
2013   12  400.51411
2014    1  402.45429
2014    2  402.32579
2014    3  403.87167
2014    4  404.16987
2014    5  403.91256
2014    6  401.56135
2014    7  398.99739
2014    8  397.20262
2014    9  395.95514
2014   10  398.49448
2014   11  401.06481
2014   12  403.69920
2015    1  404.32697
2015    2  404.66650
2015    3  405.20786
2015    4  406.57775
2015    5  405.74191
2015    6  403.71792
2015    7  400.47118
2015    8  399.22757
2015    9  398.64486
2015   10  399.79795
2015   11  403.79204
2015   12  406.40120
2016    1  408.29586
2016    2  410.60091
2016    3  410.02227
2016    4  409.60920
2016    5  408.64243
2016    6  406.65804
2016    7  404.08739
2016    8  401.39069
2016    9  400.27162
2016   10  402.60403
2016   11  406.58264
2016   12  409.46147
2017    1  410.37227
2017    2  410.60889
2017    3  412.23544
2017    4  412.35072
2017    5  411.24941
2017    6  409.32436
2017    7  407.51343
2017    8  405.14756
2017    9  403.46239
2017   10  405.21944
2017   11  407.67825
2017   12  410.80394
