REM01  EXPLANATORY 25-LINE FOR THE MONTHLY DATA
REM02  FILENAME: co2_ams_surface-insitu_45_9998-9999_monthly.txt
REM03  STATION: Amsterdam Island
REM04  CATEGORY: GAW Global
REM05  COUNTRY/TERRITORY: France
REM06  SUBMITTED BY: LSCE
REM07  LATITUDE:   37 48' S
REM08  LONGITUDE:  77 32' E
REM09  ALTITUDE:       70 m
REM10  RATIO: 1.000000 0.000000  1.000000 0.000000
REM11  PARAMETER: CO2
REM12  COVERING PERIOD: January 1981 - December 2010
REM13  UNIT: ppm
REM14  ANALYSIS: NDIR(1981-01-01 - 2005-12-31)  NDIR(2006-01-01 - 2010-12-01)
REM15  SAMPLING TYPE: surface-insitu
REM16  CLASSIFICATION: Background observation
REM17  CALIBRATION: WMO CO2 X1993(1981-01-01 - 2005-12-31)  WMO CO2 X2002(2006-01-01 - 2010-12-01)
REM18  TABLENAME: AMS137S045iy
REM19  CALCULATION: contributor
REM20  REGISTRATION: 2018-09-17
REM21
REM22  COMMENT: Dataset was made using the former WDCGG data file
REM23
REM24 M      CO2   V    ND      SD   F   RATIO_A   RATIO_B
REM25        ppm
1981 01  338.381 -99    19   0.660 -99  1.000000  0.000000
1981 02  338.565 -99    11   0.537 -99  1.000000  0.000000
1981 03  338.287 -99    13   0.733 -99  1.000000  0.000000
1981 04  338.282 -99    17   0.283 -99  1.000000  0.000000
1981 05  338.430 -99    18   0.338 -99  1.000000  0.000000
1981 06  338.281 -99    22   0.408 -99  1.000000  0.000000
1981 07  338.451 -99    24   0.264 -99  1.000000  0.000000
1981 08  338.984 -99    26   0.327 -99  1.000000  0.000000
1981 09  338.791 -99    28   0.520 -99  1.000000  0.000000
1981 10  338.816 -99    25   0.270 -99  1.000000  0.000000
1981 11  338.967 -99    12   0.373 -99  1.000000  0.000000
1981 12  338.946 -99    13   0.234 -99  1.000000  0.000000
1982 01 -9999999 -99 -9999 -999999 -99  1.000000  0.000000
1982 02 -9999999 -99 -9999 -999999 -99  1.000000  0.000000
1982 03 -9999999 -99 -9999 -999999 -99  1.000000  0.000000
1982 04 -9999999 -99 -9999 -999999 -99  1.000000  0.000000
1982 05  338.982 -99    14   0.188 -99  1.000000  0.000000
1982 06  339.045 -99    11   0.308 -99  1.000000  0.000000
1982 07  339.442 -99    21   0.509 -99  1.000000  0.000000
1982 08  340.022 -99    17   0.208 -99  1.000000  0.000000
1982 09  339.965 -99    17   0.258 -99  1.000000  0.000000
1982 10  339.863 -99    16   0.347 -99  1.000000  0.000000
1982 11  339.681 -99    14   0.371 -99  1.000000  0.000000
1982 12  339.576 -99    12   0.398 -99  1.000000  0.000000
1983 01  339.935 -99     9   0.150 -99  1.000000  0.000000
1983 02  340.253 -99     7   0.234 -99  1.000000  0.000000
1983 03  340.222 -99     2   0.144 -99  1.000000  0.000000
1983 04  340.573 -99    10   0.166 -99  1.000000  0.000000
1983 05  340.747 -99    17   0.175 -99  1.000000  0.000000
1983 06  341.128 -99    18   0.248 -99  1.000000  0.000000
1983 07  341.720 -99    19   0.430 -99  1.000000  0.000000
1983 08  341.984 -99    23   0.224 -99  1.000000  0.000000
1983 09  341.915 -99    21   0.175 -99  1.000000  0.000000
1983 10  341.864 -99    20   0.167 -99  1.000000  0.000000
1983 11  341.795 -99    14   0.170 -99  1.000000  0.000000
1983 12  342.161 -99    16   0.178 -99  1.000000  0.000000
1984 01  341.919 -99    10   0.265 -99  1.000000  0.000000
1984 02  341.449 -99    10   0.354 -99  1.000000  0.000000
1984 03  341.696 -99    12   0.259 -99  1.000000  0.000000
1984 04  341.556 -99    12   0.365 -99  1.000000  0.000000
1984 05  341.548 -99    12   0.132 -99  1.000000  0.000000
1984 06  341.806 -99    14   0.358 -99  1.000000  0.000000
1984 07  342.348 -99     8   0.220 -99  1.000000  0.000000
1984 08  342.982 -99     9   0.296 -99  1.000000  0.000000
1984 09  343.106 -99    17   0.303 -99  1.000000  0.000000
1984 10  342.781 -99    20   0.309 -99  1.000000  0.000000
1984 11  342.696 -99    19   0.396 -99  1.000000  0.000000
1984 12  342.925 -99     2   0.156 -99  1.000000  0.000000
1985 01 -9999999 -99 -9999 -999999 -99  1.000000  0.000000
1985 02 -9999999 -99 -9999 -999999 -99  1.000000  0.000000
1985 03 -9999999 -99 -9999 -999999 -99  1.000000  0.000000
1985 04  343.478 -99     7   0.316 -99  1.000000  0.000000
1985 05  343.246 -99     8   0.155 -99  1.000000  0.000000
1985 06  343.477 -99    19   0.299 -99  1.000000  0.000000
1985 07  343.869 -99    19   0.246 -99  1.000000  0.000000
1985 08  344.114 -99    19   0.171 -99  1.000000  0.000000
1985 09  344.201 -99    20   0.216 -99  1.000000  0.000000
1985 10  344.276 -99    21   0.259 -99  1.000000  0.000000
1985 11  344.048 -99    16   0.150 -99  1.000000  0.000000
1985 12  344.107 -99    13   0.172 -99  1.000000  0.000000
1986 01  344.360 -99     5   0.269 -99  1.000000  0.000000
1986 02  344.274 -99     3   0.056 -99  1.000000  0.000000
1986 03  344.793 -99     1 -999999 -99  1.000000  0.000000
1986 04  344.129 -99     9   0.308 -99  1.000000  0.000000
1986 05  344.277 -99    22   0.178 -99  1.000000  0.000000
1986 06  344.633 -99    16   0.275 -99  1.000000  0.000000
1986 07  345.112 -99    18   0.215 -99  1.000000  0.000000
1986 08  345.493 -99    24   0.167 -99  1.000000  0.000000
1986 09  345.523 -99    19   0.145 -99  1.000000  0.000000
1986 10  345.667 -99    19   0.187 -99  1.000000  0.000000
1986 11  345.693 -99    15   0.286 -99  1.000000  0.000000
1986 12 -9999999 -99 -9999 -999999 -99  1.000000  0.000000
1987 01  346.205 -99     7   0.233 -99  1.000000  0.000000
1987 02  345.847 -99     4   0.124 -99  1.000000  0.000000
1987 03  345.894 -99     9   0.374 -99  1.000000  0.000000
1987 04  346.073 -99    10   0.235 -99  1.000000  0.000000
1987 05  346.132 -99    28   0.350 -99  1.000000  0.000000
1987 06  346.706 -99    19   0.228 -99  1.000000  0.000000
1987 07  347.214 -99    21   0.565 -99  1.000000  0.000000
1987 08  347.440 -99    20   0.245 -99  1.000000  0.000000
1987 09  347.558 -99    23   0.213 -99  1.000000  0.000000
1987 10  347.734 -99    21   0.194 -99  1.000000  0.000000
1987 11  347.828 -99    14   0.207 -99  1.000000  0.000000
1987 12 -9999999 -99 -9999 -999999 -99  1.000000  0.000000
1988 01  348.954 -99     5   0.353 -99  1.000000  0.000000
1988 02  348.264 -99     9   0.314 -99  1.000000  0.000000
1988 03  348.130 -99    12   0.321 -99  1.000000  0.000000
1988 04  348.187 -99    11   0.333 -99  1.000000  0.000000
1988 05  348.273 -99    23   0.202 -99  1.000000  0.000000
1988 06  348.453 -99    23   0.177 -99  1.000000  0.000000
1988 07  349.292 -99    18   0.338 -99  1.000000  0.000000
1988 08  349.861 -99    26   0.158 -99  1.000000  0.000000
1988 09  349.379 -99    24   0.220 -99  1.000000  0.000000
1988 10  350.205 -99    19   0.374 -99  1.000000  0.000000
1988 11  349.673 -99     6   0.433 -99  1.000000  0.000000
1988 12 -9999999 -99 -9999 -999999 -99  1.000000  0.000000
1989 01 -9999999 -99 -9999 -999999 -99  1.000000  0.000000
1989 02 -9999999 -99 -9999 -999999 -99  1.000000  0.000000
1989 03  349.706 -99     5   0.060 -99  1.000000  0.000000
1989 04  349.790 -99    16   0.196 -99  1.000000  0.000000
1989 05  349.671 -99    18   0.171 -99  1.000000  0.000000
1989 06  349.913 -99    23   0.201 -99  1.000000  0.000000
1989 07  350.544 -99    22   0.301 -99  1.000000  0.000000
1989 08  350.690 -99    18   0.217 -99  1.000000  0.000000
1989 09  350.871 -99    21   0.220 -99  1.000000  0.000000
1989 10  350.757 -99    16   0.232 -99  1.000000  0.000000
1989 11  350.488 -99     9   0.207 -99  1.000000  0.000000
1989 12  351.117 -99    11   0.202 -99  1.000000  0.000000
1990 01  351.141 -99    14   0.254 -99  1.000000  0.000000
1990 02  351.508 -99     5   0.330 -99  1.000000  0.000000
1990 03 -9999999 -99 -9999 -999999 -99  1.000000  0.000000
1990 04  351.198 -99     1 -999999 -99  1.000000  0.000000
1990 05  351.384 -99     5   0.080 -99  1.000000  0.000000
1990 06  351.746 -99    16   0.247 -99  1.000000  0.000000
1990 07  352.138 -99    17   0.292 -99  1.000000  0.000000
1990 08  352.486 -99    21   0.176 -99  1.000000  0.000000
1990 09  352.456 -99    22   0.161 -99  1.000000  0.000000
1990 10  352.571 -99    24   0.258 -99  1.000000  0.000000
1990 11  352.581 -99    19   0.179 -99  1.000000  0.000000
1990 12  352.728 -99     5   0.205 -99  1.000000  0.000000
1991 01 -9999999 -99 -9999 -999999 -99  1.000000  0.000000
1991 02  352.706 -99     4   0.096 -99  1.000000  0.000000
1991 03 -9999999 -99 -9999 -999999 -99  1.000000  0.000000
1991 04  352.794 -99     8   0.158 -99  1.000000  0.000000
1991 05  352.758 -99    14   0.294 -99  1.000000  0.000000
1991 06  352.879 -99    14   0.358 -99  1.000000  0.000000
1991 07  353.377 -99    28   0.165 -99  1.000000  0.000000
1991 08  353.559 -99    24   0.175 -99  1.000000  0.000000
1991 09  353.441 -99    25   0.195 -99  1.000000  0.000000
1991 10  353.279 -99    11   0.111 -99  1.000000  0.000000
1991 11  353.439 -99     9   0.405 -99  1.000000  0.000000
1991 12  353.178 -99    15   0.683 -99  1.000000  0.000000
1992 01  353.672 -99     5   0.549 -99  1.000000  0.000000
1992 02  353.607 -99     7   0.355 -99  1.000000  0.000000
1992 03  353.704 -99    10   0.288 -99  1.000000  0.000000
1992 04  353.673 -99    10   0.414 -99  1.000000  0.000000
1992 05  353.728 -99    23   0.217 -99  1.000000  0.000000
1992 06  354.260 -99    24   0.515 -99  1.000000  0.000000
1992 07  354.630 -99    28   0.290 -99  1.000000  0.000000
1992 08  354.933 -99    22   0.180 -99  1.000000  0.000000
1992 09  354.901 -99    19   0.203 -99  1.000000  0.000000
1992 10  354.828 -99     9   0.120 -99  1.000000  0.000000
1992 11  354.460 -99    14   0.215 -99  1.000000  0.000000
1992 12  354.714 -99    12   0.188 -99  1.000000  0.000000
1993 01  353.978 -99     6   0.455 -99  1.000000  0.000000
1993 02  354.105 -99     4   0.486 -99  1.000000  0.000000
1993 03  354.864 -99     4   0.110 -99  1.000000  0.000000
1993 04  354.492 -99    10   0.415 -99  1.000000  0.000000
1993 05  354.271 -99    15   0.558 -99  1.000000  0.000000
1993 06  354.796 -99    13   0.359 -99  1.000000  0.000000
1993 07  355.291 -99    23   0.330 -99  1.000000  0.000000
1993 08  355.594 -99    24   0.168 -99  1.000000  0.000000
1993 09  355.717 -99    25   0.188 -99  1.000000  0.000000
1993 10  355.679 -99    21   0.158 -99  1.000000  0.000000
1993 11  355.562 -99    17   0.216 -99  1.000000  0.000000
1993 12  355.506 -99    18   0.293 -99  1.000000  0.000000
1994 01  355.633 -99     7   0.204 -99  1.000000  0.000000
1994 02  355.609 -99    14   0.181 -99  1.000000  0.000000
1994 03  355.511 -99    11   0.235 -99  1.000000  0.000000
1994 04 -9999999 -99 -9999 -999999 -99  1.000000  0.000000
1994 05 -9999999 -99 -9999 -999999 -99  1.000000  0.000000
1994 06  356.065 -99    22   0.315 -99  1.000000  0.000000
1994 07  356.496 -99    28   0.345 -99  1.000000  0.000000
1994 08  356.885 -99    21   0.240 -99  1.000000  0.000000
1994 09  357.136 -99    25   0.303 -99  1.000000  0.000000
1994 10  357.126 -99    21   0.163 -99  1.000000  0.000000
1994 11  357.364 -99    18   0.289 -99  1.000000  0.000000
1994 12  357.711 -99    14   0.512 -99  1.000000  0.000000
1995 01  357.664 -99    14   0.318 -99  1.000000  0.000000
1995 02  357.700 -99    10   0.386 -99  1.000000  0.000000
1995 03  357.613 -99    17   0.272 -99  1.000000  0.000000
1995 04  357.277 -99    12   0.110 -99  1.000000  0.000000
1995 05  357.499 -99    17   0.217 -99  1.000000  0.000000
1995 06  358.095 -99    19   0.306 -99  1.000000  0.000000
1995 07  358.422 -99    24   0.300 -99  1.000000  0.000000
1995 08  359.348 -99    18   0.252 -99  1.000000  0.000000
1995 09  359.179 -99    21   0.351 -99  1.000000  0.000000
1995 10  359.183 -99    17   0.284 -99  1.000000  0.000000
1995 11  359.299 -99    21   0.432 -99  1.000000  0.000000
1995 12  359.167 -99    12   0.302 -99  1.000000  0.000000
1996 01  359.493 -99    15   0.246 -99  1.000000  0.000000
1996 02  359.239 -99    11   0.335 -99  1.000000  0.000000
1996 03  358.789 -99     7   0.130 -99  1.000000  0.000000
1996 04  358.855 -99     9   0.307 -99  1.000000  0.000000
1996 05  359.095 -99    20   0.263 -99  1.000000  0.000000
1996 06  359.437 -99    21   0.406 -99  1.000000  0.000000
1996 07  359.898 -99    21   0.228 -99  1.000000  0.000000
1996 08  360.088 -99    21   0.166 -99  1.000000  0.000000
1996 09  360.320 -99    17   0.229 -99  1.000000  0.000000
1996 10  360.164 -99    21   0.175 -99  1.000000  0.000000
1996 11  360.255 -99    14   0.183 -99  1.000000  0.000000
1996 12  360.133 -99    12   0.133 -99  1.000000  0.000000
1997 01  360.765 -99     7   0.347 -99  1.000000  0.000000
1997 02  360.652 -99     2   0.189 -99  1.000000  0.000000
1997 03  360.731 -99    15   0.196 -99  1.000000  0.000000
1997 04  360.566 -99    12   0.229 -99  1.000000  0.000000
1997 05  360.882 -99    20   0.541 -99  1.000000  0.000000
1997 06  361.073 -99    23   0.292 -99  1.000000  0.000000
1997 07  361.362 -99    23   0.269 -99  1.000000  0.000000
1997 08  361.781 -99    20   0.190 -99  1.000000  0.000000
1997 09  361.908 -99    21   0.212 -99  1.000000  0.000000
1997 10  362.008 -99    19   0.201 -99  1.000000  0.000000
1997 11  361.960 -99    21   0.194 -99  1.000000  0.000000
1997 12  361.928 -99    14   0.449 -99  1.000000  0.000000
1998 01  362.415 -99    15   0.236 -99  1.000000  0.000000
1998 02  362.589 -99    16   0.442 -99  1.000000  0.000000
1998 03  362.387 -99     8   0.240 -99  1.000000  0.000000
1998 04  362.606 -99    12   0.332 -99  1.000000  0.000000
1998 05  362.978 -99    16   0.371 -99  1.000000  0.000000
1998 06  363.447 -99    22   0.291 -99  1.000000  0.000000
1998 07  364.122 -99    19   0.447 -99  1.000000  0.000000
1998 08  364.494 -99    22   0.195 -99  1.000000  0.000000
1998 09  364.684 -99    21   0.265 -99  1.000000  0.000000
1998 10  364.342 -99    17   0.202 -99  1.000000  0.000000
1998 11  364.306 -99    18   0.312 -99  1.000000  0.000000
1998 12  364.755 -99     7   0.372 -99  1.000000  0.000000
1999 01  364.656 -99     3   0.113 -99  1.000000  0.000000
1999 02  364.979 -99     9   0.344 -99  1.000000  0.000000
1999 03  364.831 -99    18   0.191 -99  1.000000  0.000000
1999 04  364.679 -99    14   0.339 -99  1.000000  0.000000
1999 05  364.645 -99    16   0.291 -99  1.000000  0.000000
1999 06  365.089 -99    18   0.343 -99  1.000000  0.000000
1999 07  365.412 -99    21   0.233 -99  1.000000  0.000000
1999 08  365.818 -99    19   0.183 -99  1.000000  0.000000
1999 09  366.036 -99    20   0.127 -99  1.000000  0.000000
1999 10  366.173 -99    20   0.202 -99  1.000000  0.000000
1999 11  366.125 -99    15   0.226 -99  1.000000  0.000000
1999 12  366.279 -99    13   0.367 -99  1.000000  0.000000
2000 01  366.318 -99     6   0.115 -99  1.000000  0.000000
2000 02  366.318 -99     6   0.148 -99  1.000000  0.000000
2000 03  366.210 -99    14   0.192 -99  1.000000  0.000000
2000 04  366.045 -99    16   0.120 -99  1.000000  0.000000
2000 05  365.959 -99    17   0.170 -99  1.000000  0.000000
2000 06  366.412 -99    20   0.339 -99  1.000000  0.000000
2000 07  366.820 -99    18   0.214 -99  1.000000  0.000000
2000 08  367.161 -99    25   0.215 -99  1.000000  0.000000
2000 09  367.188 -99    25   0.170 -99  1.000000  0.000000
2000 10  367.219 -99    20   0.164 -99  1.000000  0.000000
2000 11  367.367 -99    10   0.123 -99  1.000000  0.000000
2000 12  367.284 -99     2   0.113 -99  1.000000  0.000000
2001 01  367.717 -99     9   0.194 -99  1.000000  0.000000
2001 02  367.863 -99    15   0.315 -99  1.000000  0.000000
2001 03  368.018 -99    12   0.163 -99  1.000000  0.000000
2001 04  367.946 -99    14   0.239 -99  1.000000  0.000000
2001 05  367.742 -99    21   0.319 -99  1.000000  0.000000
2001 06  368.223 -99    13   0.252 -99  1.000000  0.000000
2001 07  368.739 -99    23   0.217 -99  1.000000  0.000000
2001 08  369.143 -99    16   0.226 -99  1.000000  0.000000
2001 09  369.377 -99    19   0.159 -99  1.000000  0.000000
2001 10  369.574 -99     9   0.199 -99  1.000000  0.000000
2001 11  369.620 -99    17   0.144 -99  1.000000  0.000000
2001 12  369.588 -99    17   0.097 -99  1.000000  0.000000
2002 01  369.856 -99    11   0.141 -99  1.000000  0.000000
2002 02  369.830 -99     9   0.224 -99  1.000000  0.000000
2002 03  369.707 -99    14   0.162 -99  1.000000  0.000000
2002 04  369.845 -99    11   0.310 -99  1.000000  0.000000
2002 05  370.013 -99    17   0.175 -99  1.000000  0.000000
2002 06  370.583 -99     9   0.163 -99  1.000000  0.000000
2002 07  371.114 -99    23   0.222 -99  1.000000  0.000000
2002 08  371.382 -99    18   0.204 -99  1.000000  0.000000
2002 09  371.739 -99    24   0.139 -99  1.000000  0.000000
2002 10  371.719 -99    25   0.144 -99  1.000000  0.000000
2002 11  371.763 -99    16   0.253 -99  1.000000  0.000000
2002 12  372.149 -99    18   0.323 -99  1.000000  0.000000
2003 01  372.237 -99    11   0.218 -99  1.000000  0.000000
2003 02  372.344 -99     6   0.344 -99  1.000000  0.000000
2003 03  372.638 -99     8   0.319 -99  1.000000  0.000000
2003 04  372.726 -99    20   0.287 -99  1.000000  0.000000
2003 05  372.578 -99    21   0.143 -99  1.000000  0.000000
2003 06  372.770 -99    11   0.277 -99  1.000000  0.000000
2003 07  373.334 -99    24   0.246 -99  1.000000  0.000000
2003 08  373.800 -99    15   0.191 -99  1.000000  0.000000
2003 09  373.832 -99    13   0.143 -99  1.000000  0.000000
2003 10  373.786 -99    21   0.140 -99  1.000000  0.000000
2003 11  373.842 -99    22   0.234 -99  1.000000  0.000000
2003 12  374.137 -99     9   0.494 -99  1.000000  0.000000
2004 01  374.548 -99     8   0.556 -99  1.000000  0.000000
2004 02  374.693 -99     3   0.133 -99  1.000000  0.000000
2004 03  374.288 -99    16   0.235 -99  1.000000  0.000000
2004 04  374.319 -99    15   0.264 -99  1.000000  0.000000
2004 05  374.469 -99    13   0.227 -99  1.000000  0.000000
2004 06  374.691 -99    11   0.153 -99  1.000000  0.000000
2004 07  375.353 -99     6   0.137 -99  1.000000  0.000000
2004 08  374.609 -99     7   0.103 -99  1.000000  0.000000
2004 09  374.652 -99    16   0.174 -99  1.000000  0.000000
2004 10  375.438 -99    18   0.349 -99  1.000000  0.000000
2004 11  375.551 -99    17   0.795 -99  1.000000  0.000000
2004 12  375.685 -99    23   0.311 -99  1.000000  0.000000
2005 01  375.782 -99    11   0.487 -99  1.000000  0.000000
2005 02  375.491 -99    11   0.316 -99  1.000000  0.000000
2005 03  375.720 -99     9   0.383 -99  1.000000  0.000000
2005 04  375.793 -99     9   0.209 -99  1.000000  0.000000
2005 05  376.296 -99    19   0.625 -99  1.000000  0.000000
2005 06  376.822 -99    17   0.254 -99  1.000000  0.000000
2005 07  377.387 -99    20   0.491 -99  1.000000  0.000000
2005 08  377.623 -99    16   0.237 -99  1.000000  0.000000
2005 09  377.809 -99    14   0.326 -99  1.000000  0.000000
2005 10  377.658 -99    16   0.091 -99  1.000000  0.000000
2005 11  377.882 -99    13   0.168 -99  1.000000  0.000000
2005 12  379.302 -99     8   0.793 -99  1.000000  0.000000
2006 01 -9999999 -99 -9999 -999999 -99  1.000000  0.000000
2006 02 -9999999 -99 -9999 -999999 -99  1.000000  0.000000
2006 03  378.163 -99     7   0.081 -99  1.000000  0.000000
2006 04  378.024 -99    10   0.099 -99  1.000000  0.000000
2006 05  378.102 -99    13   0.182 -99  1.000000  0.000000
2006 06  378.481 -99    15   0.191 -99  1.000000  0.000000
2006 07  378.790 -99    11   0.212 -99  1.000000  0.000000
2006 08  379.259 -99     9   0.146 -99  1.000000  0.000000
2006 09  379.349 -99    22   0.153 -99  1.000000  0.000000
2006 10  379.513 -99    14   0.141 -99  1.000000  0.000000
2006 11  379.501 -99    12   0.223 -99  1.000000  0.000000
2006 12  379.406 -99     3   0.118 -99  1.000000  0.000000
2007 01  379.930 -99     1 -999999 -99  1.000000  0.000000
2007 02  379.950 -99     1 -999999 -99  1.000000  0.000000
2007 03  379.329 -99     8   0.219 -99  1.000000  0.000000
2007 04  379.466 -99     8   0.404 -99  1.000000  0.000000
2007 05  379.646 -99    12   0.319 -99  1.000000  0.000000
2007 06  380.312 -99    13   0.496 -99  1.000000  0.000000
2007 07  381.129 -99    13   0.152 -99  1.000000  0.000000
2007 08  381.358 -99    20   0.186 -99  1.000000  0.000000
2007 09  381.729 -99    18   0.204 -99  1.000000  0.000000
2007 10  381.592 -99    13   0.155 -99  1.000000  0.000000
2007 11  381.781 -99     7   0.115 -99  1.000000  0.000000
2007 12 -9999999 -99 -9999 -999999 -99  1.000000  0.000000
2008 01  382.764 -99     2   0.003 -99  1.000000  0.000000
2008 02  382.411 -99     9   0.315 -99  1.000000  0.000000
2008 03  382.221 -99     4   0.104 -99  1.000000  0.000000
2008 04  382.001 -99    12   0.144 -99  1.000000  0.000000
2008 05  382.141 -99     9   0.137 -99  1.000000  0.000000
2008 06  382.365 -99    13   0.150 -99  1.000000  0.000000
2008 07  382.908 -99    11   0.385 -99  1.000000  0.000000
2008 08  383.152 -99    18   0.235 -99  1.000000  0.000000
2008 09  383.289 -99    13   0.122 -99  1.000000  0.000000
2008 10  383.319 -99    19   0.156 -99  1.000000  0.000000
2008 11  383.358 -99    14   0.085 -99  1.000000  0.000000
2008 12 -9999999 -99 -9999 -999999 -99  1.000000  0.000000
2009 01 -9999999 -99 -9999 -999999 -99  1.000000  0.000000
2009 02  383.631 -99     3   0.055 -99  1.000000  0.000000
2009 03  383.614 -99     5   0.258 -99  1.000000  0.000000
2009 04  383.716 -99     8   0.191 -99  1.000000  0.000000
2009 05  383.822 -99    11   0.196 -99  1.000000  0.000000
2009 06  383.964 -99    15   0.254 -99  1.000000  0.000000
2009 07  384.366 -99    16   0.232 -99  1.000000  0.000000
2009 08  385.038 -99    20   0.358 -99  1.000000  0.000000
2009 09  385.172 -99    23   0.338 -99  1.000000  0.000000
2009 10  385.116 -99    20   0.107 -99  1.000000  0.000000
2009 11  385.154 -99    16   0.225 -99  1.000000  0.000000
2009 12  385.272 -99    13   0.349 -99  1.000000  0.000000
2010 01  384.893 -99     2   0.049 -99  1.000000  0.000000
2010 02  385.103 -99     5   0.130 -99  1.000000  0.000000
2010 03  385.100 -99     3   0.165 -99  1.000000  0.000000
2010 04  385.209 -99     7   0.166 -99  1.000000  0.000000
2010 05  385.611 -99     4   0.106 -99  1.000000  0.000000
2010 06  385.787 -99    12   0.301 -99  1.000000  0.000000
2010 07  386.534 -99    16   0.215 -99  1.000000  0.000000
2010 08  387.160 -99    14   0.194 -99  1.000000  0.000000
2010 09  387.113 -99    12   0.137 -99  1.000000  0.000000
2010 10  387.303 -99     9   0.224 -99  1.000000  0.000000
2010 11  387.354 -99     7   0.201 -99  1.000000  0.000000
2010 12  387.766 -99    12   0.415 -99  1.000000  0.000000
