REM01  EXPLANATORY 25-LINE FOR THE MONTHLY DATA
REM02  FILENAME: co2_asc_surface-flask_2_3001-9999_monthly.txt
REM03  STATION: Ascension Island
REM04  CATEGORY: GAW Regional
REM05  COUNTRY/TERRITORY: United Kingdom of Great Britain and Northern Ireland
REM06  SUBMITTED BY: NOAA
REM07  LATITUDE:    7 58' S
REM08  LONGITUDE:  14 24' W
REM09  ALTITUDE:       91 m
REM10  RATIO: 1.000000 0.000000
REM11  PARAMETER: CO2
REM12  COVERING PERIOD: August 1979 - December 2017
REM13  UNIT: ppm
REM14  ANALYSIS: NDIR(1979-08-01 - 2017-12-01)
REM15  SAMPLING TYPE: surface-flask
REM16  CLASSIFICATION: Background observation
REM17  CALIBRATION: WMO CO2 X2007(1979-08-01 - 2017-12-01)
REM18  TABLENAME: ASC107S002f1
REM19  CALCULATION: contributor
REM20  REGISTRATION: 2018-09-25
REM21
REM22  COMMENT: Dataset was made from entire historical data provided from contributor from 2018 new WDCGG website open onward
REM23
REM24 M      CO2   V    ND      SD   F   RATIO_A   RATIO_B
REM25        ppm
1979 08  337.440 -99 -9999 -999999 -99  1.000000  0.000000
1979 09  337.310 -99 -9999 -999999 -99  1.000000  0.000000
1979 10  337.280 -99 -9999 -999999 -99  1.000000  0.000000
1979 11  337.940 -99 -9999 -999999 -99  1.000000  0.000000
1979 12  338.550 -99 -9999 -999999 -99  1.000000  0.000000
1980 01  338.370 -99 -9999 -999999 -99  1.000000  0.000000
1980 02  338.030 -99 -9999 -999999 -99  1.000000  0.000000
1980 03  338.020 -99 -9999 -999999 -99  1.000000  0.000000
1980 04  338.470 -99 -9999 -999999 -99  1.000000  0.000000
1980 05  338.880 -99 -9999 -999999 -99  1.000000  0.000000
1980 06  339.520 -99 -9999 -999999 -99  1.000000  0.000000
1980 07  339.810 -99 -9999 -999999 -99  1.000000  0.000000
1980 08  339.800 -99 -9999 -999999 -99  1.000000  0.000000
1980 09  339.550 -99 -9999 -999999 -99  1.000000  0.000000
1980 10  339.150 -99 -9999 -999999 -99  1.000000  0.000000
1980 11  338.880 -99 -9999 -999999 -99  1.000000  0.000000
1980 12  338.910 -99 -9999 -999999 -99  1.000000  0.000000
1981 01  339.220 -99 -9999 -999999 -99  1.000000  0.000000
1981 02  339.030 -99 -9999 -999999 -99  1.000000  0.000000
1981 03  339.380 -99 -9999 -999999 -99  1.000000  0.000000
1981 04  339.710 -99 -9999 -999999 -99  1.000000  0.000000
1981 05  339.170 -99 -9999 -999999 -99  1.000000  0.000000
1981 06  339.230 -99 -9999 -999999 -99  1.000000  0.000000
1981 07  340.370 -99 -9999 -999999 -99  1.000000  0.000000
1981 08  341.030 -99 -9999 -999999 -99  1.000000  0.000000
1981 09  340.780 -99 -9999 -999999 -99  1.000000  0.000000
1981 10  340.610 -99 -9999 -999999 -99  1.000000  0.000000
1981 11  340.400 -99 -9999 -999999 -99  1.000000  0.000000
1981 12  339.940 -99 -9999 -999999 -99  1.000000  0.000000
1982 01  339.850 -99 -9999 -999999 -99  1.000000  0.000000
1982 02  339.860 -99 -9999 -999999 -99  1.000000  0.000000
1982 03  339.930 -99 -9999 -999999 -99  1.000000  0.000000
1982 04  340.640 -99 -9999 -999999 -99  1.000000  0.000000
1982 05  341.010 -99 -9999 -999999 -99  1.000000  0.000000
1982 06  340.760 -99 -9999 -999999 -99  1.000000  0.000000
1982 07  340.870 -99 -9999 -999999 -99  1.000000  0.000000
1982 08  341.380 -99 -9999 -999999 -99  1.000000  0.000000
1982 09  341.400 -99 -9999 -999999 -99  1.000000  0.000000
1982 10  341.330 -99 -9999 -999999 -99  1.000000  0.000000
1982 11  341.090 -99 -9999 -999999 -99  1.000000  0.000000
1982 12  340.840 -99 -9999 -999999 -99  1.000000  0.000000
1983 01  341.600 -99 -9999 -999999 -99  1.000000  0.000000
1983 02  342.010 -99 -9999 -999999 -99  1.000000  0.000000
1983 03  341.790 -99 -9999 -999999 -99  1.000000  0.000000
1983 04  341.940 -99 -9999 -999999 -99  1.000000  0.000000
1983 05  342.640 -99 -9999 -999999 -99  1.000000  0.000000
1983 06  343.590 -99 -9999 -999999 -99  1.000000  0.000000
1983 07  343.690 -99 -9999 -999999 -99  1.000000  0.000000
1983 08  343.430 -99 -9999 -999999 -99  1.000000  0.000000
1983 09  343.460 -99 -9999 -999999 -99  1.000000  0.000000
1983 10  343.600 -99 -9999 -999999 -99  1.000000  0.000000
1983 11  343.470 -99 -9999 -999999 -99  1.000000  0.000000
1983 12  343.540 -99 -9999 -999999 -99  1.000000  0.000000
1984 01  343.490 -99 -9999 -999999 -99  1.000000  0.000000
1984 02  342.750 -99 -9999 -999999 -99  1.000000  0.000000
1984 03  342.620 -99 -9999 -999999 -99  1.000000  0.000000
1984 04  342.940 -99 -9999 -999999 -99  1.000000  0.000000
1984 05  343.440 -99 -9999 -999999 -99  1.000000  0.000000
1984 06  344.150 -99 -9999 -999999 -99  1.000000  0.000000
1984 07  345.190 -99 -9999 -999999 -99  1.000000  0.000000
1984 08  345.400 -99 -9999 -999999 -99  1.000000  0.000000
1984 09  344.480 -99 -9999 -999999 -99  1.000000  0.000000
1984 10  344.650 -99 -9999 -999999 -99  1.000000  0.000000
1984 11  345.130 -99 -9999 -999999 -99  1.000000  0.000000
1984 12  344.340 -99 -9999 -999999 -99  1.000000  0.000000
1985 01  343.860 -99 -9999 -999999 -99  1.000000  0.000000
1985 02  343.960 -99 -9999 -999999 -99  1.000000  0.000000
1985 03  344.390 -99 -9999 -999999 -99  1.000000  0.000000
1985 04  344.240 -99 -9999 -999999 -99  1.000000  0.000000
1985 05  344.360 -99 -9999 -999999 -99  1.000000  0.000000
1985 06  345.560 -99 -9999 -999999 -99  1.000000  0.000000
1985 07  346.240 -99 -9999 -999999 -99  1.000000  0.000000
1985 08  345.950 -99 -9999 -999999 -99  1.000000  0.000000
1985 09  346.010 -99 -9999 -999999 -99  1.000000  0.000000
1985 10  346.480 -99 -9999 -999999 -99  1.000000  0.000000
1985 11  346.390 -99 -9999 -999999 -99  1.000000  0.000000
1985 12  346.210 -99 -9999 -999999 -99  1.000000  0.000000
1986 01  346.010 -99 -9999 -999999 -99  1.000000  0.000000
1986 02  345.270 -99 -9999 -999999 -99  1.000000  0.000000
1986 03  344.520 -99 -9999 -999999 -99  1.000000  0.000000
1986 04  345.000 -99 -9999 -999999 -99  1.000000  0.000000
1986 05  345.720 -99 -9999 -999999 -99  1.000000  0.000000
1986 06  346.420 -99 -9999 -999999 -99  1.000000  0.000000
1986 07  347.260 -99 -9999 -999999 -99  1.000000  0.000000
1986 08  347.570 -99 -9999 -999999 -99  1.000000  0.000000
1986 09  347.130 -99 -9999 -999999 -99  1.000000  0.000000
1986 10  346.940 -99 -9999 -999999 -99  1.000000  0.000000
1986 11  347.100 -99 -9999 -999999 -99  1.000000  0.000000
1986 12  346.890 -99 -9999 -999999 -99  1.000000  0.000000
1987 01  346.690 -99 -9999 -999999 -99  1.000000  0.000000
1987 02  346.800 -99 -9999 -999999 -99  1.000000  0.000000
1987 03  347.010 -99 -9999 -999999 -99  1.000000  0.000000
1987 04  347.250 -99 -9999 -999999 -99  1.000000  0.000000
1987 05  348.140 -99 -9999 -999999 -99  1.000000  0.000000
1987 06  349.260 -99 -9999 -999999 -99  1.000000  0.000000
1987 07  349.490 -99 -9999 -999999 -99  1.000000  0.000000
1987 08  349.770 -99 -9999 -999999 -99  1.000000  0.000000
1987 09  349.610 -99 -9999 -999999 -99  1.000000  0.000000
1987 10  349.410 -99 -9999 -999999 -99  1.000000  0.000000
1987 11  349.750 -99 -9999 -999999 -99  1.000000  0.000000
1987 12  349.690 -99 -9999 -999999 -99  1.000000  0.000000
1988 01  349.450 -99 -9999 -999999 -99  1.000000  0.000000
1988 02  349.570 -99 -9999 -999999 -99  1.000000  0.000000
1988 03  349.520 -99 -9999 -999999 -99  1.000000  0.000000
1988 04  349.310 -99 -9999 -999999 -99  1.000000  0.000000
1988 05  349.850 -99 -9999 -999999 -99  1.000000  0.000000
1988 06  351.110 -99 -9999 -999999 -99  1.000000  0.000000
1988 07  351.740 -99 -9999 -999999 -99  1.000000  0.000000
1988 08  351.490 -99 -9999 -999999 -99  1.000000  0.000000
1988 09  351.380 -99 -9999 -999999 -99  1.000000  0.000000
1988 10  351.370 -99 -9999 -999999 -99  1.000000  0.000000
1988 11  351.460 -99 -9999 -999999 -99  1.000000  0.000000
1988 12  351.580 -99 -9999 -999999 -99  1.000000  0.000000
1989 01  351.620 -99 -9999 -999999 -99  1.000000  0.000000
1989 02  351.450 -99 -9999 -999999 -99  1.000000  0.000000
1989 03  350.860 -99 -9999 -999999 -99  1.000000  0.000000
1989 04  350.910 -99 -9999 -999999 -99  1.000000  0.000000
1989 05  351.460 -99 -9999 -999999 -99  1.000000  0.000000
1989 06  351.890 -99 -9999 -999999 -99  1.000000  0.000000
1989 07  352.520 -99 -9999 -999999 -99  1.000000  0.000000
1989 08  352.740 -99 -9999 -999999 -99  1.000000  0.000000
1989 09  352.580 -99 -9999 -999999 -99  1.000000  0.000000
1989 10  352.360 -99 -9999 -999999 -99  1.000000  0.000000
1989 11  352.220 -99 -9999 -999999 -99  1.000000  0.000000
1989 12  352.140 -99 -9999 -999999 -99  1.000000  0.000000
1990 01  352.110 -99 -9999 -999999 -99  1.000000  0.000000
1990 02  351.850 -99 -9999 -999999 -99  1.000000  0.000000
1990 03  351.420 -99 -9999 -999999 -99  1.000000  0.000000
1990 04  352.080 -99 -9999 -999999 -99  1.000000  0.000000
1990 05  352.970 -99 -9999 -999999 -99  1.000000  0.000000
1990 06  353.240 -99 -9999 -999999 -99  1.000000  0.000000
1990 07  353.950 -99 -9999 -999999 -99  1.000000  0.000000
1990 08  354.530 -99 -9999 -999999 -99  1.000000  0.000000
1990 09  354.310 -99 -9999 -999999 -99  1.000000  0.000000
1990 10  354.170 -99 -9999 -999999 -99  1.000000  0.000000
1990 11  354.100 -99 -9999 -999999 -99  1.000000  0.000000
1990 12  353.630 -99 -9999 -999999 -99  1.000000  0.000000
1991 01  353.620 -99 -9999 -999999 -99  1.000000  0.000000
1991 02  353.710 -99 -9999 -999999 -99  1.000000  0.000000
1991 03  353.200 -99 -9999 -999999 -99  1.000000  0.000000
1991 04  352.750 -99 -9999 -999999 -99  1.000000  0.000000
1991 05  353.380 -99 -9999 -999999 -99  1.000000  0.000000
1991 06  354.120 -99 -9999 -999999 -99  1.000000  0.000000
1991 07  354.650 -99 -9999 -999999 -99  1.000000  0.000000
1991 08  354.900 -99 -9999 -999999 -99  1.000000  0.000000
1991 09  354.710 -99 -9999 -999999 -99  1.000000  0.000000
1991 10  354.950 -99 -9999 -999999 -99  1.000000  0.000000
1991 11  355.090 -99 -9999 -999999 -99  1.000000  0.000000
1991 12  354.700 -99 -9999 -999999 -99  1.000000  0.000000
1992 01  354.430 -99 -9999 -999999 -99  1.000000  0.000000
1992 02  354.320 -99 -9999 -999999 -99  1.000000  0.000000
1992 03  354.260 -99 -9999 -999999 -99  1.000000  0.000000
1992 04  354.750 -99 -9999 -999999 -99  1.000000  0.000000
1992 05  355.340 -99 -9999 -999999 -99  1.000000  0.000000
1992 06  355.740 -99 -9999 -999999 -99  1.000000  0.000000
1992 07  356.340 -99 -9999 -999999 -99  1.000000  0.000000
1992 08  356.370 -99 -9999 -999999 -99  1.000000  0.000000
1992 09  356.080 -99 -9999 -999999 -99  1.000000  0.000000
1992 10  356.070 -99 -9999 -999999 -99  1.000000  0.000000
1992 11  355.870 -99 -9999 -999999 -99  1.000000  0.000000
1992 12  355.400 -99 -9999 -999999 -99  1.000000  0.000000
1993 01  355.080 -99 -9999 -999999 -99  1.000000  0.000000
1993 02  354.900 -99 -9999 -999999 -99  1.000000  0.000000
1993 03  354.770 -99 -9999 -999999 -99  1.000000  0.000000
1993 04  354.890 -99 -9999 -999999 -99  1.000000  0.000000
1993 05  355.260 -99 -9999 -999999 -99  1.000000  0.000000
1993 06  356.270 -99 -9999 -999999 -99  1.000000  0.000000
1993 07  356.410 -99 -9999 -999999 -99  1.000000  0.000000
1993 08  356.490 -99 -9999 -999999 -99  1.000000  0.000000
1993 09  357.610 -99 -9999 -999999 -99  1.000000  0.000000
1993 10  357.700 -99 -9999 -999999 -99  1.000000  0.000000
1993 11  356.900 -99 -9999 -999999 -99  1.000000  0.000000
1993 12  356.480 -99 -9999 -999999 -99  1.000000  0.000000
1994 01  356.720 -99 -9999 -999999 -99  1.000000  0.000000
1994 02  356.130 -99 -9999 -999999 -99  1.000000  0.000000
1994 03  355.290 -99 -9999 -999999 -99  1.000000  0.000000
1994 04  355.880 -99 -9999 -999999 -99  1.000000  0.000000
1994 05  356.870 -99 -9999 -999999 -99  1.000000  0.000000
1994 06  357.570 -99 -9999 -999999 -99  1.000000  0.000000
1994 07  358.410 -99 -9999 -999999 -99  1.000000  0.000000
1994 08  358.760 -99 -9999 -999999 -99  1.000000  0.000000
1994 09  358.460 -99 -9999 -999999 -99  1.000000  0.000000
1994 10  358.470 -99 -9999 -999999 -99  1.000000  0.000000
1994 11  358.670 -99 -9999 -999999 -99  1.000000  0.000000
1994 12  358.790 -99 -9999 -999999 -99  1.000000  0.000000
1995 01  358.850 -99 -9999 -999999 -99  1.000000  0.000000
1995 02  358.470 -99 -9999 -999999 -99  1.000000  0.000000
1995 03  358.050 -99 -9999 -999999 -99  1.000000  0.000000
1995 04  357.950 -99 -9999 -999999 -99  1.000000  0.000000
1995 05  358.560 -99 -9999 -999999 -99  1.000000  0.000000
1995 06  359.410 -99 -9999 -999999 -99  1.000000  0.000000
1995 07  360.140 -99 -9999 -999999 -99  1.000000  0.000000
1995 08  360.410 -99 -9999 -999999 -99  1.000000  0.000000
1995 09  360.410 -99 -9999 -999999 -99  1.000000  0.000000
1995 10  360.420 -99 -9999 -999999 -99  1.000000  0.000000
1995 11  360.530 -99 -9999 -999999 -99  1.000000  0.000000
1995 12  360.690 -99 -9999 -999999 -99  1.000000  0.000000
1996 01  360.500 -99 -9999 -999999 -99  1.000000  0.000000
1996 02  359.960 -99 -9999 -999999 -99  1.000000  0.000000
1996 03  358.980 -99 -9999 -999999 -99  1.000000  0.000000
1996 04  358.670 -99 -9999 -999999 -99  1.000000  0.000000
1996 05  360.020 -99 -9999 -999999 -99  1.000000  0.000000
1996 06  361.160 -99 -9999 -999999 -99  1.000000  0.000000
1996 07  361.340 -99 -9999 -999999 -99  1.000000  0.000000
1996 08  361.290 -99 -9999 -999999 -99  1.000000  0.000000
1996 09  361.410 -99 -9999 -999999 -99  1.000000  0.000000
1996 10  361.470 -99 -9999 -999999 -99  1.000000  0.000000
1996 11  361.550 -99 -9999 -999999 -99  1.000000  0.000000
1996 12  361.650 -99 -9999 -999999 -99  1.000000  0.000000
1997 01  361.480 -99 -9999 -999999 -99  1.000000  0.000000
1997 02  361.040 -99 -9999 -999999 -99  1.000000  0.000000
1997 03  360.990 -99 -9999 -999999 -99  1.000000  0.000000
1997 04  361.000 -99 -9999 -999999 -99  1.000000  0.000000
1997 05  361.150 -99 -9999 -999999 -99  1.000000  0.000000
1997 06  362.270 -99 -9999 -999999 -99  1.000000  0.000000
1997 07  363.050 -99 -9999 -999999 -99  1.000000  0.000000
1997 08  362.900 -99 -9999 -999999 -99  1.000000  0.000000
1997 09  362.870 -99 -9999 -999999 -99  1.000000  0.000000
1997 10  363.700 -99 -9999 -999999 -99  1.000000  0.000000
1997 11  364.000 -99 -9999 -999999 -99  1.000000  0.000000
1997 12  363.530 -99 -9999 -999999 -99  1.000000  0.000000
1998 01  363.240 -99 -9999 -999999 -99  1.000000  0.000000
1998 02  363.330 -99 -9999 -999999 -99  1.000000  0.000000
1998 03  363.290 -99 -9999 -999999 -99  1.000000  0.000000
1998 04  363.420 -99 -9999 -999999 -99  1.000000  0.000000
1998 05  364.820 -99 -9999 -999999 -99  1.000000  0.000000
1998 06  366.210 -99 -9999 -999999 -99  1.000000  0.000000
1998 07  365.960 -99 -9999 -999999 -99  1.000000  0.000000
1998 08  366.010 -99 -9999 -999999 -99  1.000000  0.000000
1998 09  366.380 -99 -9999 -999999 -99  1.000000  0.000000
1998 10  366.220 -99 -9999 -999999 -99  1.000000  0.000000
1998 11  366.290 -99 -9999 -999999 -99  1.000000  0.000000
1998 12  366.030 -99 -9999 -999999 -99  1.000000  0.000000
1999 01  365.490 -99 -9999 -999999 -99  1.000000  0.000000
1999 02  365.160 -99 -9999 -999999 -99  1.000000  0.000000
1999 03  364.830 -99 -9999 -999999 -99  1.000000  0.000000
1999 04  364.850 -99 -9999 -999999 -99  1.000000  0.000000
1999 05  365.720 -99 -9999 -999999 -99  1.000000  0.000000
1999 06  366.640 -99 -9999 -999999 -99  1.000000  0.000000
1999 07  367.330 -99 -9999 -999999 -99  1.000000  0.000000
1999 08  367.560 -99 -9999 -999999 -99  1.000000  0.000000
1999 09  367.390 -99 -9999 -999999 -99  1.000000  0.000000
1999 10  367.450 -99 -9999 -999999 -99  1.000000  0.000000
1999 11  367.640 -99 -9999 -999999 -99  1.000000  0.000000
1999 12  367.590 -99 -9999 -999999 -99  1.000000  0.000000
2000 01  367.370 -99 -9999 -999999 -99  1.000000  0.000000
2000 02  367.120 -99 -9999 -999999 -99  1.000000  0.000000
2000 03  366.400 -99 -9999 -999999 -99  1.000000  0.000000
2000 04  366.080 -99 -9999 -999999 -99  1.000000  0.000000
2000 05  367.350 -99 -9999 -999999 -99  1.000000  0.000000
2000 06  368.430 -99 -9999 -999999 -99  1.000000  0.000000
2000 07  368.810 -99 -9999 -999999 -99  1.000000  0.000000
2000 08  368.660 -99 -9999 -999999 -99  1.000000  0.000000
2000 09  368.400 -99 -9999 -999999 -99  1.000000  0.000000
2000 10  368.780 -99 -9999 -999999 -99  1.000000  0.000000
2000 11  368.760 -99 -9999 -999999 -99  1.000000  0.000000
2000 12  368.310 -99 -9999 -999999 -99  1.000000  0.000000
2001 01  368.100 -99 -9999 -999999 -99  1.000000  0.000000
2001 02  368.330 -99 -9999 -999999 -99  1.000000  0.000000
2001 03  368.440 -99 -9999 -999999 -99  1.000000  0.000000
2001 04  368.500 -99 -9999 -999999 -99  1.000000  0.000000
2001 05  369.250 -99 -9999 -999999 -99  1.000000  0.000000
2001 09  370.440 -99 -9999 -999999 -99  1.000000  0.000000
2001 10  370.850 -99 -9999 -999999 -99  1.000000  0.000000
2001 11  370.710 -99 -9999 -999999 -99  1.000000  0.000000
2001 12  370.240 -99 -9999 -999999 -99  1.000000  0.000000
2002 01  370.260 -99 -9999 -999999 -99  1.000000  0.000000
2002 02  370.350 -99 -9999 -999999 -99  1.000000  0.000000
2002 03  369.810 -99 -9999 -999999 -99  1.000000  0.000000
2002 04  370.160 -99 -9999 -999999 -99  1.000000  0.000000
2002 05  371.380 -99 -9999 -999999 -99  1.000000  0.000000
2002 06  371.980 -99 -9999 -999999 -99  1.000000  0.000000
2002 07  372.550 -99 -9999 -999999 -99  1.000000  0.000000
2002 08  372.830 -99 -9999 -999999 -99  1.000000  0.000000
2002 09  372.810 -99 -9999 -999999 -99  1.000000  0.000000
2002 10  372.930 -99 -9999 -999999 -99  1.000000  0.000000
2002 11  373.020 -99 -9999 -999999 -99  1.000000  0.000000
2002 12  373.100 -99 -9999 -999999 -99  1.000000  0.000000
2003 01  373.130 -99 -9999 -999999 -99  1.000000  0.000000
2003 02  372.950 -99 -9999 -999999 -99  1.000000  0.000000
2003 03  372.990 -99 -9999 -999999 -99  1.000000  0.000000
2003 04  373.410 -99 -9999 -999999 -99  1.000000  0.000000
2003 05  373.820 -99 -9999 -999999 -99  1.000000  0.000000
2003 06  374.680 -99 -9999 -999999 -99  1.000000  0.000000
2003 07  375.150 -99 -9999 -999999 -99  1.000000  0.000000
2003 08  374.910 -99 -9999 -999999 -99  1.000000  0.000000
2003 09  374.830 -99 -9999 -999999 -99  1.000000  0.000000
2003 10  375.100 -99 -9999 -999999 -99  1.000000  0.000000
2003 11  375.220 -99 -9999 -999999 -99  1.000000  0.000000
2003 12  375.010 -99 -9999 -999999 -99  1.000000  0.000000
2004 01  374.830 -99 -9999 -999999 -99  1.000000  0.000000
2004 02  375.110 -99 -9999 -999999 -99  1.000000  0.000000
2004 03  375.140 -99 -9999 -999999 -99  1.000000  0.000000
2004 04  374.710 -99 -9999 -999999 -99  1.000000  0.000000
2004 05  375.270 -99 -9999 -999999 -99  1.000000  0.000000
2004 06  376.440 -99 -9999 -999999 -99  1.000000  0.000000
2004 07  376.870 -99 -9999 -999999 -99  1.000000  0.000000
2004 08  376.720 -99 -9999 -999999 -99  1.000000  0.000000
2004 09  376.550 -99 -9999 -999999 -99  1.000000  0.000000
2004 10  376.540 -99 -9999 -999999 -99  1.000000  0.000000
2004 11  377.000 -99 -9999 -999999 -99  1.000000  0.000000
2004 12  376.940 -99 -9999 -999999 -99  1.000000  0.000000
2005 01  376.370 -99 -9999 -999999 -99  1.000000  0.000000
2005 02  376.350 -99 -9999 -999999 -99  1.000000  0.000000
2005 03  376.930 -99 -9999 -999999 -99  1.000000  0.000000
2005 04  377.170 -99 -9999 -999999 -99  1.000000  0.000000
2005 05  377.300 -99 -9999 -999999 -99  1.000000  0.000000
2005 06  378.560 -99 -9999 -999999 -99  1.000000  0.000000
2005 07  379.470 -99 -9999 -999999 -99  1.000000  0.000000
2005 08  379.020 -99 -9999 -999999 -99  1.000000  0.000000
2005 09  378.680 -99 -9999 -999999 -99  1.000000  0.000000
2005 10  379.070 -99 -9999 -999999 -99  1.000000  0.000000
2005 11  379.510 -99 -9999 -999999 -99  1.000000  0.000000
2005 12  379.420 -99 -9999 -999999 -99  1.000000  0.000000
2006 01  379.300 -99 -9999 -999999 -99  1.000000  0.000000
2006 02  379.340 -99 -9999 -999999 -99  1.000000  0.000000
2006 03  379.020 -99 -9999 -999999 -99  1.000000  0.000000
2006 04  378.710 -99 -9999 -999999 -99  1.000000  0.000000
2006 05  379.070 -99 -9999 -999999 -99  1.000000  0.000000
2006 06  379.790 -99 -9999 -999999 -99  1.000000  0.000000
2006 07  380.190 -99 -9999 -999999 -99  1.000000  0.000000
2006 08  380.700 -99 -9999 -999999 -99  1.000000  0.000000
2006 09  381.050 -99 -9999 -999999 -99  1.000000  0.000000
2006 10  381.050 -99 -9999 -999999 -99  1.000000  0.000000
2006 11  380.790 -99 -9999 -999999 -99  1.000000  0.000000
2006 12  380.410 -99 -9999 -999999 -99  1.000000  0.000000
2007 01  380.290 -99 -9999 -999999 -99  1.000000  0.000000
2007 02  380.480 -99 -9999 -999999 -99  1.000000  0.000000
2007 03  380.350 -99 -9999 -999999 -99  1.000000  0.000000
2007 04  380.380 -99 -9999 -999999 -99  1.000000  0.000000
2007 05  381.140 -99 -9999 -999999 -99  1.000000  0.000000
2007 06  382.020 -99 -9999 -999999 -99  1.000000  0.000000
2007 07  382.690 -99 -9999 -999999 -99  1.000000  0.000000
2007 08  383.140 -99 -9999 -999999 -99  1.000000  0.000000
2007 09  383.370 -99 -9999 -999999 -99  1.000000  0.000000
2007 10  383.430 -99 -9999 -999999 -99  1.000000  0.000000
2007 11  383.520 -99 -9999 -999999 -99  1.000000  0.000000
2007 12  383.240 -99 -9999 -999999 -99  1.000000  0.000000
2008 01  382.820 -99 -9999 -999999 -99  1.000000  0.000000
2008 02  382.270 -99 -9999 -999999 -99  1.000000  0.000000
2008 03  381.820 -99 -9999 -999999 -99  1.000000  0.000000
2008 04  381.470 -99 -9999 -999999 -99  1.000000  0.000000
2008 05  382.110 -99 -9999 -999999 -99  1.000000  0.000000
2008 06  383.660 -99 -9999 -999999 -99  1.000000  0.000000
2008 07  384.560 -99 -9999 -999999 -99  1.000000  0.000000
2008 08  384.820 -99 -9999 -999999 -99  1.000000  0.000000
2008 09  384.830 -99 -9999 -999999 -99  1.000000  0.000000
2008 10  384.620 -99 -9999 -999999 -99  1.000000  0.000000
2008 11  384.640 -99 -9999 -999999 -99  1.000000  0.000000
2008 12  384.920 -99 -9999 -999999 -99  1.000000  0.000000
2009 01  384.790 -99 -9999 -999999 -99  1.000000  0.000000
2009 02  384.290 -99 -9999 -999999 -99  1.000000  0.000000
2009 03  383.550 -99 -9999 -999999 -99  1.000000  0.000000
2009 04  383.170 -99 -9999 -999999 -99  1.000000  0.000000
2009 05  384.260 -99 -9999 -999999 -99  1.000000  0.000000
2009 06  385.790 -99 -9999 -999999 -99  1.000000  0.000000
2009 07  386.500 -99 -9999 -999999 -99  1.000000  0.000000
2009 08  387.030 -99 -9999 -999999 -99  1.000000  0.000000
2009 09  387.370 -99 -9999 -999999 -99  1.000000  0.000000
2009 10  387.180 -99 -9999 -999999 -99  1.000000  0.000000
2009 11  386.550 -99 -9999 -999999 -99  1.000000  0.000000
2009 12  386.180 -99 -9999 -999999 -99  1.000000  0.000000
2010 01  386.280 -99 -9999 -999999 -99  1.000000  0.000000
2010 02  386.640 -99 -9999 -999999 -99  1.000000  0.000000
2010 03  386.670 -99 -9999 -999999 -99  1.000000  0.000000
2010 04  386.230 -99 -9999 -999999 -99  1.000000  0.000000
2010 05  386.700 -99 -9999 -999999 -99  1.000000  0.000000
2010 06  387.780 -99 -9999 -999999 -99  1.000000  0.000000
2010 07  388.270 -99 -9999 -999999 -99  1.000000  0.000000
2010 08  388.600 -99 -9999 -999999 -99  1.000000  0.000000
2010 09  388.630 -99 -9999 -999999 -99  1.000000  0.000000
2010 10  388.570 -99 -9999 -999999 -99  1.000000  0.000000
2010 11  388.830 -99 -9999 -999999 -99  1.000000  0.000000
2010 12  388.820 -99 -9999 -999999 -99  1.000000  0.000000
2011 01  387.710 -99 -9999 -999999 -99  1.000000  0.000000
2011 02  386.970 -99 -9999 -999999 -99  1.000000  0.000000
2011 03  387.470 -99 -9999 -999999 -99  1.000000  0.000000
2011 04  388.100 -99 -9999 -999999 -99  1.000000  0.000000
2011 05  388.780 -99 -9999 -999999 -99  1.000000  0.000000
2011 06  389.440 -99 -9999 -999999 -99  1.000000  0.000000
2011 07  390.170 -99 -9999 -999999 -99  1.000000  0.000000
2011 08  390.670 -99 -9999 -999999 -99  1.000000  0.000000
2011 09  390.520 -99 -9999 -999999 -99  1.000000  0.000000
2011 10  390.310 -99 -9999 -999999 -99  1.000000  0.000000
2011 11  390.100 -99 -9999 -999999 -99  1.000000  0.000000
2011 12  390.000 -99 -9999 -999999 -99  1.000000  0.000000
2012 01  390.210 -99 -9999 -999999 -99  1.000000  0.000000
2012 02  390.110 -99 -9999 -999999 -99  1.000000  0.000000
2012 03  390.100 -99 -9999 -999999 -99  1.000000  0.000000
2012 04  390.890 -99 -9999 -999999 -99  1.000000  0.000000
2012 05  391.230 -99 -9999 -999999 -99  1.000000  0.000000
2012 06  391.610 -99 -9999 -999999 -99  1.000000  0.000000
2012 07  392.220 -99 -9999 -999999 -99  1.000000  0.000000
2012 08  391.890 -99 -9999 -999999 -99  1.000000  0.000000
2012 09  391.820 -99 -9999 -999999 -99  1.000000  0.000000
2012 10  392.330 -99 -9999 -999999 -99  1.000000  0.000000
2012 11  392.860 -99 -9999 -999999 -99  1.000000  0.000000
2012 12  392.950 -99 -9999 -999999 -99  1.000000  0.000000
2013 01  392.490 -99 -9999 -999999 -99  1.000000  0.000000
2013 02  392.360 -99 -9999 -999999 -99  1.000000  0.000000
2013 03  392.840 -99 -9999 -999999 -99  1.000000  0.000000
2013 04  393.300 -99 -9999 -999999 -99  1.000000  0.000000
2013 05  393.600 -99 -9999 -999999 -99  1.000000  0.000000
2013 06  394.510 -99 -9999 -999999 -99  1.000000  0.000000
2013 07  395.410 -99 -9999 -999999 -99  1.000000  0.000000
2013 08  395.290 -99 -9999 -999999 -99  1.000000  0.000000
2013 09  394.990 -99 -9999 -999999 -99  1.000000  0.000000
2013 10  395.220 -99 -9999 -999999 -99  1.000000  0.000000
2013 11  395.360 -99 -9999 -999999 -99  1.000000  0.000000
2013 12  395.440 -99 -9999 -999999 -99  1.000000  0.000000
2014 01  395.130 -99 -9999 -999999 -99  1.000000  0.000000
2014 02  395.080 -99 -9999 -999999 -99  1.000000  0.000000
2014 03  394.770 -99 -9999 -999999 -99  1.000000  0.000000
2014 04  394.140 -99 -9999 -999999 -99  1.000000  0.000000
2014 05  394.910 -99 -9999 -999999 -99  1.000000  0.000000
2014 06  395.990 -99 -9999 -999999 -99  1.000000  0.000000
2014 07  396.470 -99 -9999 -999999 -99  1.000000  0.000000
2014 08  397.140 -99 -9999 -999999 -99  1.000000  0.000000
2014 09  397.270 -99 -9999 -999999 -99  1.000000  0.000000
2014 10  396.770 -99 -9999 -999999 -99  1.000000  0.000000
2014 11  396.950 -99 -9999 -999999 -99  1.000000  0.000000
2014 12  397.160 -99 -9999 -999999 -99  1.000000  0.000000
2015 01  396.920 -99 -9999 -999999 -99  1.000000  0.000000
2015 02  396.780 -99 -9999 -999999 -99  1.000000  0.000000
2015 03  397.130 -99 -9999 -999999 -99  1.000000  0.000000
2015 04  397.240 -99 -9999 -999999 -99  1.000000  0.000000
2015 05  397.270 -99 -9999 -999999 -99  1.000000  0.000000
2015 06  398.360 -99 -9999 -999999 -99  1.000000  0.000000
2015 07  398.930 -99 -9999 -999999 -99  1.000000  0.000000
2015 08  399.040 -99 -9999 -999999 -99  1.000000  0.000000
2015 09  399.400 -99 -9999 -999999 -99  1.000000  0.000000
2015 10  399.710 -99 -9999 -999999 -99  1.000000  0.000000
2015 11  400.150 -99 -9999 -999999 -99  1.000000  0.000000
2015 12  400.370 -99 -9999 -999999 -99  1.000000  0.000000
2016 01  400.590 -99 -9999 -999999 -99  1.000000  0.000000
2016 02  401.190 -99 -9999 -999999 -99  1.000000  0.000000
2016 03  401.360 -99 -9999 -999999 -99  1.000000  0.000000
2016 04  401.220 -99 -9999 -999999 -99  1.000000  0.000000
2016 05  401.650 -99 -9999 -999999 -99  1.000000  0.000000
2016 06  402.580 -99 -9999 -999999 -99  1.000000  0.000000
2016 07  403.330 -99 -9999 -999999 -99  1.000000  0.000000
2016 08  403.180 -99 -9999 -999999 -99  1.000000  0.000000
2016 09  402.680 -99 -9999 -999999 -99  1.000000  0.000000
2016 10  402.920 -99 -9999 -999999 -99  1.000000  0.000000
2016 11  403.000 -99 -9999 -999999 -99  1.000000  0.000000
2016 12  402.840 -99 -9999 -999999 -99  1.000000  0.000000
2017 01  402.720 -99 -9999 -999999 -99  1.000000  0.000000
2017 02  402.330 -99 -9999 -999999 -99  1.000000  0.000000
2017 03  401.970 -99 -9999 -999999 -99  1.000000  0.000000
2017 04  402.370 -99 -9999 -999999 -99  1.000000  0.000000
2017 05  403.320 -99 -9999 -999999 -99  1.000000  0.000000
2017 06  404.030 -99 -9999 -999999 -99  1.000000  0.000000
2017 07  404.680 -99 -9999 -999999 -99  1.000000  0.000000
2017 08  404.910 -99 -9999 -999999 -99  1.000000  0.000000
2017 09  404.250 -99 -9999 -999999 -99  1.000000  0.000000
2017 10  404.440 -99 -9999 -999999 -99  1.000000  0.000000
2017 11  405.080 -99 -9999 -999999 -99  1.000000  0.000000
2017 12  404.910 -99 -9999 -999999 -99  1.000000  0.000000
