REM01  EXPLANATORY 25-LINE FOR THE MONTHLY DATA
REM02  FILENAME: co2_ask_surface-flask_2_3001-9999_monthly.txt
REM03  STATION: Assekrem
REM04  CATEGORY: GAW Global
REM05  COUNTRY/TERRITORY: Algeria
REM06  SUBMITTED BY: NOAA
REM07  LATITUDE:   23 16' N
REM08  LONGITUDE:   5 38' E
REM09  ALTITUDE:     2710 m
REM10  RATIO: 1.000000 0.000000
REM11  PARAMETER: CO2
REM12  COVERING PERIOD: September 1995 - December 2017
REM13  UNIT: ppm
REM14  ANALYSIS: NDIR(1995-09-01 - 2017-12-01)
REM15  SAMPLING TYPE: surface-flask
REM16  CLASSIFICATION: Background observation
REM17  CALIBRATION: WMO CO2 X2007(1995-09-01 - 2017-12-01)
REM18  TABLENAME: ASK123N002f1
REM19  CALCULATION: contributor
REM20  REGISTRATION: 2018-09-25
REM21
REM22  COMMENT: Dataset was made from entire historical data provided from contributor from 2018 new WDCGG website open onward
REM23
REM24 M      CO2   V    ND      SD   F   RATIO_A   RATIO_B
REM25        ppm
1995 09  357.230 -99 -9999 -999999 -99  1.000000  0.000000
1995 10  358.360 -99 -9999 -999999 -99  1.000000  0.000000
1995 11  360.210 -99 -9999 -999999 -99  1.000000  0.000000
1995 12  361.420 -99 -9999 -999999 -99  1.000000  0.000000
1996 01  362.560 -99 -9999 -999999 -99  1.000000  0.000000
1996 02  363.920 -99 -9999 -999999 -99  1.000000  0.000000
1996 03  364.600 -99 -9999 -999999 -99  1.000000  0.000000
1996 04  364.970 -99 -9999 -999999 -99  1.000000  0.000000
1996 05  365.250 -99 -9999 -999999 -99  1.000000  0.000000
1996 06  364.500 -99 -9999 -999999 -99  1.000000  0.000000
1996 07  361.940 -99 -9999 -999999 -99  1.000000  0.000000
1996 08  359.480 -99 -9999 -999999 -99  1.000000  0.000000
1996 09  358.420 -99 -9999 -999999 -99  1.000000  0.000000
1996 10  359.090 -99 -9999 -999999 -99  1.000000  0.000000
1996 11  360.820 -99 -9999 -999999 -99  1.000000  0.000000
1996 12  362.360 -99 -9999 -999999 -99  1.000000  0.000000
1997 01  363.950 -99 -9999 -999999 -99  1.000000  0.000000
1997 02  365.100 -99 -9999 -999999 -99  1.000000  0.000000
1997 03  365.850 -99 -9999 -999999 -99  1.000000  0.000000
1997 04  366.270 -99 -9999 -999999 -99  1.000000  0.000000
1997 05  366.550 -99 -9999 -999999 -99  1.000000  0.000000
1997 06  365.930 -99 -9999 -999999 -99  1.000000  0.000000
1997 07  363.420 -99 -9999 -999999 -99  1.000000  0.000000
1997 08  360.590 -99 -9999 -999999 -99  1.000000  0.000000
1997 09  359.370 -99 -9999 -999999 -99  1.000000  0.000000
1997 10  360.310 -99 -9999 -999999 -99  1.000000  0.000000
1997 11  362.740 -99 -9999 -999999 -99  1.000000  0.000000
1997 12  364.830 -99 -9999 -999999 -99  1.000000  0.000000
1998 01  365.870 -99 -9999 -999999 -99  1.000000  0.000000
1998 02  367.300 -99 -9999 -999999 -99  1.000000  0.000000
1998 03  368.530 -99 -9999 -999999 -99  1.000000  0.000000
1998 04  369.270 -99 -9999 -999999 -99  1.000000  0.000000
1998 05  369.700 -99 -9999 -999999 -99  1.000000  0.000000
1998 06  368.460 -99 -9999 -999999 -99  1.000000  0.000000
1998 07  365.760 -99 -9999 -999999 -99  1.000000  0.000000
1998 08  363.850 -99 -9999 -999999 -99  1.000000  0.000000
1998 09  363.260 -99 -9999 -999999 -99  1.000000  0.000000
1998 10  364.360 -99 -9999 -999999 -99  1.000000  0.000000
1998 11  366.040 -99 -9999 -999999 -99  1.000000  0.000000
1998 12  367.470 -99 -9999 -999999 -99  1.000000  0.000000
1999 01  368.620 -99 -9999 -999999 -99  1.000000  0.000000
1999 02  369.490 -99 -9999 -999999 -99  1.000000  0.000000
1999 03  370.690 -99 -9999 -999999 -99  1.000000  0.000000
1999 04  371.370 -99 -9999 -999999 -99  1.000000  0.000000
1999 05  371.170 -99 -9999 -999999 -99  1.000000  0.000000
1999 06  370.010 -99 -9999 -999999 -99  1.000000  0.000000
1999 07  367.280 -99 -9999 -999999 -99  1.000000  0.000000
1999 08  364.840 -99 -9999 -999999 -99  1.000000  0.000000
1999 09  364.210 -99 -9999 -999999 -99  1.000000  0.000000
1999 10  365.170 -99 -9999 -999999 -99  1.000000  0.000000
1999 11  367.630 -99 -9999 -999999 -99  1.000000  0.000000
1999 12  369.350 -99 -9999 -999999 -99  1.000000  0.000000
2000 01  370.190 -99 -9999 -999999 -99  1.000000  0.000000
2000 02  371.430 -99 -9999 -999999 -99  1.000000  0.000000
2000 03  372.090 -99 -9999 -999999 -99  1.000000  0.000000
2000 04  372.410 -99 -9999 -999999 -99  1.000000  0.000000
2000 05  372.700 -99 -9999 -999999 -99  1.000000  0.000000
2000 06  371.830 -99 -9999 -999999 -99  1.000000  0.000000
2000 07  369.350 -99 -9999 -999999 -99  1.000000  0.000000
2000 08  366.610 -99 -9999 -999999 -99  1.000000  0.000000
2000 09  365.930 -99 -9999 -999999 -99  1.000000  0.000000
2000 10  366.620 -99 -9999 -999999 -99  1.000000  0.000000
2000 11  368.720 -99 -9999 -999999 -99  1.000000  0.000000
2000 12  370.860 -99 -9999 -999999 -99  1.000000  0.000000
2001 01  372.050 -99 -9999 -999999 -99  1.000000  0.000000
2001 02  372.780 -99 -9999 -999999 -99  1.000000  0.000000
2001 03  373.570 -99 -9999 -999999 -99  1.000000  0.000000
2001 04  374.220 -99 -9999 -999999 -99  1.000000  0.000000
2001 05  374.370 -99 -9999 -999999 -99  1.000000  0.000000
2001 06  373.190 -99 -9999 -999999 -99  1.000000  0.000000
2001 07  370.410 -99 -9999 -999999 -99  1.000000  0.000000
2001 08  368.360 -99 -9999 -999999 -99  1.000000  0.000000
2001 09  367.790 -99 -9999 -999999 -99  1.000000  0.000000
2001 10  368.320 -99 -9999 -999999 -99  1.000000  0.000000
2001 11  370.370 -99 -9999 -999999 -99  1.000000  0.000000
2001 12  372.270 -99 -9999 -999999 -99  1.000000  0.000000
2002 01  373.760 -99 -9999 -999999 -99  1.000000  0.000000
2002 02  374.640 -99 -9999 -999999 -99  1.000000  0.000000
2002 03  375.140 -99 -9999 -999999 -99  1.000000  0.000000
2002 04  376.240 -99 -9999 -999999 -99  1.000000  0.000000
2002 05  376.410 -99 -9999 -999999 -99  1.000000  0.000000
2002 06  375.150 -99 -9999 -999999 -99  1.000000  0.000000
2002 07  372.930 -99 -9999 -999999 -99  1.000000  0.000000
2002 08  370.470 -99 -9999 -999999 -99  1.000000  0.000000
2002 09  369.470 -99 -9999 -999999 -99  1.000000  0.000000
2002 10  370.520 -99 -9999 -999999 -99  1.000000  0.000000
2002 11  372.490 -99 -9999 -999999 -99  1.000000  0.000000
2002 12  374.180 -99 -9999 -999999 -99  1.000000  0.000000
2003 01  375.570 -99 -9999 -999999 -99  1.000000  0.000000
2003 02  376.670 -99 -9999 -999999 -99  1.000000  0.000000
2003 03  377.630 -99 -9999 -999999 -99  1.000000  0.000000
2003 04  378.520 -99 -9999 -999999 -99  1.000000  0.000000
2003 05  378.950 -99 -9999 -999999 -99  1.000000  0.000000
2003 06  378.290 -99 -9999 -999999 -99  1.000000  0.000000
2003 07  375.750 -99 -9999 -999999 -99  1.000000  0.000000
2003 08  373.080 -99 -9999 -999999 -99  1.000000  0.000000
2003 09  372.380 -99 -9999 -999999 -99  1.000000  0.000000
2003 10  372.830 -99 -9999 -999999 -99  1.000000  0.000000
2003 11  374.590 -99 -9999 -999999 -99  1.000000  0.000000
2003 12  376.780 -99 -9999 -999999 -99  1.000000  0.000000
2004 01  377.850 -99 -9999 -999999 -99  1.000000  0.000000
2004 02  378.850 -99 -9999 -999999 -99  1.000000  0.000000
2004 03  379.890 -99 -9999 -999999 -99  1.000000  0.000000
2004 04  380.450 -99 -9999 -999999 -99  1.000000  0.000000
2004 05  380.620 -99 -9999 -999999 -99  1.000000  0.000000
2004 06  379.530 -99 -9999 -999999 -99  1.000000  0.000000
2004 07  376.710 -99 -9999 -999999 -99  1.000000  0.000000
2004 08  373.950 -99 -9999 -999999 -99  1.000000  0.000000
2004 09  373.020 -99 -9999 -999999 -99  1.000000  0.000000
2004 10  373.950 -99 -9999 -999999 -99  1.000000  0.000000
2004 11  376.270 -99 -9999 -999999 -99  1.000000  0.000000
2004 12  378.790 -99 -9999 -999999 -99  1.000000  0.000000
2005 01  379.910 -99 -9999 -999999 -99  1.000000  0.000000
2005 02  380.670 -99 -9999 -999999 -99  1.000000  0.000000
2005 03  381.630 -99 -9999 -999999 -99  1.000000  0.000000
2005 04  382.100 -99 -9999 -999999 -99  1.000000  0.000000
2005 05  382.460 -99 -9999 -999999 -99  1.000000  0.000000
2005 06  381.410 -99 -9999 -999999 -99  1.000000  0.000000
2005 07  379.130 -99 -9999 -999999 -99  1.000000  0.000000
2005 08  376.870 -99 -9999 -999999 -99  1.000000  0.000000
2005 09  375.660 -99 -9999 -999999 -99  1.000000  0.000000
2005 10  376.400 -99 -9999 -999999 -99  1.000000  0.000000
2005 11  378.780 -99 -9999 -999999 -99  1.000000  0.000000
2005 12  381.160 -99 -9999 -999999 -99  1.000000  0.000000
2006 01  382.860 -99 -9999 -999999 -99  1.000000  0.000000
2006 02  383.630 -99 -9999 -999999 -99  1.000000  0.000000
2006 03  383.850 -99 -9999 -999999 -99  1.000000  0.000000
2006 04  384.440 -99 -9999 -999999 -99  1.000000  0.000000
2006 05  385.010 -99 -9999 -999999 -99  1.000000  0.000000
2006 06  383.600 -99 -9999 -999999 -99  1.000000  0.000000
2006 07  381.320 -99 -9999 -999999 -99  1.000000  0.000000
2006 08  379.280 -99 -9999 -999999 -99  1.000000  0.000000
2006 09  377.830 -99 -9999 -999999 -99  1.000000  0.000000
2006 10  378.310 -99 -9999 -999999 -99  1.000000  0.000000
2006 11  380.740 -99 -9999 -999999 -99  1.000000  0.000000
2006 12  382.680 -99 -9999 -999999 -99  1.000000  0.000000
2007 01  383.820 -99 -9999 -999999 -99  1.000000  0.000000
2007 02  385.280 -99 -9999 -999999 -99  1.000000  0.000000
2007 03  386.230 -99 -9999 -999999 -99  1.000000  0.000000
2007 04  386.370 -99 -9999 -999999 -99  1.000000  0.000000
2007 05  386.510 -99 -9999 -999999 -99  1.000000  0.000000
2007 06  385.880 -99 -9999 -999999 -99  1.000000  0.000000
2007 07  383.390 -99 -9999 -999999 -99  1.000000  0.000000
2007 08  380.800 -99 -9999 -999999 -99  1.000000  0.000000
2007 09  379.790 -99 -9999 -999999 -99  1.000000  0.000000
2007 10  380.590 -99 -9999 -999999 -99  1.000000  0.000000
2007 11  382.890 -99 -9999 -999999 -99  1.000000  0.000000
2007 12  385.060 -99 -9999 -999999 -99  1.000000  0.000000
2008 01  386.680 -99 -9999 -999999 -99  1.000000  0.000000
2008 02  387.320 -99 -9999 -999999 -99  1.000000  0.000000
2008 03  387.680 -99 -9999 -999999 -99  1.000000  0.000000
2008 04  388.340 -99 -9999 -999999 -99  1.000000  0.000000
2008 07  385.700 -99 -9999 -999999 -99  1.000000  0.000000
2008 08  382.330 -99 -9999 -999999 -99  1.000000  0.000000
2008 09  381.540 -99 -9999 -999999 -99  1.000000  0.000000
2008 10  382.440 -99 -9999 -999999 -99  1.000000  0.000000
2008 11  384.220 -99 -9999 -999999 -99  1.000000  0.000000
2008 12  386.570 -99 -9999 -999999 -99  1.000000  0.000000
2009 01  388.380 -99 -9999 -999999 -99  1.000000  0.000000
2009 02  389.140 -99 -9999 -999999 -99  1.000000  0.000000
2009 03  389.790 -99 -9999 -999999 -99  1.000000  0.000000
2009 04  390.560 -99 -9999 -999999 -99  1.000000  0.000000
2009 05  390.630 -99 -9999 -999999 -99  1.000000  0.000000
2009 06  389.640 -99 -9999 -999999 -99  1.000000  0.000000
2009 07  386.950 -99 -9999 -999999 -99  1.000000  0.000000
2009 08  384.060 -99 -9999 -999999 -99  1.000000  0.000000
2009 09  383.070 -99 -9999 -999999 -99  1.000000  0.000000
2009 10  384.260 -99 -9999 -999999 -99  1.000000  0.000000
2009 11  386.020 -99 -9999 -999999 -99  1.000000  0.000000
2009 12  387.840 -99 -9999 -999999 -99  1.000000  0.000000
2010 01  389.250 -99 -9999 -999999 -99  1.000000  0.000000
2010 02  390.180 -99 -9999 -999999 -99  1.000000  0.000000
2010 03  391.230 -99 -9999 -999999 -99  1.000000  0.000000
2010 04  392.250 -99 -9999 -999999 -99  1.000000  0.000000
2010 05  392.930 -99 -9999 -999999 -99  1.000000  0.000000
2010 06  391.870 -99 -9999 -999999 -99  1.000000  0.000000
2010 07  388.390 -99 -9999 -999999 -99  1.000000  0.000000
2010 08  386.010 -99 -9999 -999999 -99  1.000000  0.000000
2010 09  385.770 -99 -9999 -999999 -99  1.000000  0.000000
2010 10  386.350 -99 -9999 -999999 -99  1.000000  0.000000
2010 11  388.380 -99 -9999 -999999 -99  1.000000  0.000000
2010 12  390.920 -99 -9999 -999999 -99  1.000000  0.000000
2011 01  391.990 -99 -9999 -999999 -99  1.000000  0.000000
2011 02  392.690 -99 -9999 -999999 -99  1.000000  0.000000
2011 03  394.210 -99 -9999 -999999 -99  1.000000  0.000000
2011 04  395.020 -99 -9999 -999999 -99  1.000000  0.000000
2011 05  394.770 -99 -9999 -999999 -99  1.000000  0.000000
2011 06  393.780 -99 -9999 -999999 -99  1.000000  0.000000
2011 07  391.480 -99 -9999 -999999 -99  1.000000  0.000000
2011 08  388.820 -99 -9999 -999999 -99  1.000000  0.000000
2011 09  388.120 -99 -9999 -999999 -99  1.000000  0.000000
2011 10  388.650 -99 -9999 -999999 -99  1.000000  0.000000
2011 11  390.410 -99 -9999 -999999 -99  1.000000  0.000000
2011 12  392.700 -99 -9999 -999999 -99  1.000000  0.000000
2012 01  394.250 -99 -9999 -999999 -99  1.000000  0.000000
2012 02  395.790 -99 -9999 -999999 -99  1.000000  0.000000
2012 03  396.470 -99 -9999 -999999 -99  1.000000  0.000000
2012 04  396.480 -99 -9999 -999999 -99  1.000000  0.000000
2012 05  396.500 -99 -9999 -999999 -99  1.000000  0.000000
2012 06  395.830 -99 -9999 -999999 -99  1.000000  0.000000
2012 07  393.270 -99 -9999 -999999 -99  1.000000  0.000000
2012 08  390.710 -99 -9999 -999999 -99  1.000000  0.000000
2012 09  390.320 -99 -9999 -999999 -99  1.000000  0.000000
2012 10  391.090 -99 -9999 -999999 -99  1.000000  0.000000
2012 11  392.970 -99 -9999 -999999 -99  1.000000  0.000000
2012 12  394.980 -99 -9999 -999999 -99  1.000000  0.000000
2013 04  399.390 -99 -9999 -999999 -99  1.000000  0.000000
2013 05  399.570 -99 -9999 -999999 -99  1.000000  0.000000
2013 06  398.590 -99 -9999 -999999 -99  1.000000  0.000000
2013 07  395.540 -99 -9999 -999999 -99  1.000000  0.000000
2013 08  392.690 -99 -9999 -999999 -99  1.000000  0.000000
2013 09  392.280 -99 -9999 -999999 -99  1.000000  0.000000
2013 10  393.670 -99 -9999 -999999 -99  1.000000  0.000000
2013 11  395.850 -99 -9999 -999999 -99  1.000000  0.000000
2013 12  397.920 -99 -9999 -999999 -99  1.000000  0.000000
2014 01  398.720 -99 -9999 -999999 -99  1.000000  0.000000
2014 02  399.620 -99 -9999 -999999 -99  1.000000  0.000000
2014 03  400.830 -99 -9999 -999999 -99  1.000000  0.000000
2014 04  401.480 -99 -9999 -999999 -99  1.000000  0.000000
2014 05  401.650 -99 -9999 -999999 -99  1.000000  0.000000
2014 06  400.610 -99 -9999 -999999 -99  1.000000  0.000000
2014 07  397.830 -99 -9999 -999999 -99  1.000000  0.000000
2014 08  394.940 -99 -9999 -999999 -99  1.000000  0.000000
2014 09  394.610 -99 -9999 -999999 -99  1.000000  0.000000
2014 10  396.060 -99 -9999 -999999 -99  1.000000  0.000000
2014 11  397.500 -99 -9999 -999999 -99  1.000000  0.000000
2014 12  399.580 -99 -9999 -999999 -99  1.000000  0.000000
2015 01  401.140 -99 -9999 -999999 -99  1.000000  0.000000
2015 02  402.100 -99 -9999 -999999 -99  1.000000  0.000000
2015 03  403.410 -99 -9999 -999999 -99  1.000000  0.000000
2015 04  403.560 -99 -9999 -999999 -99  1.000000  0.000000
2015 05  403.060 -99 -9999 -999999 -99  1.000000  0.000000
2015 06  401.790 -99 -9999 -999999 -99  1.000000  0.000000
2015 07  399.250 -99 -9999 -999999 -99  1.000000  0.000000
2015 08  397.350 -99 -9999 -999999 -99  1.000000  0.000000
2015 09  396.470 -99 -9999 -999999 -99  1.000000  0.000000
2015 10  397.520 -99 -9999 -999999 -99  1.000000  0.000000
2015 11  400.040 -99 -9999 -999999 -99  1.000000  0.000000
2015 12  402.440 -99 -9999 -999999 -99  1.000000  0.000000
2016 01  404.040 -99 -9999 -999999 -99  1.000000  0.000000
2016 02  404.890 -99 -9999 -999999 -99  1.000000  0.000000
2016 03  406.130 -99 -9999 -999999 -99  1.000000  0.000000
2016 04  407.250 -99 -9999 -999999 -99  1.000000  0.000000
2016 05  407.210 -99 -9999 -999999 -99  1.000000  0.000000
2016 06  405.980 -99 -9999 -999999 -99  1.000000  0.000000
2016 07  403.220 -99 -9999 -999999 -99  1.000000  0.000000
2016 08  400.470 -99 -9999 -999999 -99  1.000000  0.000000
2016 09  400.100 -99 -9999 -999999 -99  1.000000  0.000000
2016 10  401.350 -99 -9999 -999999 -99  1.000000  0.000000
2016 11  403.780 -99 -9999 -999999 -99  1.000000  0.000000
2016 12  406.010 -99 -9999 -999999 -99  1.000000  0.000000
2017 01  407.330 -99 -9999 -999999 -99  1.000000  0.000000
2017 02  408.510 -99 -9999 -999999 -99  1.000000  0.000000
2017 03  409.360 -99 -9999 -999999 -99  1.000000  0.000000
2017 04  409.750 -99 -9999 -999999 -99  1.000000  0.000000
2017 05  409.750 -99 -9999 -999999 -99  1.000000  0.000000
2017 06  408.450 -99 -9999 -999999 -99  1.000000  0.000000
2017 07  405.800 -99 -9999 -999999 -99  1.000000  0.000000
2017 08  402.980 -99 -9999 -999999 -99  1.000000  0.000000
2017 09  402.270 -99 -9999 -999999 -99  1.000000  0.000000
2017 10  403.890 -99 -9999 -999999 -99  1.000000  0.000000
2017 11  406.050 -99 -9999 -999999 -99  1.000000  0.000000
2017 12  408.050 -99 -9999 -999999 -99  1.000000  0.000000
