REM01  EXPLANATORY 25-LINE FOR THE MONTHLY DATA
REM02  FILENAME: co2_avi_surface-flask_2_3001-9999_monthly.txt
REM03  STATION: St. Croix
REM04  CATEGORY: GAW Regional
REM05  COUNTRY/TERRITORY: United States of America
REM06  SUBMITTED BY: NOAA
REM07  LATITUDE:   17 45' N
REM08  LONGITUDE:  64 45' W
REM09  ALTITUDE:        3 m
REM10  RATIO: 1.000000 0.000000
REM11  PARAMETER: CO2
REM12  COVERING PERIOD: March 1979 - August 1990
REM13  UNIT: ppm
REM14  ANALYSIS: NDIR(1979-03-01 - 1990-08-01)
REM15  SAMPLING TYPE: surface-flask
REM16  CLASSIFICATION: Background observation
REM17  CALIBRATION: WMO CO2 X2007(1979-03-01 - 1990-08-01)
REM18  TABLENAME: AVI417N002f1
REM19  CALCULATION: contributor
REM20  REGISTRATION: 2018-09-25
REM21
REM22  COMMENT: Dataset was made from entire historical data provided from contributor from 2018 new WDCGG website open onward
REM23
REM24 M      CO2   V    ND      SD   F   RATIO_A   RATIO_B
REM25        ppm
1979 03  339.370 -99 -9999 -999999 -99  1.000000  0.000000
1979 04  340.650 -99 -9999 -999999 -99  1.000000  0.000000
1979 05  340.600 -99 -9999 -999999 -99  1.000000  0.000000
1979 06  338.810 -99 -9999 -999999 -99  1.000000  0.000000
1979 07  334.660 -99 -9999 -999999 -99  1.000000  0.000000
1979 08  332.470 -99 -9999 -999999 -99  1.000000  0.000000
1979 09  333.340 -99 -9999 -999999 -99  1.000000  0.000000
1979 10  334.750 -99 -9999 -999999 -99  1.000000  0.000000
1979 11  336.240 -99 -9999 -999999 -99  1.000000  0.000000
1979 12  337.670 -99 -9999 -999999 -99  1.000000  0.000000
1980 09  335.530 -99 -9999 -999999 -99  1.000000  0.000000
1980 10  335.930 -99 -9999 -999999 -99  1.000000  0.000000
1980 11  338.180 -99 -9999 -999999 -99  1.000000  0.000000
1980 12  340.080 -99 -9999 -999999 -99  1.000000  0.000000
1981 01  341.200 -99 -9999 -999999 -99  1.000000  0.000000
1981 02  342.300 -99 -9999 -999999 -99  1.000000  0.000000
1981 03  343.290 -99 -9999 -999999 -99  1.000000  0.000000
1981 04  343.970 -99 -9999 -999999 -99  1.000000  0.000000
1981 05  343.330 -99 -9999 -999999 -99  1.000000  0.000000
1981 06  342.230 -99 -9999 -999999 -99  1.000000  0.000000
1981 07  340.870 -99 -9999 -999999 -99  1.000000  0.000000
1981 08  338.100 -99 -9999 -999999 -99  1.000000  0.000000
1981 09  336.460 -99 -9999 -999999 -99  1.000000  0.000000
1981 10  337.090 -99 -9999 -999999 -99  1.000000  0.000000
1981 11  338.520 -99 -9999 -999999 -99  1.000000  0.000000
1981 12  340.120 -99 -9999 -999999 -99  1.000000  0.000000
1982 01  342.160 -99 -9999 -999999 -99  1.000000  0.000000
1982 02  343.130 -99 -9999 -999999 -99  1.000000  0.000000
1982 03  343.330 -99 -9999 -999999 -99  1.000000  0.000000
1982 04  343.770 -99 -9999 -999999 -99  1.000000  0.000000
1982 05  343.950 -99 -9999 -999999 -99  1.000000  0.000000
1982 06  343.230 -99 -9999 -999999 -99  1.000000  0.000000
1982 07  340.610 -99 -9999 -999999 -99  1.000000  0.000000
1982 08  337.080 -99 -9999 -999999 -99  1.000000  0.000000
1982 09  336.220 -99 -9999 -999999 -99  1.000000  0.000000
1982 10  337.730 -99 -9999 -999999 -99  1.000000  0.000000
1982 11  339.590 -99 -9999 -999999 -99  1.000000  0.000000
1982 12  341.220 -99 -9999 -999999 -99  1.000000  0.000000
1983 01  342.160 -99 -9999 -999999 -99  1.000000  0.000000
1983 02  343.190 -99 -9999 -999999 -99  1.000000  0.000000
1983 03  344.810 -99 -9999 -999999 -99  1.000000  0.000000
1983 04  345.000 -99 -9999 -999999 -99  1.000000  0.000000
1983 05  344.350 -99 -9999 -999999 -99  1.000000  0.000000
1983 06  344.870 -99 -9999 -999999 -99  1.000000  0.000000
1983 07  342.640 -99 -9999 -999999 -99  1.000000  0.000000
1983 08  339.340 -99 -9999 -999999 -99  1.000000  0.000000
1983 09  339.860 -99 -9999 -999999 -99  1.000000  0.000000
1983 10  340.080 -99 -9999 -999999 -99  1.000000  0.000000
1983 11  339.120 -99 -9999 -999999 -99  1.000000  0.000000
1983 12  340.890 -99 -9999 -999999 -99  1.000000  0.000000
1984 01  343.620 -99 -9999 -999999 -99  1.000000  0.000000
1984 02  344.750 -99 -9999 -999999 -99  1.000000  0.000000
1984 03  345.760 -99 -9999 -999999 -99  1.000000  0.000000
1984 04  347.310 -99 -9999 -999999 -99  1.000000  0.000000
1984 05  348.080 -99 -9999 -999999 -99  1.000000  0.000000
1984 06  346.990 -99 -9999 -999999 -99  1.000000  0.000000
1984 07  343.580 -99 -9999 -999999 -99  1.000000  0.000000
1984 08  340.160 -99 -9999 -999999 -99  1.000000  0.000000
1984 09  338.720 -99 -9999 -999999 -99  1.000000  0.000000
1984 10  339.730 -99 -9999 -999999 -99  1.000000  0.000000
1984 11  341.120 -99 -9999 -999999 -99  1.000000  0.000000
1984 12  343.440 -99 -9999 -999999 -99  1.000000  0.000000
1985 01  345.650 -99 -9999 -999999 -99  1.000000  0.000000
1985 02  346.010 -99 -9999 -999999 -99  1.000000  0.000000
1985 03  346.520 -99 -9999 -999999 -99  1.000000  0.000000
1985 04  347.840 -99 -9999 -999999 -99  1.000000  0.000000
1985 05  348.690 -99 -9999 -999999 -99  1.000000  0.000000
1985 06  348.330 -99 -9999 -999999 -99  1.000000  0.000000
1985 07  345.940 -99 -9999 -999999 -99  1.000000  0.000000
1985 08  343.400 -99 -9999 -999999 -99  1.000000  0.000000
1985 09  342.390 -99 -9999 -999999 -99  1.000000  0.000000
1985 10  342.530 -99 -9999 -999999 -99  1.000000  0.000000
1985 11  344.350 -99 -9999 -999999 -99  1.000000  0.000000
1985 12  346.030 -99 -9999 -999999 -99  1.000000  0.000000
1986 01  346.550 -99 -9999 -999999 -99  1.000000  0.000000
1986 02  347.520 -99 -9999 -999999 -99  1.000000  0.000000
1986 03  348.970 -99 -9999 -999999 -99  1.000000  0.000000
1986 04  349.410 -99 -9999 -999999 -99  1.000000  0.000000
1986 05  349.600 -99 -9999 -999999 -99  1.000000  0.000000
1986 06  349.220 -99 -9999 -999999 -99  1.000000  0.000000
1986 07  347.090 -99 -9999 -999999 -99  1.000000  0.000000
1986 08  344.280 -99 -9999 -999999 -99  1.000000  0.000000
1986 09  343.180 -99 -9999 -999999 -99  1.000000  0.000000
1986 10  343.940 -99 -9999 -999999 -99  1.000000  0.000000
1986 11  345.870 -99 -9999 -999999 -99  1.000000  0.000000
1986 12  347.300 -99 -9999 -999999 -99  1.000000  0.000000
1987 01  348.070 -99 -9999 -999999 -99  1.000000  0.000000
1987 02  349.460 -99 -9999 -999999 -99  1.000000  0.000000
1987 03  350.920 -99 -9999 -999999 -99  1.000000  0.000000
1987 04  351.720 -99 -9999 -999999 -99  1.000000  0.000000
1987 05  351.030 -99 -9999 -999999 -99  1.000000  0.000000
1987 06  349.680 -99 -9999 -999999 -99  1.000000  0.000000
1987 07  348.440 -99 -9999 -999999 -99  1.000000  0.000000
1987 08  347.020 -99 -9999 -999999 -99  1.000000  0.000000
1987 09  345.770 -99 -9999 -999999 -99  1.000000  0.000000
1987 10  345.750 -99 -9999 -999999 -99  1.000000  0.000000
1987 11  347.490 -99 -9999 -999999 -99  1.000000  0.000000
1987 12  349.240 -99 -9999 -999999 -99  1.000000  0.000000
1988 01  350.690 -99 -9999 -999999 -99  1.000000  0.000000
1988 02  351.930 -99 -9999 -999999 -99  1.000000  0.000000
1988 03  353.160 -99 -9999 -999999 -99  1.000000  0.000000
1988 04  354.310 -99 -9999 -999999 -99  1.000000  0.000000
1988 05  354.880 -99 -9999 -999999 -99  1.000000  0.000000
1988 06  354.030 -99 -9999 -999999 -99  1.000000  0.000000
1988 07  351.200 -99 -9999 -999999 -99  1.000000  0.000000
1988 08  348.940 -99 -9999 -999999 -99  1.000000  0.000000
1988 09  348.520 -99 -9999 -999999 -99  1.000000  0.000000
1988 10  349.310 -99 -9999 -999999 -99  1.000000  0.000000
1988 11  350.880 -99 -9999 -999999 -99  1.000000  0.000000
1988 12  352.380 -99 -9999 -999999 -99  1.000000  0.000000
1989 01  353.600 -99 -9999 -999999 -99  1.000000  0.000000
1989 02  354.270 -99 -9999 -999999 -99  1.000000  0.000000
1989 03  354.910 -99 -9999 -999999 -99  1.000000  0.000000
1989 04  356.140 -99 -9999 -999999 -99  1.000000  0.000000
1989 05  356.950 -99 -9999 -999999 -99  1.000000  0.000000
1989 06  355.980 -99 -9999 -999999 -99  1.000000  0.000000
1989 07  353.670 -99 -9999 -999999 -99  1.000000  0.000000
1989 08  351.560 -99 -9999 -999999 -99  1.000000  0.000000
1989 09  350.630 -99 -9999 -999999 -99  1.000000  0.000000
1989 10  351.010 -99 -9999 -999999 -99  1.000000  0.000000
1989 11  352.280 -99 -9999 -999999 -99  1.000000  0.000000
1989 12  354.040 -99 -9999 -999999 -99  1.000000  0.000000
1990 01  354.870 -99 -9999 -999999 -99  1.000000  0.000000
1990 02  355.730 -99 -9999 -999999 -99  1.000000  0.000000
1990 03  356.870 -99 -9999 -999999 -99  1.000000  0.000000
1990 04  357.640 -99 -9999 -999999 -99  1.000000  0.000000
1990 05  357.900 -99 -9999 -999999 -99  1.000000  0.000000
1990 06  357.240 -99 -9999 -999999 -99  1.000000  0.000000
1990 07  354.650 -99 -9999 -999999 -99  1.000000  0.000000
1990 08  351.900 -99 -9999 -999999 -99  1.000000  0.000000
