REM01  EXPLANATORY 25-LINE FOR THE MONTHLY DATA
REM02  FILENAME: co2_cba_surface-flask_2_3001-9999_monthly.txt
REM03  STATION: Cold Bay (AK)
REM04  CATEGORY: GAW Regional
REM05  COUNTRY/TERRITORY: United States of America
REM06  SUBMITTED BY: NOAA
REM07  LATITUDE:   55 12' N
REM08  LONGITUDE: 162 43' W
REM09  ALTITUDE:       25 m
REM10  RATIO: 1.000000 0.000000
REM11  PARAMETER: CO2
REM12  COVERING PERIOD: October 1978 - December 2017
REM13  UNIT: ppm
REM14  ANALYSIS: NDIR(1978-10-01 - 2017-12-01)
REM15  SAMPLING TYPE: surface-flask
REM16  CLASSIFICATION: Background observation
REM17  CALIBRATION: WMO CO2 X2007(1978-10-01 - 2017-12-01)
REM18  TABLENAME: CBA455N002f1
REM19  CALCULATION: contributor
REM20  REGISTRATION: 2018-09-25
REM21
REM22  COMMENT: Dataset was made from entire historical data provided from contributor from 2018 new WDCGG website open onward
REM23
REM24 M      CO2   V    ND      SD   F   RATIO_A   RATIO_B
REM25        ppm
1978 10  333.930 -99 -9999 -999999 -99  1.000000  0.000000
1978 11  336.510 -99 -9999 -999999 -99  1.000000  0.000000
1978 12  338.280 -99 -9999 -999999 -99  1.000000  0.000000
1979 01  340.010 -99 -9999 -999999 -99  1.000000  0.000000
1979 02  340.820 -99 -9999 -999999 -99  1.000000  0.000000
1979 03  341.700 -99 -9999 -999999 -99  1.000000  0.000000
1979 04  342.880 -99 -9999 -999999 -99  1.000000  0.000000
1979 05  342.590 -99 -9999 -999999 -99  1.000000  0.000000
1979 06  338.710 -99 -9999 -999999 -99  1.000000  0.000000
1979 07  332.470 -99 -9999 -999999 -99  1.000000  0.000000
1979 08  327.940 -99 -9999 -999999 -99  1.000000  0.000000
1979 09  331.150 -99 -9999 -999999 -99  1.000000  0.000000
1979 10  336.740 -99 -9999 -999999 -99  1.000000  0.000000
1979 11  339.040 -99 -9999 -999999 -99  1.000000  0.000000
1979 12  339.770 -99 -9999 -999999 -99  1.000000  0.000000
1980 01  341.000 -99 -9999 -999999 -99  1.000000  0.000000
1980 02  342.750 -99 -9999 -999999 -99  1.000000  0.000000
1980 03  343.850 -99 -9999 -999999 -99  1.000000  0.000000
1980 04  344.390 -99 -9999 -999999 -99  1.000000  0.000000
1980 05  344.760 -99 -9999 -999999 -99  1.000000  0.000000
1980 06  341.910 -99 -9999 -999999 -99  1.000000  0.000000
1980 07  334.550 -99 -9999 -999999 -99  1.000000  0.000000
1980 08  330.590 -99 -9999 -999999 -99  1.000000  0.000000
1980 09  332.560 -99 -9999 -999999 -99  1.000000  0.000000
1980 10  337.260 -99 -9999 -999999 -99  1.000000  0.000000
1980 11  340.720 -99 -9999 -999999 -99  1.000000  0.000000
1980 12  342.300 -99 -9999 -999999 -99  1.000000  0.000000
1981 01  344.000 -99 -9999 -999999 -99  1.000000  0.000000
1981 02  345.030 -99 -9999 -999999 -99  1.000000  0.000000
1981 03  345.730 -99 -9999 -999999 -99  1.000000  0.000000
1981 04  346.410 -99 -9999 -999999 -99  1.000000  0.000000
1981 05  345.490 -99 -9999 -999999 -99  1.000000  0.000000
1981 06  342.240 -99 -9999 -999999 -99  1.000000  0.000000
1981 07  335.880 -99 -9999 -999999 -99  1.000000  0.000000
1981 08  331.100 -99 -9999 -999999 -99  1.000000  0.000000
1981 09  334.150 -99 -9999 -999999 -99  1.000000  0.000000
1981 10  340.020 -99 -9999 -999999 -99  1.000000  0.000000
1981 11  342.600 -99 -9999 -999999 -99  1.000000  0.000000
1981 12  344.070 -99 -9999 -999999 -99  1.000000  0.000000
1982 01  345.610 -99 -9999 -999999 -99  1.000000  0.000000
1982 02  346.440 -99 -9999 -999999 -99  1.000000  0.000000
1982 03  347.340 -99 -9999 -999999 -99  1.000000  0.000000
1982 04  348.070 -99 -9999 -999999 -99  1.000000  0.000000
1982 05  347.290 -99 -9999 -999999 -99  1.000000  0.000000
1982 06  343.180 -99 -9999 -999999 -99  1.000000  0.000000
1982 07  335.630 -99 -9999 -999999 -99  1.000000  0.000000
1982 08  330.750 -99 -9999 -999999 -99  1.000000  0.000000
1982 09  332.920 -99 -9999 -999999 -99  1.000000  0.000000
1982 10  338.750 -99 -9999 -999999 -99  1.000000  0.000000
1982 11  342.300 -99 -9999 -999999 -99  1.000000  0.000000
1982 12  345.170 -99 -9999 -999999 -99  1.000000  0.000000
1983 01  346.760 -99 -9999 -999999 -99  1.000000  0.000000
1983 02  346.490 -99 -9999 -999999 -99  1.000000  0.000000
1983 03  346.520 -99 -9999 -999999 -99  1.000000  0.000000
1983 04  347.390 -99 -9999 -999999 -99  1.000000  0.000000
1983 05  347.330 -99 -9999 -999999 -99  1.000000  0.000000
1983 06  344.230 -99 -9999 -999999 -99  1.000000  0.000000
1983 07  337.170 -99 -9999 -999999 -99  1.000000  0.000000
1983 08  333.200 -99 -9999 -999999 -99  1.000000  0.000000
1983 09  337.830 -99 -9999 -999999 -99  1.000000  0.000000
1983 10  343.500 -99 -9999 -999999 -99  1.000000  0.000000
1983 11  345.950 -99 -9999 -999999 -99  1.000000  0.000000
1983 12  346.330 -99 -9999 -999999 -99  1.000000  0.000000
1984 01  347.730 -99 -9999 -999999 -99  1.000000  0.000000
1984 02  349.480 -99 -9999 -999999 -99  1.000000  0.000000
1984 03  349.220 -99 -9999 -999999 -99  1.000000  0.000000
1984 04  349.520 -99 -9999 -999999 -99  1.000000  0.000000
1984 05  349.540 -99 -9999 -999999 -99  1.000000  0.000000
1984 06  344.910 -99 -9999 -999999 -99  1.000000  0.000000
1984 07  339.620 -99 -9999 -999999 -99  1.000000  0.000000
1984 08  337.790 -99 -9999 -999999 -99  1.000000  0.000000
1984 09  339.860 -99 -9999 -999999 -99  1.000000  0.000000
1984 10  344.330 -99 -9999 -999999 -99  1.000000  0.000000
1984 11  347.780 -99 -9999 -999999 -99  1.000000  0.000000
1984 12  348.960 -99 -9999 -999999 -99  1.000000  0.000000
1985 01  349.010 -99 -9999 -999999 -99  1.000000  0.000000
1985 02  350.040 -99 -9999 -999999 -99  1.000000  0.000000
1985 03  351.650 -99 -9999 -999999 -99  1.000000  0.000000
1985 04  352.450 -99 -9999 -999999 -99  1.000000  0.000000
1985 05  352.160 -99 -9999 -999999 -99  1.000000  0.000000
1985 06  349.580 -99 -9999 -999999 -99  1.000000  0.000000
1985 07  343.850 -99 -9999 -999999 -99  1.000000  0.000000
1985 08  337.910 -99 -9999 -999999 -99  1.000000  0.000000
1985 09  338.680 -99 -9999 -999999 -99  1.000000  0.000000
1985 10  344.690 -99 -9999 -999999 -99  1.000000  0.000000
1985 11  347.790 -99 -9999 -999999 -99  1.000000  0.000000
1985 12  349.100 -99 -9999 -999999 -99  1.000000  0.000000
1986 01  351.410 -99 -9999 -999999 -99  1.000000  0.000000
1986 02  352.190 -99 -9999 -999999 -99  1.000000  0.000000
1986 03  352.300 -99 -9999 -999999 -99  1.000000  0.000000
1986 04  353.220 -99 -9999 -999999 -99  1.000000  0.000000
1986 05  353.360 -99 -9999 -999999 -99  1.000000  0.000000
1986 06  350.950 -99 -9999 -999999 -99  1.000000  0.000000
1986 07  343.670 -99 -9999 -999999 -99  1.000000  0.000000
1986 08  338.430 -99 -9999 -999999 -99  1.000000  0.000000
1986 09  341.100 -99 -9999 -999999 -99  1.000000  0.000000
1986 10  346.130 -99 -9999 -999999 -99  1.000000  0.000000
1986 11  349.180 -99 -9999 -999999 -99  1.000000  0.000000
1986 12  351.470 -99 -9999 -999999 -99  1.000000  0.000000
1987 01  352.370 -99 -9999 -999999 -99  1.000000  0.000000
1987 02  352.720 -99 -9999 -999999 -99  1.000000  0.000000
1987 03  353.750 -99 -9999 -999999 -99  1.000000  0.000000
1987 04  354.990 -99 -9999 -999999 -99  1.000000  0.000000
1987 05  354.930 -99 -9999 -999999 -99  1.000000  0.000000
1987 06  352.410 -99 -9999 -999999 -99  1.000000  0.000000
1987 07  345.920 -99 -9999 -999999 -99  1.000000  0.000000
1987 08  339.820 -99 -9999 -999999 -99  1.000000  0.000000
1987 09  342.020 -99 -9999 -999999 -99  1.000000  0.000000
1987 10  349.200 -99 -9999 -999999 -99  1.000000  0.000000
1987 11  352.660 -99 -9999 -999999 -99  1.000000  0.000000
1987 12  353.860 -99 -9999 -999999 -99  1.000000  0.000000
1988 01  355.120 -99 -9999 -999999 -99  1.000000  0.000000
1988 02  355.780 -99 -9999 -999999 -99  1.000000  0.000000
1988 03  356.510 -99 -9999 -999999 -99  1.000000  0.000000
1988 04  357.520 -99 -9999 -999999 -99  1.000000  0.000000
1988 05  357.530 -99 -9999 -999999 -99  1.000000  0.000000
1988 06  353.170 -99 -9999 -999999 -99  1.000000  0.000000
1988 07  344.720 -99 -9999 -999999 -99  1.000000  0.000000
1988 08  341.300 -99 -9999 -999999 -99  1.000000  0.000000
1988 09  346.190 -99 -9999 -999999 -99  1.000000  0.000000
1988 10  351.650 -99 -9999 -999999 -99  1.000000  0.000000
1988 11  354.870 -99 -9999 -999999 -99  1.000000  0.000000
1988 12  356.630 -99 -9999 -999999 -99  1.000000  0.000000
1989 01  357.760 -99 -9999 -999999 -99  1.000000  0.000000
1989 02  358.310 -99 -9999 -999999 -99  1.000000  0.000000
1989 03  359.640 -99 -9999 -999999 -99  1.000000  0.000000
1989 04  360.960 -99 -9999 -999999 -99  1.000000  0.000000
1989 05  359.750 -99 -9999 -999999 -99  1.000000  0.000000
1989 06  355.200 -99 -9999 -999999 -99  1.000000  0.000000
1989 07  348.050 -99 -9999 -999999 -99  1.000000  0.000000
1989 08  343.110 -99 -9999 -999999 -99  1.000000  0.000000
1989 09  346.530 -99 -9999 -999999 -99  1.000000  0.000000
1989 10  351.850 -99 -9999 -999999 -99  1.000000  0.000000
1989 11  355.720 -99 -9999 -999999 -99  1.000000  0.000000
1989 12  358.550 -99 -9999 -999999 -99  1.000000  0.000000
1990 01  359.850 -99 -9999 -999999 -99  1.000000  0.000000
1990 02  360.120 -99 -9999 -999999 -99  1.000000  0.000000
1990 03  360.470 -99 -9999 -999999 -99  1.000000  0.000000
1990 04  360.730 -99 -9999 -999999 -99  1.000000  0.000000
1990 05  359.300 -99 -9999 -999999 -99  1.000000  0.000000
1990 06  354.210 -99 -9999 -999999 -99  1.000000  0.000000
1990 07  348.260 -99 -9999 -999999 -99  1.000000  0.000000
1990 08  344.770 -99 -9999 -999999 -99  1.000000  0.000000
1990 09  346.990 -99 -9999 -999999 -99  1.000000  0.000000
1990 10  354.020 -99 -9999 -999999 -99  1.000000  0.000000
1990 11  359.390 -99 -9999 -999999 -99  1.000000  0.000000
1990 12  359.690 -99 -9999 -999999 -99  1.000000  0.000000
1991 01  359.590 -99 -9999 -999999 -99  1.000000  0.000000
1991 02  360.880 -99 -9999 -999999 -99  1.000000  0.000000
1991 03  361.930 -99 -9999 -999999 -99  1.000000  0.000000
1991 04  363.030 -99 -9999 -999999 -99  1.000000  0.000000
1991 05  362.490 -99 -9999 -999999 -99  1.000000  0.000000
1991 06  357.460 -99 -9999 -999999 -99  1.000000  0.000000
1991 07  351.230 -99 -9999 -999999 -99  1.000000  0.000000
1991 08  348.940 -99 -9999 -999999 -99  1.000000  0.000000
1991 09  349.660 -99 -9999 -999999 -99  1.000000  0.000000
1991 10  354.410 -99 -9999 -999999 -99  1.000000  0.000000
1991 11  359.630 -99 -9999 -999999 -99  1.000000  0.000000
1991 12  361.000 -99 -9999 -999999 -99  1.000000  0.000000
1992 01  361.620 -99 -9999 -999999 -99  1.000000  0.000000
1992 02  362.070 -99 -9999 -999999 -99  1.000000  0.000000
1992 03  362.390 -99 -9999 -999999 -99  1.000000  0.000000
1992 04  363.250 -99 -9999 -999999 -99  1.000000  0.000000
1992 05  362.530 -99 -9999 -999999 -99  1.000000  0.000000
1992 06  358.170 -99 -9999 -999999 -99  1.000000  0.000000
1992 07  350.940 -99 -9999 -999999 -99  1.000000  0.000000
1992 08  346.710 -99 -9999 -999999 -99  1.000000  0.000000
1992 09  349.440 -99 -9999 -999999 -99  1.000000  0.000000
1992 10  355.150 -99 -9999 -999999 -99  1.000000  0.000000
1992 11  358.370 -99 -9999 -999999 -99  1.000000  0.000000
1992 12  360.700 -99 -9999 -999999 -99  1.000000  0.000000
1993 01  361.830 -99 -9999 -999999 -99  1.000000  0.000000
1993 02  362.170 -99 -9999 -999999 -99  1.000000  0.000000
1993 03  362.490 -99 -9999 -999999 -99  1.000000  0.000000
1993 04  362.940 -99 -9999 -999999 -99  1.000000  0.000000
1993 05  362.340 -99 -9999 -999999 -99  1.000000  0.000000
1993 06  358.380 -99 -9999 -999999 -99  1.000000  0.000000
1993 07  352.850 -99 -9999 -999999 -99  1.000000  0.000000
1993 08  348.820 -99 -9999 -999999 -99  1.000000  0.000000
1993 09  350.020 -99 -9999 -999999 -99  1.000000  0.000000
1993 10  355.670 -99 -9999 -999999 -99  1.000000  0.000000
1993 11  358.850 -99 -9999 -999999 -99  1.000000  0.000000
1993 12  360.360 -99 -9999 -999999 -99  1.000000  0.000000
1994 01  361.790 -99 -9999 -999999 -99  1.000000  0.000000
1994 02  362.820 -99 -9999 -999999 -99  1.000000  0.000000
1994 03  363.700 -99 -9999 -999999 -99  1.000000  0.000000
1994 04  364.400 -99 -9999 -999999 -99  1.000000  0.000000
1994 05  364.510 -99 -9999 -999999 -99  1.000000  0.000000
1994 06  361.280 -99 -9999 -999999 -99  1.000000  0.000000
1994 07  352.690 -99 -9999 -999999 -99  1.000000  0.000000
1994 08  347.630 -99 -9999 -999999 -99  1.000000  0.000000
1994 09  351.700 -99 -9999 -999999 -99  1.000000  0.000000
1994 10  357.360 -99 -9999 -999999 -99  1.000000  0.000000
1994 11  361.100 -99 -9999 -999999 -99  1.000000  0.000000
1994 12  363.390 -99 -9999 -999999 -99  1.000000  0.000000
1995 01  364.720 -99 -9999 -999999 -99  1.000000  0.000000
1995 02  364.890 -99 -9999 -999999 -99  1.000000  0.000000
1995 03  365.430 -99 -9999 -999999 -99  1.000000  0.000000
1995 04  366.760 -99 -9999 -999999 -99  1.000000  0.000000
1995 05  366.100 -99 -9999 -999999 -99  1.000000  0.000000
1995 06  361.900 -99 -9999 -999999 -99  1.000000  0.000000
1995 07  355.180 -99 -9999 -999999 -99  1.000000  0.000000
1995 08  351.350 -99 -9999 -999999 -99  1.000000  0.000000
1995 09  355.500 -99 -9999 -999999 -99  1.000000  0.000000
1995 10  359.930 -99 -9999 -999999 -99  1.000000  0.000000
1995 11  362.660 -99 -9999 -999999 -99  1.000000  0.000000
1995 12  364.650 -99 -9999 -999999 -99  1.000000  0.000000
1996 01  365.520 -99 -9999 -999999 -99  1.000000  0.000000
1996 02  366.540 -99 -9999 -999999 -99  1.000000  0.000000
1996 03  368.180 -99 -9999 -999999 -99  1.000000  0.000000
1996 04  368.740 -99 -9999 -999999 -99  1.000000  0.000000
1996 05  367.600 -99 -9999 -999999 -99  1.000000  0.000000
1996 06  365.140 -99 -9999 -999999 -99  1.000000  0.000000
1996 07  359.330 -99 -9999 -999999 -99  1.000000  0.000000
1996 08  354.300 -99 -9999 -999999 -99  1.000000  0.000000
1996 09  355.770 -99 -9999 -999999 -99  1.000000  0.000000
1996 10  360.740 -99 -9999 -999999 -99  1.000000  0.000000
1996 11  364.020 -99 -9999 -999999 -99  1.000000  0.000000
1996 12  366.240 -99 -9999 -999999 -99  1.000000  0.000000
1997 01  367.630 -99 -9999 -999999 -99  1.000000  0.000000
1997 02  368.620 -99 -9999 -999999 -99  1.000000  0.000000
1997 03  369.990 -99 -9999 -999999 -99  1.000000  0.000000
1997 04  370.850 -99 -9999 -999999 -99  1.000000  0.000000
1997 05  370.060 -99 -9999 -999999 -99  1.000000  0.000000
1997 06  366.600 -99 -9999 -999999 -99  1.000000  0.000000
2000 12  374.160 -99 -9999 -999999 -99  1.000000  0.000000
2001 01  375.710 -99 -9999 -999999 -99  1.000000  0.000000
2001 02  376.500 -99 -9999 -999999 -99  1.000000  0.000000
2001 03  377.220 -99 -9999 -999999 -99  1.000000  0.000000
2001 04  378.360 -99 -9999 -999999 -99  1.000000  0.000000
2001 05  377.310 -99 -9999 -999999 -99  1.000000  0.000000
2001 06  371.720 -99 -9999 -999999 -99  1.000000  0.000000
2001 07  365.230 -99 -9999 -999999 -99  1.000000  0.000000
2001 08  361.420 -99 -9999 -999999 -99  1.000000  0.000000
2001 09  364.050 -99 -9999 -999999 -99  1.000000  0.000000
2001 10  369.960 -99 -9999 -999999 -99  1.000000  0.000000
2001 11  373.780 -99 -9999 -999999 -99  1.000000  0.000000
2001 12  375.730 -99 -9999 -999999 -99  1.000000  0.000000
2002 01  377.110 -99 -9999 -999999 -99  1.000000  0.000000
2002 02  377.960 -99 -9999 -999999 -99  1.000000  0.000000
2002 03  378.530 -99 -9999 -999999 -99  1.000000  0.000000
2002 04  378.730 -99 -9999 -999999 -99  1.000000  0.000000
2002 05  377.540 -99 -9999 -999999 -99  1.000000  0.000000
2002 06  372.760 -99 -9999 -999999 -99  1.000000  0.000000
2002 07  366.510 -99 -9999 -999999 -99  1.000000  0.000000
2002 08  364.750 -99 -9999 -999999 -99  1.000000  0.000000
2002 09  367.830 -99 -9999 -999999 -99  1.000000  0.000000
2002 10  372.520 -99 -9999 -999999 -99  1.000000  0.000000
2002 11  375.350 -99 -9999 -999999 -99  1.000000  0.000000
2002 12  377.230 -99 -9999 -999999 -99  1.000000  0.000000
2003 01  378.840 -99 -9999 -999999 -99  1.000000  0.000000
2003 02  380.010 -99 -9999 -999999 -99  1.000000  0.000000
2003 03  380.800 -99 -9999 -999999 -99  1.000000  0.000000
2003 04  381.950 -99 -9999 -999999 -99  1.000000  0.000000
2003 05  382.150 -99 -9999 -999999 -99  1.000000  0.000000
2003 06  378.320 -99 -9999 -999999 -99  1.000000  0.000000
2003 07  371.240 -99 -9999 -999999 -99  1.000000  0.000000
2003 08  367.300 -99 -9999 -999999 -99  1.000000  0.000000
2003 09  369.610 -99 -9999 -999999 -99  1.000000  0.000000
2003 10  374.850 -99 -9999 -999999 -99  1.000000  0.000000
2003 11  378.670 -99 -9999 -999999 -99  1.000000  0.000000
2003 12  380.730 -99 -9999 -999999 -99  1.000000  0.000000
2004 01  381.610 -99 -9999 -999999 -99  1.000000  0.000000
2004 02  382.400 -99 -9999 -999999 -99  1.000000  0.000000
2004 03  383.430 -99 -9999 -999999 -99  1.000000  0.000000
2004 04  384.270 -99 -9999 -999999 -99  1.000000  0.000000
2004 05  383.750 -99 -9999 -999999 -99  1.000000  0.000000
2004 06  379.210 -99 -9999 -999999 -99  1.000000  0.000000
2004 07  372.500 -99 -9999 -999999 -99  1.000000  0.000000
2004 08  369.080 -99 -9999 -999999 -99  1.000000  0.000000
2004 09  370.770 -99 -9999 -999999 -99  1.000000  0.000000
2004 10  376.540 -99 -9999 -999999 -99  1.000000  0.000000
2004 11  380.690 -99 -9999 -999999 -99  1.000000  0.000000
2004 12  382.470 -99 -9999 -999999 -99  1.000000  0.000000
2005 01  383.610 -99 -9999 -999999 -99  1.000000  0.000000
2005 02  384.550 -99 -9999 -999999 -99  1.000000  0.000000
2005 03  385.330 -99 -9999 -999999 -99  1.000000  0.000000
2005 04  385.430 -99 -9999 -999999 -99  1.000000  0.000000
2005 05  384.940 -99 -9999 -999999 -99  1.000000  0.000000
2005 06  381.580 -99 -9999 -999999 -99  1.000000  0.000000
2005 07  373.860 -99 -9999 -999999 -99  1.000000  0.000000
2005 08  369.910 -99 -9999 -999999 -99  1.000000  0.000000
2005 09  374.330 -99 -9999 -999999 -99  1.000000  0.000000
2005 10  380.380 -99 -9999 -999999 -99  1.000000  0.000000
2005 11  384.270 -99 -9999 -999999 -99  1.000000  0.000000
2005 12  385.680 -99 -9999 -999999 -99  1.000000  0.000000
2006 01  386.370 -99 -9999 -999999 -99  1.000000  0.000000
2006 02  387.400 -99 -9999 -999999 -99  1.000000  0.000000
2006 03  388.070 -99 -9999 -999999 -99  1.000000  0.000000
2006 04  388.910 -99 -9999 -999999 -99  1.000000  0.000000
2006 05  389.180 -99 -9999 -999999 -99  1.000000  0.000000
2006 06  385.270 -99 -9999 -999999 -99  1.000000  0.000000
2006 07  378.240 -99 -9999 -999999 -99  1.000000  0.000000
2006 08  372.470 -99 -9999 -999999 -99  1.000000  0.000000
2006 09  376.080 -99 -9999 -999999 -99  1.000000  0.000000
2006 10  382.650 -99 -9999 -999999 -99  1.000000  0.000000
2006 11  385.560 -99 -9999 -999999 -99  1.000000  0.000000
2006 12  387.260 -99 -9999 -999999 -99  1.000000  0.000000
2007 01  388.420 -99 -9999 -999999 -99  1.000000  0.000000
2007 02  389.520 -99 -9999 -999999 -99  1.000000  0.000000
2007 03  390.470 -99 -9999 -999999 -99  1.000000  0.000000
2007 04  389.620 -99 -9999 -999999 -99  1.000000  0.000000
2007 05  388.400 -99 -9999 -999999 -99  1.000000  0.000000
2007 06  384.410 -99 -9999 -999999 -99  1.000000  0.000000
2007 07  377.020 -99 -9999 -999999 -99  1.000000  0.000000
2007 08  373.810 -99 -9999 -999999 -99  1.000000  0.000000
2007 09  377.700 -99 -9999 -999999 -99  1.000000  0.000000
2007 10  383.960 -99 -9999 -999999 -99  1.000000  0.000000
2007 11  387.880 -99 -9999 -999999 -99  1.000000  0.000000
2007 12  388.920 -99 -9999 -999999 -99  1.000000  0.000000
2009 05  393.390 -99 -9999 -999999 -99  1.000000  0.000000
2009 06  389.040 -99 -9999 -999999 -99  1.000000  0.000000
2009 07  380.010 -99 -9999 -999999 -99  1.000000  0.000000
2009 08  376.060 -99 -9999 -999999 -99  1.000000  0.000000
2009 09  382.160 -99 -9999 -999999 -99  1.000000  0.000000
2009 10  390.040 -99 -9999 -999999 -99  1.000000  0.000000
2009 11  391.710 -99 -9999 -999999 -99  1.000000  0.000000
2009 12  391.580 -99 -9999 -999999 -99  1.000000  0.000000
2010 01  393.090 -99 -9999 -999999 -99  1.000000  0.000000
2010 02  393.820 -99 -9999 -999999 -99  1.000000  0.000000
2010 03  394.800 -99 -9999 -999999 -99  1.000000  0.000000
2010 04  395.760 -99 -9999 -999999 -99  1.000000  0.000000
2010 05  395.040 -99 -9999 -999999 -99  1.000000  0.000000
2010 06  389.620 -99 -9999 -999999 -99  1.000000  0.000000
2010 07  380.830 -99 -9999 -999999 -99  1.000000  0.000000
2010 08  378.900 -99 -9999 -999999 -99  1.000000  0.000000
2010 09  383.890 -99 -9999 -999999 -99  1.000000  0.000000
2010 10  389.800 -99 -9999 -999999 -99  1.000000  0.000000
2010 11  394.200 -99 -9999 -999999 -99  1.000000  0.000000
2010 12  395.950 -99 -9999 -999999 -99  1.000000  0.000000
2011 01  396.120 -99 -9999 -999999 -99  1.000000  0.000000
2011 02  396.770 -99 -9999 -999999 -99  1.000000  0.000000
2011 03  397.660 -99 -9999 -999999 -99  1.000000  0.000000
2011 04  398.300 -99 -9999 -999999 -99  1.000000  0.000000
2011 05  397.980 -99 -9999 -999999 -99  1.000000  0.000000
2011 06  393.760 -99 -9999 -999999 -99  1.000000  0.000000
2011 07  385.000 -99 -9999 -999999 -99  1.000000  0.000000
2011 08  380.190 -99 -9999 -999999 -99  1.000000  0.000000
2011 09  384.490 -99 -9999 -999999 -99  1.000000  0.000000
2011 10  390.810 -99 -9999 -999999 -99  1.000000  0.000000
2011 11  395.030 -99 -9999 -999999 -99  1.000000  0.000000
2011 12  397.370 -99 -9999 -999999 -99  1.000000  0.000000
2012 01  398.450 -99 -9999 -999999 -99  1.000000  0.000000
2012 02  399.370 -99 -9999 -999999 -99  1.000000  0.000000
2012 03  400.160 -99 -9999 -999999 -99  1.000000  0.000000
2012 04  400.480 -99 -9999 -999999 -99  1.000000  0.000000
2012 05  400.050 -99 -9999 -999999 -99  1.000000  0.000000
2012 06  394.900 -99 -9999 -999999 -99  1.000000  0.000000
2012 07  386.910 -99 -9999 -999999 -99  1.000000  0.000000
2012 08  384.550 -99 -9999 -999999 -99  1.000000  0.000000
2012 09  390.070 -99 -9999 -999999 -99  1.000000  0.000000
2012 10  395.330 -99 -9999 -999999 -99  1.000000  0.000000
2012 11  399.100 -99 -9999 -999999 -99  1.000000  0.000000
2013 07  389.120 -99 -9999 -999999 -99  1.000000  0.000000
2013 08  386.960 -99 -9999 -999999 -99  1.000000  0.000000
2013 09  390.460 -99 -9999 -999999 -99  1.000000  0.000000
2013 10  396.590 -99 -9999 -999999 -99  1.000000  0.000000
2013 11  399.820 -99 -9999 -999999 -99  1.000000  0.000000
2013 12  401.290 -99 -9999 -999999 -99  1.000000  0.000000
2014 01  402.840 -99 -9999 -999999 -99  1.000000  0.000000
2014 02  403.800 -99 -9999 -999999 -99  1.000000  0.000000
2014 03  404.620 -99 -9999 -999999 -99  1.000000  0.000000
2014 04  405.450 -99 -9999 -999999 -99  1.000000  0.000000
2014 05  405.000 -99 -9999 -999999 -99  1.000000  0.000000
2014 06  401.950 -99 -9999 -999999 -99  1.000000  0.000000
2014 07  395.370 -99 -9999 -999999 -99  1.000000  0.000000
2014 08  391.140 -99 -9999 -999999 -99  1.000000  0.000000
2014 09  392.950 -99 -9999 -999999 -99  1.000000  0.000000
2014 10  398.020 -99 -9999 -999999 -99  1.000000  0.000000
2014 11  402.650 -99 -9999 -999999 -99  1.000000  0.000000
2014 12  404.880 -99 -9999 -999999 -99  1.000000  0.000000
2015 01  405.120 -99 -9999 -999999 -99  1.000000  0.000000
2015 02  405.400 -99 -9999 -999999 -99  1.000000  0.000000
2015 03  406.380 -99 -9999 -999999 -99  1.000000  0.000000
2015 04  407.540 -99 -9999 -999999 -99  1.000000  0.000000
2015 05  407.600 -99 -9999 -999999 -99  1.000000  0.000000
2015 06  403.950 -99 -9999 -999999 -99  1.000000  0.000000
2015 07  395.300 -99 -9999 -999999 -99  1.000000  0.000000
2015 08  390.910 -99 -9999 -999999 -99  1.000000  0.000000
2015 09  395.320 -99 -9999 -999999 -99  1.000000  0.000000
2015 10  400.710 -99 -9999 -999999 -99  1.000000  0.000000
2015 11  403.940 -99 -9999 -999999 -99  1.000000  0.000000
2015 12  406.810 -99 -9999 -999999 -99  1.000000  0.000000
2016 01  408.970 -99 -9999 -999999 -99  1.000000  0.000000
2016 02  410.060 -99 -9999 -999999 -99  1.000000  0.000000
2016 03  410.110 -99 -9999 -999999 -99  1.000000  0.000000
2016 04  410.450 -99 -9999 -999999 -99  1.000000  0.000000
2016 05  411.220 -99 -9999 -999999 -99  1.000000  0.000000
2016 06  407.680 -99 -9999 -999999 -99  1.000000  0.000000
2016 07  400.240 -99 -9999 -999999 -99  1.000000  0.000000
2016 08  397.060 -99 -9999 -999999 -99  1.000000  0.000000
2016 09  400.610 -99 -9999 -999999 -99  1.000000  0.000000
2016 10  405.060 -99 -9999 -999999 -99  1.000000  0.000000
2016 11  408.050 -99 -9999 -999999 -99  1.000000  0.000000
2016 12  410.070 -99 -9999 -999999 -99  1.000000  0.000000
2017 01  411.090 -99 -9999 -999999 -99  1.000000  0.000000
2017 02  412.030 -99 -9999 -999999 -99  1.000000  0.000000
2017 03  412.900 -99 -9999 -999999 -99  1.000000  0.000000
2017 04  413.190 -99 -9999 -999999 -99  1.000000  0.000000
2017 05  413.210 -99 -9999 -999999 -99  1.000000  0.000000
2017 06  409.150 -99 -9999 -999999 -99  1.000000  0.000000
2017 07  402.510 -99 -9999 -999999 -99  1.000000  0.000000
2017 08  399.390 -99 -9999 -999999 -99  1.000000  0.000000
2017 09  401.750 -99 -9999 -999999 -99  1.000000  0.000000
2017 10  405.610 -99 -9999 -999999 -99  1.000000  0.000000
2017 11  409.580 -99 -9999 -999999 -99  1.000000  0.000000
2017 12  412.180 -99 -9999 -999999 -99  1.000000  0.000000
