REM01  EXPLANATORY 25-LINE FOR THE MONTHLY DATA
REM02  FILENAME: co2_cdl_surface-insitu_20_9999-9999_monthly.txt
REM03  STATION: Candle Lake
REM04  CATEGORY: GAW Regional
REM05  COUNTRY/TERRITORY: Canada
REM06  SUBMITTED BY: ECCC
REM07  LATITUDE:   53 59' N
REM08  LONGITUDE: 105 07' W
REM09  ALTITUDE:      591 m
REM10  RATIO: 1.000000 0.000000
REM11  PARAMETER: CO2
REM12  COVERING PERIOD: August 2002 - December 2010
REM13  UNIT: ppm
REM14  ANALYSIS: NDIR(2002-08-01 - 2010-12-01)
REM15  SAMPLING TYPE: surface-insitu
REM16  CLASSIFICATION: Background observation
REM17  CALIBRATION: WMO CO2 X2007(2002-08-01 - 2010-12-01)
REM18  TABLENAME: CDL453N020iz
REM19  CALCULATION: contributor
REM20  REGISTRATION: 2018-10-25
REM21
REM22  COMMENT: Dataset was made from entire historical data provided from contributor from 2018 new WDCGG website open onward
REM23
REM24 M      CO2   V    ND      SD   F   RATIO_A   RATIO_B
REM25        ppm
2002 08  369.490 -99    45   5.611   1  1.000000  0.000000
2002 09  367.240 -99   960   5.260   1  1.000000  0.000000
2002 10  376.120 -99  1044   3.236   1  1.000000  0.000000
2002 11  382.380 -99  1068   2.003   1  1.000000  0.000000
2002 12  382.040 -99   932   1.993   1  1.000000  0.000000
2003 01  380.890 -99   751   2.239   1  1.000000  0.000000
2003 02  380.680 -99   541   1.006   1  1.000000  0.000000
2003 03  381.670 -99   669   1.187   1  1.000000  0.000000
2003 04  381.200 -99  1010   1.405   1  1.000000  0.000000
2003 05  378.290 -99   995   2.113   1  1.000000  0.000000
2003 06  372.600 -99   899   3.223   1  1.000000  0.000000
2003 07  365.120 -99   967   3.735   1  1.000000  0.000000
2003 08  364.510 -99   425   3.030   1  1.000000  0.000000
2003 09  369.990 -99   528   2.569   1  1.000000  0.000000
2003 10  377.950 -99   946   3.722   1  1.000000  0.000000
2003 11  381.600 -99   886   2.868   1  1.000000  0.000000
2003 12  383.880 -99   819   2.105   1  1.000000  0.000000
2004 01  383.420 -99   904   1.477   1  1.000000  0.000000
2004 02  384.590 -99  1012   1.884   1  1.000000  0.000000
2004 03  384.340 -99  1057   1.562   1  1.000000  0.000000
2004 04  383.180 -99   996   1.281   1  1.000000  0.000000
2004 05  381.700 -99  1031   1.422   1  1.000000  0.000000
2004 06  375.590 -99  1019   2.577   1  1.000000  0.000000
2004 07  367.140 -99   741   4.909   1  1.000000  0.000000
2004 08  362.730 -99   999   3.346   1  1.000000  0.000000
2004 09  370.120 -99  1033   4.370   1  1.000000  0.000000
2004 10  379.220 -99   982   5.383   1  1.000000  0.000000
2004 11  382.390 -99   900   2.280   1  1.000000  0.000000
2004 12  384.330 -99  1105   1.770   1  1.000000  0.000000
2005 01  385.700 -99  1166   1.416   1  1.000000  0.000000
2005 02  385.820 -99   817   1.925   1  1.000000  0.000000
2005 03  385.820 -99  1030   1.201   1  1.000000  0.000000
2005 04  384.760 -99  1231   2.227   1  1.000000  0.000000
2005 05  382.650 -99  1075   1.979   1  1.000000  0.000000
2005 06  375.120 -99   947   4.292   1  1.000000  0.000000
2005 07  366.370 -99   420   3.738   1  1.000000  0.000000
2005 08  369.060 -99  1075   4.741   1  1.000000  0.000000
2005 09  370.550 -99   155   3.863   1  1.000000  0.000000
2005 10  381.770 -99   998   3.367   1  1.000000  0.000000
2005 11  384.970 -99  1195   2.343   1  1.000000  0.000000
2005 12  387.160 -99  1239   2.709   1  1.000000  0.000000
2006 01  388.880 -99  1280   1.824   1  1.000000  0.000000
2006 02  387.670 -99  1175   1.354   1  1.000000  0.000000
2006 03  387.330 -99   948   0.843   1  1.000000  0.000000
2006 04  386.850 -99  1242   1.470   1  1.000000  0.000000
2006 05  383.510 -99  1302   2.850   1  1.000000  0.000000
2006 06  377.200 -99  1185   4.110   1  1.000000  0.000000
2006 07  371.850 -99  1154   5.314   1  1.000000  0.000000
2006 08  371.390 -99  1034   3.921   1  1.000000  0.000000
2006 09  375.430 -99  1080   4.519   1  1.000000  0.000000
2006 10  382.460 -99  1134   2.592   1  1.000000  0.000000
2006 11  387.100 -99  1158   2.009   1  1.000000  0.000000
2006 12  389.680 -99  1193   1.840   1  1.000000  0.000000
2007 01  390.280 -99   963   1.742   1  1.000000  0.000000
2007 02  389.570 -99   617   1.066   1  1.000000  0.000000
2007 03  390.420 -99  1077   1.650   1  1.000000  0.000000
2007 04  388.420 -99   947   1.465   1  1.000000  0.000000
2007 05  385.610 -99  1084   2.328   1  1.000000  0.000000
2007 06  379.530 -99  1130   3.611   1  1.000000  0.000000
2007 07  375.590 -99  1159   5.317   1  1.000000  0.000000
2007 08  370.430 -99  1045   4.265   1  1.000000  0.000000
2007 09  377.910 -99  1166   4.120   1  1.000000  0.000000
2007 10  385.760 -99  1173   4.091   1  1.000000  0.000000
2007 11  389.990 -99  1148   2.437   1  1.000000  0.000000
2007 12  393.580 -99  1183   3.125   1  1.000000  0.000000
2008 01  393.940 -99  1062   2.223   1  1.000000  0.000000
2008 02  394.840 -99   858   3.303   1  1.000000  0.000000
2008 03  393.350 -99  1129   1.034   1  1.000000  0.000000
2008 04  394.190 -99   686   1.974   1  1.000000  0.000000
2008 05  390.500 -99  1016   1.643   1  1.000000  0.000000
2009 01  394.390 -99  1195   2.520   1  1.000000  0.000000
2009 02  394.060 -99   731   2.039   1  1.000000  0.000000
2009 03  394.880 -99  1190   1.449   1  1.000000  0.000000
2009 04  394.580 -99  1110   1.056   1  1.000000  0.000000
2009 05  391.780 -99  1189   1.616   1  1.000000  0.000000
2009 06  385.950 -99  1012   3.795   1  1.000000  0.000000
2009 07  374.920 -99   820   5.457   1  1.000000  0.000000
2009 08  372.250 -99   892   4.641   1  1.000000  0.000000
2009 09  380.090 -99   883   3.581   1  1.000000  0.000000
2009 10  387.500 -99  1117   4.740   1  1.000000  0.000000
2009 11  392.630 -99   897   2.238   1  1.000000  0.000000
2009 12  394.450 -99  1165   1.785   1  1.000000  0.000000
2010 01  396.180 -99  1105   2.513   1  1.000000  0.000000
2010 02  397.110 -99  1072   2.229   1  1.000000  0.000000
2010 03  396.900 -99  1165   2.108   1  1.000000  0.000000
2010 04  394.610 -99   908   1.468   1  1.000000  0.000000
2010 05  391.550 -99  1131   1.621   1  1.000000  0.000000
2010 06  384.870 -99   970   4.159   1  1.000000  0.000000
2010 07  378.790 -99  1107   4.628   1  1.000000  0.000000
2010 08  378.840 -99   823   4.060   1  1.000000  0.000000
2010 09  384.660 -99   917   5.685   1  1.000000  0.000000
2010 10  392.560 -99  1192   4.060   1  1.000000  0.000000
2010 11  396.470 -99   924   3.706   1  1.000000  0.000000
2010 12  400.010 -99  1096   2.722   1  1.000000  0.000000
