REM01  EXPLANATORY 25-LINE FOR THE MONTHLY DATA
REM02  FILENAME: co2_cfa_surface-flask_16_9999-9999_monthly.txt
REM03  STATION: Cape Ferguson
REM04  CATEGORY: GAW Regional
REM05  COUNTRY/TERRITORY: Australia
REM06  SUBMITTED BY: CSIRO
REM07  LATITUDE:   19 17' S
REM08  LONGITUDE: 147 04' E
REM09  ALTITUDE:        2 m
REM10  RATIO: 1.000000 0.000000
REM11  PARAMETER: CO2
REM12  COVERING PERIOD: June 1991 - December 2017
REM13  UNIT: ppm
REM14  ANALYSIS: Gas chromatography (FID)(1991-06-01 - 2017-12-01)
REM15  SAMPLING TYPE: surface-flask
REM16  CLASSIFICATION: Background observation
REM17  CALIBRATION: WMO CO2 X2007(1991-06-01 - 2017-12-01)
REM18  TABLENAME: CFA519S016fz
REM19  CALCULATION: contributor
REM20  REGISTRATION: 2018-10-18
REM21
REM22  COMMENT: Dataset was made from entire historical data provided from contributor from 2018 new WDCGG website open onward
REM23
REM24 M      CO2   V    ND      SD   F   RATIO_A   RATIO_B
REM25        ppm
1991 06  353.543 -99     3   0.107 -99  1.000000  0.000000
1991 07  353.307 -99     6   0.318 -99  1.000000  0.000000
1991 08  353.326 -99     3   0.411 -99  1.000000  0.000000
1991 09  354.663 -99     6   0.571 -99  1.000000  0.000000
1991 10  355.705 -99     6   1.751 -99  1.000000  0.000000
1991 11  355.293 -99     5   0.779 -99  1.000000  0.000000
1991 12  355.329 -99     0   0.066 -99  1.000000  0.000000
1992 01  355.000 -99     6   0.870 -99  1.000000  0.000000
1992 02  354.490 -99     3   0.125 -99  1.000000  0.000000
1992 03  354.305 -99     6   0.467 -99  1.000000  0.000000
1992 04  354.145 -99     6   0.152 -99  1.000000  0.000000
1992 05  354.237 -99     3   0.099 -99  1.000000  0.000000
1992 06  353.736 -99     5   1.506 -99  1.000000  0.000000
1992 07  354.179 -99     3   0.459 -99  1.000000  0.000000
1992 08  355.510 -99     3   0.389 -99  1.000000  0.000000
1992 09  356.344 -99     3   0.213 -99  1.000000  0.000000
1992 10  356.161 -99     5   1.840 -99  1.000000  0.000000
1992 11  355.858 -99     3   0.239 -99  1.000000  0.000000
1992 12  355.875 -99     8   1.201 -99  1.000000  0.000000
1993 01  355.270 -99     6   0.348 -99  1.000000  0.000000
1993 02  354.893 -99     2   0.080 -99  1.000000  0.000000
1993 03  354.625 -99     3   0.139 -99  1.000000  0.000000
1993 04  354.378 -99     9   0.320 -99  1.000000  0.000000
1993 05  354.670 -99     3   0.161 -99  1.000000  0.000000
1993 06  355.363 -99     8   0.740 -99  1.000000  0.000000
1993 07  355.980 -99     3   0.133 -99  1.000000  0.000000
1993 08  355.809 -99     5   0.294 -99  1.000000  0.000000
1993 09  355.868 -99     5   0.353 -99  1.000000  0.000000
1993 10  356.116 -99     2   0.058 -99  1.000000  0.000000
1993 11  356.136 -99     6   0.678 -99  1.000000  0.000000
1993 12  357.604 -99     0   0.515 -99  1.000000  0.000000
1994 01  357.840 -99     6   1.429 -99  1.000000  0.000000
1994 02  356.105 -99     3   0.414 -99  1.000000  0.000000
1994 03  355.657 -99     6   1.067 -99  1.000000  0.000000
1994 04  355.646 -99     5   1.040 -99  1.000000  0.000000
1994 05  355.370 -99     6   1.015 -99  1.000000  0.000000
1994 06  355.746 -99     3   0.199 -99  1.000000  0.000000
1994 07  356.271 -99     2   0.172 -99  1.000000  0.000000
1994 08  356.769 -99     2   0.114 -99  1.000000  0.000000
1994 09  357.137 -99     0   0.177 -99  1.000000  0.000000
1994 10  358.388 -99     6   1.079 -99  1.000000  0.000000
1994 11  359.400 -99     0   0.095 -99  1.000000  0.000000
1994 12  358.696 -99     6   0.741 -99  1.000000  0.000000
1995 01  358.422 -99     6   0.122 -99  1.000000  0.000000
1995 02  358.268 -99     3   0.195 -99  1.000000  0.000000
1995 03  358.058 -99     2   0.093 -99  1.000000  0.000000
1995 04  358.523 -99     6   0.564 -99  1.000000  0.000000
1995 05  359.062 -99     3   0.578 -99  1.000000  0.000000
1995 06  359.115 -99     6   0.773 -99  1.000000  0.000000
1995 07  358.382 -99     2   0.219 -99  1.000000  0.000000
1995 08  358.498 -99     6   0.585 -99  1.000000  0.000000
1995 09  359.486 -99     3   0.225 -99  1.000000  0.000000
1995 10  359.922 -99     6   0.456 -99  1.000000  0.000000
1995 11  360.489 -99     6   0.217 -99  1.000000  0.000000
1995 12  360.796 -99     0   0.033 -99  1.000000  0.000000
1996 01  361.599 -99     6   0.572 -99  1.000000  0.000000
1996 02  363.304 -99     0   0.319 -99  1.000000  0.000000
1996 03  362.933 -99     5   1.011 -99  1.000000  0.000000
1996 04  361.647 -99     4   1.934 -99  1.000000  0.000000
1996 05  360.801 -99     8   0.365 -99  1.000000  0.000000
1996 06  359.936 -99     0   0.132 -99  1.000000  0.000000
1996 07  360.220 -99     2   0.248 -99  1.000000  0.000000
1996 08  360.977 -99     3   0.335 -99  1.000000  0.000000
1996 09  361.088 -99     3   0.165 -99  1.000000  0.000000
1996 10  360.636 -99     5   0.192 -99  1.000000  0.000000
1996 11  360.876 -99     2   0.230 -99  1.000000  0.000000
1996 12  361.467 -99     3   0.566 -99  1.000000  0.000000
1997 01  361.147 -99     5   0.772 -99  1.000000  0.000000
1997 02  361.061 -99     2   0.150 -99  1.000000  0.000000
1997 03  360.947 -99     0   0.112 -99  1.000000  0.000000
1997 04  361.135 -99     1   0.336 -99  1.000000  0.000000
1997 05  362.728 -99     4   0.884 -99  1.000000  0.000000
1997 06  362.254 -99     0   0.640 -99  1.000000  0.000000
1997 07  360.567 -99     4   0.581 -99  1.000000  0.000000
1997 08  362.241 -99     6   0.848 -99  1.000000  0.000000
1997 09  364.011 -99     4   0.244 -99  1.000000  0.000000
1997 10  363.786 -99     5   1.488 -99  1.000000  0.000000
1997 11  363.647 -99     4   0.214 -99  1.000000  0.000000
1997 12  364.104 -99     0   0.228 -99  1.000000  0.000000
1998 01  364.884 -99     0   0.154 -99  1.000000  0.000000
1998 02  364.629 -99     2   0.243 -99  1.000000  0.000000
1998 03  364.341 -99     3   0.704 -99  1.000000  0.000000
1998 04  365.332 -99     2   0.272 -99  1.000000  0.000000
1998 05  365.432 -99     2   0.139 -99  1.000000  0.000000
1998 06  365.410 -99     2   0.109 -99  1.000000  0.000000
1998 07  365.390 -99     1   0.134 -99  1.000000  0.000000
1998 08  365.110 -99     3   0.124 -99  1.000000  0.000000
1998 09  366.114 -99     5   0.972 -99  1.000000  0.000000
1998 10  367.180 -99     2   0.290 -99  1.000000  0.000000
1998 11  367.004 -99     2   0.257 -99  1.000000  0.000000
1998 12  366.485 -99     4   0.312 -99  1.000000  0.000000
1999 01  365.898 -99     3   0.672 -99  1.000000  0.000000
1999 02  365.852 -99     0   0.073 -99  1.000000  0.000000
1999 03  365.798 -99     5   0.562 -99  1.000000  0.000000
1999 04  364.855 -99     2   0.339 -99  1.000000  0.000000
1999 05  364.547 -99     2   0.247 -99  1.000000  0.000000
1999 06  365.383 -99     2   0.260 -99  1.000000  0.000000
1999 07  365.935 -99     4   0.723 -99  1.000000  0.000000
1999 08  366.312 -99     4   1.660 -99  1.000000  0.000000
1999 09  366.625 -99     2   0.027 -99  1.000000  0.000000
1999 10  366.656 -99     4   0.199 -99  1.000000  0.000000
1999 11  367.005 -99     4   1.219 -99  1.000000  0.000000
1999 12  367.137 -99     2   0.153 -99  1.000000  0.000000
2000 01  366.855 -99     4   0.357 -99  1.000000  0.000000
2000 02  366.366 -99     4   0.496 -99  1.000000  0.000000
2000 03  366.161 -99     2   0.030 -99  1.000000  0.000000
2000 04  366.321 -99     2   0.246 -99  1.000000  0.000000
2000 05  368.368 -99     4   1.072 -99  1.000000  0.000000
2000 06  370.114 -99     2   0.287 -99  1.000000  0.000000
2000 07  368.081 -99     2   0.859 -99  1.000000  0.000000
2000 08  367.249 -99     2   0.376 -99  1.000000  0.000000
2000 09  368.835 -99     2   0.478 -99  1.000000  0.000000
2000 10  369.214 -99     4   1.769 -99  1.000000  0.000000
2000 11  369.265 -99     4   1.086 -99  1.000000  0.000000
2000 12  370.049 -99     2   0.205 -99  1.000000  0.000000
2001 01  368.739 -99     4   0.747 -99  1.000000  0.000000
2001 02  367.159 -99     4   0.192 -99  1.000000  0.000000
2001 03  367.914 -99     2   0.352 -99  1.000000  0.000000
2001 04  368.377 -99     4   0.214 -99  1.000000  0.000000
2001 05  368.344 -99     2   0.100 -99  1.000000  0.000000
2001 06  368.907 -99     0   0.199 -99  1.000000  0.000000
2001 07  369.665 -99     8   0.374 -99  1.000000  0.000000
2001 08  370.530 -99     0   0.191 -99  1.000000  0.000000
2001 09  370.554 -99     0   0.140 -99  1.000000  0.000000
2001 10  370.535 -99     2   0.246 -99  1.000000  0.000000
2001 11  371.656 -99     4   1.667 -99  1.000000  0.000000
2001 12  371.286 -99     2   0.395 -99  1.000000  0.000000
2002 01  370.506 -99     4   0.558 -99  1.000000  0.000000
2002 02  370.790 -99     4   0.991 -99  1.000000  0.000000
2002 03  370.264 -99     2   0.308 -99  1.000000  0.000000
2002 04  370.084 -99     4   0.960 -99  1.000000  0.000000
2002 05  371.118 -99     4   0.726 -99  1.000000  0.000000
2002 06  371.876 -99     4   1.278 -99  1.000000  0.000000
2002 07  371.958 -99     4   0.302 -99  1.000000  0.000000
2002 08  371.976 -99     2   0.024 -99  1.000000  0.000000
2002 09  372.039 -99     4   0.600 -99  1.000000  0.000000
2002 10  372.329 -99     4   0.442 -99  1.000000  0.000000
2002 11  373.729 -99     2   0.491 -99  1.000000  0.000000
2002 12  374.185 -99     3   1.996 -99  1.000000  0.000000
2003 01  372.876 -99     2   0.296 -99  1.000000  0.000000
2003 02  372.733 -99     4   0.127 -99  1.000000  0.000000
2003 03  372.665 -99     4   0.516 -99  1.000000  0.000000
2003 04  372.207 -99     2   0.062 -99  1.000000  0.000000
2003 05  372.782 -99     2   0.289 -99  1.000000  0.000000
2003 06  373.181 -99     4   1.180 -99  1.000000  0.000000
2003 07  373.203 -99     2   0.219 -99  1.000000  0.000000
2003 08  374.430 -99     4   0.701 -99  1.000000  0.000000
2003 09  374.531 -99     4   0.339 -99  1.000000  0.000000
2003 10  373.725 -99     2   0.129 -99  1.000000  0.000000
2003 11  374.136 -99     2   0.250 -99  1.000000  0.000000
2003 12  375.245 -99     2   0.408 -99  1.000000  0.000000
2004 01  376.262 -99     4   0.451 -99  1.000000  0.000000
2004 02  375.467 -99     2   0.436 -99  1.000000  0.000000
2004 03  374.460 -99     6   0.795 -99  1.000000  0.000000
2004 04  374.953 -99     2   0.264 -99  1.000000  0.000000
2004 05  375.395 -99     4   0.701 -99  1.000000  0.000000
2004 06  374.809 -99     2   0.217 -99  1.000000  0.000000
2004 07  375.070 -99     2   0.311 -99  1.000000  0.000000
2004 08  375.879 -99     6   0.206 -99  1.000000  0.000000
2004 09  375.457 -99     2   0.182 -99  1.000000  0.000000
2004 10  375.584 -99     4   0.289 -99  1.000000  0.000000
2004 11  376.728 -99     2   0.278 -99  1.000000  0.000000
2004 12  376.814 -99     4   0.586 -99  1.000000  0.000000
2005 01  376.180 -99     2   0.095 -99  1.000000  0.000000
2005 02  376.297 -99     2   0.085 -99  1.000000  0.000000
2005 03  376.174 -99     4   0.148 -99  1.000000  0.000000
2005 04  376.366 -99     2   0.376 -99  1.000000  0.000000
2005 05  378.545 -99     4   0.786 -99  1.000000  0.000000
2005 06  379.625 -99     2   0.233 -99  1.000000  0.000000
2005 07  378.303 -99     3   0.409 -99  1.000000  0.000000
2005 08  377.901 -99     4   0.216 -99  1.000000  0.000000
2005 09  377.684 -99     1   0.119 -99  1.000000  0.000000
2005 10  377.912 -99     4   0.787 -99  1.000000  0.000000
2005 11  378.920 -99     2   0.226 -99  1.000000  0.000000
2005 12  379.062 -99     4   0.112 -99  1.000000  0.000000
2006 01  378.906 -99     0   0.015 -99  1.000000  0.000000
2006 02  378.921 -99     5   0.276 -99  1.000000  0.000000
2006 03  378.882 -99     1   0.053 -99  1.000000  0.000000
2006 04  378.465 -99     4   0.232 -99  1.000000  0.000000
2006 05  377.860 -99     2   0.171 -99  1.000000  0.000000
2006 06  378.114 -99     1   0.260 -99  1.000000  0.000000
2006 07  379.199 -99     4   0.536 -99  1.000000  0.000000
2006 08  379.719 -99     4   0.953 -99  1.000000  0.000000
2006 09  379.424 -99     2   0.113 -99  1.000000  0.000000
2006 10  379.446 -99     4   0.260 -99  1.000000  0.000000
2006 11  380.076 -99     3   0.274 -99  1.000000  0.000000
2006 12  380.123 -99     2   0.116 -99  1.000000  0.000000
2007 01  380.065 -99     4   0.166 -99  1.000000  0.000000
2007 02  380.700 -99     2   0.146 -99  1.000000  0.000000
2007 03  380.864 -99     4   1.303 -99  1.000000  0.000000
2007 04  381.860 -99     2   0.477 -99  1.000000  0.000000
2007 05  382.362 -99     6   1.268 -99  1.000000  0.000000
2007 06  380.376 -99     0   0.557 -99  1.000000  0.000000
2007 07  380.195 -99     4   1.007 -99  1.000000  0.000000
2007 08  382.147 -99     4   1.543 -99  1.000000  0.000000
2007 09  383.270 -99     2   0.381 -99  1.000000  0.000000
2007 10  382.932 -99     4   0.614 -99  1.000000  0.000000
2007 11  382.744 -99     4   0.731 -99  1.000000  0.000000
2007 12  382.659 -99     2   0.093 -99  1.000000  0.000000
2008 01  382.545 -99     2   0.069 -99  1.000000  0.000000
2008 02  382.674 -99     2   0.374 -99  1.000000  0.000000
2008 03  382.242 -99     4   0.428 -99  1.000000  0.000000
2008 04  382.248 -99     4   0.210 -99  1.000000  0.000000
2008 05  382.883 -99     4   0.143 -99  1.000000  0.000000
2008 06  382.746 -99     4   0.206 -99  1.000000  0.000000
2008 07  382.192 -99     2   0.081 -99  1.000000  0.000000
2008 08  383.202 -99     4   1.753 -99  1.000000  0.000000
2008 09  384.413 -99     4   0.923 -99  1.000000  0.000000
2008 10  383.980 -99     3   0.244 -99  1.000000  0.000000
2008 11  384.352 -99     2   0.312 -99  1.000000  0.000000
2008 12  385.161 -99     4   1.385 -99  1.000000  0.000000
2009 01  385.385 -99     4   1.423 -99  1.000000  0.000000
2009 02  385.427 -99     1   0.076 -99  1.000000  0.000000
2009 03  385.171 -99     4   0.230 -99  1.000000  0.000000
2009 04  385.477 -99     3   1.912 -99  1.000000  0.000000
2009 05  385.086 -99     4   0.420 -99  1.000000  0.000000
2009 06  384.503 -99     2   0.074 -99  1.000000  0.000000
2009 07  385.189 -99     4   0.505 -99  1.000000  0.000000
2009 08  385.729 -99     4   0.157 -99  1.000000  0.000000
2009 09  385.566 -99     0   0.076 -99  1.000000  0.000000
2009 10  385.493 -99     4   0.166 -99  1.000000  0.000000
2009 11  386.060 -99     4   0.431 -99  1.000000  0.000000
2009 12  386.378 -99     2   0.205 -99  1.000000  0.000000
2010 01  385.312 -99     4   0.448 -99  1.000000  0.000000
2010 02  384.926 -99     3   1.082 -99  1.000000  0.000000
2010 03  385.634 -99     2   0.234 -99  1.000000  0.000000
2010 04  386.473 -99     4   0.873 -99  1.000000  0.000000
2010 05  387.419 -99     2   0.163 -99  1.000000  0.000000
2010 06  386.857 -99     4   1.255 -99  1.000000  0.000000
2010 07  385.844 -99     4   1.736 -99  1.000000  0.000000
2010 08  386.457 -99     4   1.351 -99  1.000000  0.000000
2010 09  387.352 -99     4   0.112 -99  1.000000  0.000000
2010 10  387.079 -99     4   0.240 -99  1.000000  0.000000
2010 11  387.862 -99     4   1.298 -99  1.000000  0.000000
2010 12  390.217 -99     2   0.513 -99  1.000000  0.000000
2011 01  389.861 -99     4   0.689 -99  1.000000  0.000000
2011 02  387.920 -99     4   0.481 -99  1.000000  0.000000
2011 03  386.856 -99     2   0.254 -99  1.000000  0.000000
2011 04  386.458 -99     4   0.428 -99  1.000000  0.000000
2011 05  387.309 -99     2   0.317 -99  1.000000  0.000000
2011 06  387.667 -99     3   0.929 -99  1.000000  0.000000
2011 07  387.957 -99     0   0.343 -99  1.000000  0.000000
2011 08  389.386 -99     6   0.466 -99  1.000000  0.000000
2011 09  389.414 -99     4   0.373 -99  1.000000  0.000000
2011 10  389.101 -99     0   0.246 -99  1.000000  0.000000
2011 11  390.865 -99     3   0.775 -99  1.000000  0.000000
2011 12  391.877 -99     2   0.418 -99  1.000000  0.000000
2012 01  390.378 -99     2   0.526 -99  1.000000  0.000000
2012 02  389.338 -99     6   0.245 -99  1.000000  0.000000
2012 03  389.129 -99     2   0.089 -99  1.000000  0.000000
2012 04  389.242 -99     2   0.096 -99  1.000000  0.000000
2012 05  388.998 -99     2   0.219 -99  1.000000  0.000000
2012 06  388.683 -99     2   0.326 -99  1.000000  0.000000
2012 07  390.105 -99     4   0.573 -99  1.000000  0.000000
2012 08  391.354 -99     4   0.569 -99  1.000000  0.000000
2012 09  391.455 -99     4   0.200 -99  1.000000  0.000000
2012 10  391.504 -99     2   0.093 -99  1.000000  0.000000
2012 11  392.230 -99     2   0.341 -99  1.000000  0.000000
2012 12  393.157 -99     4   0.478 -99  1.000000  0.000000
2013 01  393.038 -99     4   1.026 -99  1.000000  0.000000
2013 02  392.947 -99     0   0.093 -99  1.000000  0.000000
2013 03  393.237 -99     2   0.299 -99  1.000000  0.000000
2013 04  392.895 -99     0   0.153 -99  1.000000  0.000000
2013 05  392.736 -99     4   0.253 -99  1.000000  0.000000
2013 06  393.148 -99     0   0.123 -99  1.000000  0.000000
2013 07  393.611 -99     4   0.633 -99  1.000000  0.000000
2013 08  394.409 -99     4   0.399 -99  1.000000  0.000000
2013 09  394.779 -99     2   0.070 -99  1.000000  0.000000
2013 10  394.496 -99     0   0.088 -99  1.000000  0.000000
2013 11  394.452 -99     4   0.326 -99  1.000000  0.000000
2013 12  394.858 -99     0   0.137 -99  1.000000  0.000000
2014 01  394.883 -99     4   0.225 -99  1.000000  0.000000
2014 02  394.278 -99     4   0.275 -99  1.000000  0.000000
2014 03  394.679 -99     2   0.294 -99  1.000000  0.000000
2014 04  395.176 -99     7   1.228 -99  1.000000  0.000000
2014 05  394.664 -99     4   0.130 -99  1.000000  0.000000
2014 06  395.057 -99     8   0.312 -99  1.000000  0.000000
2014 07  396.258 -99     8   0.377 -99  1.000000  0.000000
2014 08  396.943 -99     4   0.596 -99  1.000000  0.000000
2014 09  396.492 -99     4   0.209 -99  1.000000  0.000000
2014 10  396.340 -99     8   0.440 -99  1.000000  0.000000
2014 11  396.939 -99     6   0.294 -99  1.000000  0.000000
2014 12  397.318 -99     2   0.052 -99  1.000000  0.000000
2015 01  397.144 -99     4   0.379 -99  1.000000  0.000000
2015 02  397.161 -99     2   0.065 -99  1.000000  0.000000
2015 03  397.268 -99     4   0.839 -99  1.000000  0.000000
2015 04  396.950 -99     4   0.163 -99  1.000000  0.000000
2015 05  397.151 -99     4   0.233 -99  1.000000  0.000000
2015 06  397.765 -99     4   0.617 -99  1.000000  0.000000
2015 07  397.884 -99     4   0.323 -99  1.000000  0.000000
2015 08  398.359 -99     4   1.822 -99  1.000000  0.000000
2015 09  398.356 -99     4   0.080 -99  1.000000  0.000000
2015 10  398.916 -99     3   0.572 -99  1.000000  0.000000
2015 11  400.130 -99     2   0.187 -99  1.000000  0.000000
2015 12  399.606 -99     3   0.396 -99  1.000000  0.000000
2016 01  398.513 -99     2   0.203 -99  1.000000  0.000000
2016 02  398.770 -99     0   0.256 -99  1.000000  0.000000
2016 03  399.720 -99     2   0.602 -99  1.000000  0.000000
2016 04 -9999999 -99 -9999 -999999 -99  1.000000  0.000000
2016 05 -9999999 -99 -9999 -999999 -99  1.000000  0.000000
2016 06 -9999999 -99 -9999 -999999 -99  1.000000  0.000000
2016 07 -9999999 -99 -9999 -999999 -99  1.000000  0.000000
2016 08  400.533 -99     2   0.031 -99  1.000000  0.000000
2016 09  400.888 -99     5   1.409 -99  1.000000  0.000000
2016 10  401.913 -99     4   0.493 -99  1.000000  0.000000
2016 11  402.711 -99     2   0.148 -99  1.000000  0.000000
2016 12  402.730 -99     2   0.190 -99  1.000000  0.000000
2017 01  402.706 -99     2   0.258 -99  1.000000  0.000000
2017 02  404.627 -99     2   0.788 -99  1.000000  0.000000
2017 03  406.607 -99     4   0.317 -99  1.000000  0.000000
2017 04  405.752 -99     0   0.510 -99  1.000000  0.000000
2017 05  404.588 -99     4   0.233 -99  1.000000  0.000000
2017 06  404.415 -99     0   0.064 -99  1.000000  0.000000
2017 07  404.080 -99     1   0.090 -99  1.000000  0.000000
2017 08  404.134 -99     2   0.119 -99  1.000000  0.000000
2017 09  404.491 -99     0   0.081 -99  1.000000  0.000000
2017 10  404.668 -99     0   0.030 -99  1.000000  0.000000
2017 11  404.686 -99     4   0.224 -99  1.000000  0.000000
2017 12  404.612 -99     4   0.177 -99  1.000000  0.000000
