REM01  EXPLANATORY 25-LINE FOR THE MONTHLY DATA
REM02  FILENAME: co2_cgo_surface-insitu_16_9998-9999_monthly.txt
REM03  STATION: Cape Grim
REM04  CATEGORY: GAW Global
REM05  COUNTRY/TERRITORY: Australia
REM06  SUBMITTED BY: CSIRO
REM07  LATITUDE:   40 41' S
REM08  LONGITUDE: 144 41' E
REM09  ALTITUDE:       94 m
REM10  RATIO: 1.000000 0.000000
REM11  PARAMETER: CO2
REM12  COVERING PERIOD: April 1976 - December 2017
REM13  UNIT: ppm
REM14  ANALYSIS: NDIR(1976-04-01 - 1981-09-01)
REM15  SAMPLING TYPE: surface-insitu
REM16  CLASSIFICATION: Background observation
REM17  CALIBRATION: WMO CO2 X1985(1976-04-01 - 1981-09-01)
REM18  TABLENAME: CGO540S016iy
REM19  CALCULATION: wdcgg
REM20  REGISTRATION: 2018-10-18
REM21
REM22  COMMENT: Dataset was made using the former WDCGG data file
REM23
REM24 M      CO2   V    ND      SD   F   RATIO_A   RATIO_B
REM25        ppm
1976 04  329.400 -99     5   0.100 -99  1.000000  0.000000
1976 05  328.900 -99     8   0.100 -99  1.000000  0.000000
1976 06  329.000 -99     7   0.300 -99  1.000000  0.000000
1976 09  330.900 -99     4   0.400 -99  1.000000  0.000000
1976 11  330.900 -99    12   0.400 -99  1.000000  0.000000
1976 12  330.600 -99    17   0.300 -99  1.000000  0.000000
1977 01  330.700 -99    14   0.200 -99  1.000000  0.000000
1977 02  330.700 -99    11   0.500 -99  1.000000  0.000000
1977 03  331.400 -99     3   0.600 -99  1.000000  0.000000
1977 04  330.800 -99    11   0.200 -99  1.000000  0.000000
1977 06  331.700 -99     9   0.100 -99  1.000000  0.000000
1977 07  331.900 -99     8   0.300 -99  1.000000  0.000000
1977 10  332.900 -99    15   0.300 -99  1.000000  0.000000
1977 11  332.900 -99    20   0.300 -99  1.000000  0.000000
1977 12  332.300 -99    19   0.300 -99  1.000000  0.000000
1978 01  332.000 -99    19   0.600 -99  1.000000  0.000000
1978 02  332.100 -99     7   0.200 -99  1.000000  0.000000
1978 03  332.400 -99    12   0.300 -99  1.000000  0.000000
1978 04  332.800 -99     8   0.800 -99  1.000000  0.000000
1978 05  332.800 -99     5   0.100 -99  1.000000  0.000000
1978 07  332.900 -99     5   1.300 -99  1.000000  0.000000
1978 08  334.200 -99     9   0.700 -99  1.000000  0.000000
1978 09  335.200 -99     9   0.600 -99  1.000000  0.000000
1978 10  335.600 -99    17   0.200 -99  1.000000  0.000000
1978 11  335.200 -99     3   1.100 -99  1.000000  0.000000
1978 12  334.500 -99    16   0.300 -99  1.000000  0.000000
1979 01  334.500 -99    17   0.400 -99  1.000000  0.000000
1979 02  334.700 -99    13   0.500 -99  1.000000  0.000000
1979 03  334.800 -99    16   0.500 -99  1.000000  0.000000
1979 04  334.600 -99    14   0.300 -99  1.000000  0.000000
1979 05  334.700 -99    19   0.200 -99  1.000000  0.000000
1979 06  335.100 -99     6   0.500 -99  1.000000  0.000000
1979 07  335.700 -99    14   0.400 -99  1.000000  0.000000
1979 08  335.900 -99    16   0.100 -99  1.000000  0.000000
1979 09  336.200 -99     6   0.400 -99  1.000000  0.000000
1979 11  336.200 -99    10   0.200 -99  1.000000  0.000000
1979 12  335.800 -99    11   0.300 -99  1.000000  0.000000
1980 01  335.800 -99    20   0.300 -99  1.000000  0.000000
1980 02  335.800 -99    11   0.300 -99  1.000000  0.000000
1980 03  336.000 -99    23   0.200 -99  1.000000  0.000000
1980 04  335.800 -99     6   0.200 -99  1.000000  0.000000
1980 05  336.400 -99    14   1.500 -99  1.000000  0.000000
1980 06  336.300 -99    11   0.500 -99  1.000000  0.000000
1980 07  337.100 -99    18   0.400 -99  1.000000  0.000000
1980 08  337.200 -99    16   0.300 -99  1.000000  0.000000
1980 09  337.300 -99    25   0.300 -99  1.000000  0.000000
1980 10  337.200 -99    21   0.200 -99  1.000000  0.000000
1980 11  337.300 -99    17   0.700 -99  1.000000  0.000000
1980 12  336.900 -99    17   0.400 -99  1.000000  0.000000
1981 01  337.200 -99    17   0.600 -99  1.000000  0.000000
1981 02  337.100 -99    11   0.400 -99  1.000000  0.000000
1981 03  337.100 -99    12   0.200 -99  1.000000  0.000000
1981 04  337.100 -99    11   0.100 -99  1.000000  0.000000
1981 05  337.300 -99     5   0.100 -99  1.000000  0.000000
1981 06  337.600 -99     9   0.200 -99  1.000000  0.000000
1981 07  337.800 -99    76   0.200 -99  1.000000  0.000000
1981 08  337.400 -99   121   0.400 -99  1.000000  0.000000
1981 09  337.400 -99   273   0.200 -99  1.000000  0.000000
1981 10  337.300 -99   289   0.400 -99  1.000000  0.000000
1981 11  337.600 -99   126   0.400 -99  1.000000  0.000000
1981 12  337.500 -99   401   0.300 -99  1.000000  0.000000
1982 01  337.500 -99   402   0.200 -99  1.000000  0.000000
1982 02  337.300 -99   296   0.200 -99  1.000000  0.000000
1982 03  337.400 -99   180   0.400 -99  1.000000  0.000000
1982 04  337.700 -99   235   0.500 -99  1.000000  0.000000
1982 05  338.200 -99   371   0.200 -99  1.000000  0.000000
1982 06  338.400 -99   148   0.200 -99  1.000000  0.000000
1982 07  339.000 -99   133   0.400 -99  1.000000  0.000000
1982 08  339.100 -99   333   0.200 -99  1.000000  0.000000
1982 09  339.500 -99   207   0.400 -99  1.000000  0.000000
1982 10  339.600 -99   245   0.200 -99  1.000000  0.000000
1982 11  339.300 -99   105   0.200 -99  1.000000  0.000000
1982 12  339.000 -99   157   0.200 -99  1.000000  0.000000
1983 01  339.000 -99   334   0.200 -99  1.000000  0.000000
1983 02  339.500 -99   114   0.800 -99  1.000000  0.000000
1983 03  339.500 -99   196   0.200 -99  1.000000  0.000000
1983 04  340.100 -99    36   0.600 -99  1.000000  0.000000
1983 05  340.000 -99   234   0.100 -99  1.000000  0.000000
1983 06  340.300 -99   168   0.100 -99  1.000000  0.000000
1983 07  341.100 -99    20   0.200 -99  1.000000  0.000000
1983 08  341.300 -99   331   0.200 -99  1.000000  0.000000
1983 09  341.400 -99   353   0.100 -99  1.000000  0.000000
1983 10  341.300 -99   254   0.400 -99  1.000000  0.000000
1983 11  341.400 -99   243   0.200 -99  1.000000  0.000000
1983 12  341.400 -99   321   0.100 -99  1.000000  0.000000
1984 01  341.410 -99    64   0.050 -99  1.000000  0.000000
1984 02  341.300 -99   327   0.090 -99  1.000000  0.000000
1984 03  341.340 -99   221   0.180 -99  1.000000  0.000000
1984 04  341.220 -99   324   0.600 -99  1.000000  0.000000
1984 05  341.730 -99 -9999 -999999 -99  1.000000  0.000000
1984 06  342.000 -99 -9999 -999999 -99  1.000000  0.000000
1984 07  342.810 -99 -9999 -999999 -99  1.000000  0.000000
1984 08  343.480 -99 -9999 -999999 -99  1.000000  0.000000
1984 09  343.310 -99 -9999 -999999 -99  1.000000  0.000000
1984 10  343.100 -99 -9999 -999999 -99  1.000000  0.000000
1984 11  343.010 -99 -9999 -999999 -99  1.000000  0.000000
1984 12  342.840 -99 -9999 -999999 -99  1.000000  0.000000
1985 01  342.660 -99 -9999 -999999 -99  1.000000  0.000000
1985 02  342.650 -99 -9999 -999999 -99  1.000000  0.000000
1985 03  342.790 -99 -9999 -999999 -99  1.000000  0.000000
1985 04  342.910 -99 -9999 -999999 -99  1.000000  0.000000
1985 05  343.070 -99 -9999 -999999 -99  1.000000  0.000000
1985 06  343.530 -99 -9999 -999999 -99  1.000000  0.000000
1985 07  344.050 -99 -9999 -999999 -99  1.000000  0.000000
1985 08  344.530 -99 -9999 -999999 -99  1.000000  0.000000
1985 09  344.690 -99 -9999 -999999 -99  1.000000  0.000000
1985 10  344.530 -99 -9999 -999999 -99  1.000000  0.000000
1985 11  344.380 -99 -9999 -999999 -99  1.000000  0.000000
1985 12  344.260 -99 -9999 -999999 -99  1.000000  0.000000
1986 01  344.150 -99 -9999 -999999 -99  1.000000  0.000000
1986 02  344.250 -99 -9999 -999999 -99  1.000000  0.000000
1986 03  344.300 -99 -9999 -999999 -99  1.000000  0.000000
1986 04  344.220 -99 -9999 -999999 -99  1.000000  0.000000
1986 05  344.390 -99 -9999 -999999 -99  1.000000  0.000000
1986 06  344.870 -99 -9999 -999999 -99  1.000000  0.000000
1986 07  345.250 -99 -9999 -999999 -99  1.000000  0.000000
1986 08  345.350 -99 -9999 -999999 -99  1.000000  0.000000
1986 09  345.520 -99 -9999 -999999 -99  1.000000  0.000000
1986 10  345.950 -99 -9999 -999999 -99  1.000000  0.000000
1986 11  346.070 -99 -9999 -999999 -99  1.000000  0.000000
1986 12  345.770 -99 -9999 -999999 -99  1.000000  0.000000
1987 01  345.420 -99 -9999 -999999 -99  1.000000  0.000000
1987 02  345.390 -99 -9999 -999999 -99  1.000000  0.000000
1987 03  345.610 -99 -9999 -999999 -99  1.000000  0.000000
1987 04  345.900 -99 -9999 -999999 -99  1.000000  0.000000
1987 05  346.380 -99 -9999 -999999 -99  1.000000  0.000000
1987 06  346.660 -99 -9999 -999999 -99  1.000000  0.000000
1987 07  346.740 -99 -9999 -999999 -99  1.000000  0.000000
1987 08  347.230 -99 -9999 -999999 -99  1.000000  0.000000
1987 09  347.690 -99 -9999 -999999 -99  1.000000  0.000000
1987 10  347.900 -99 -9999 -999999 -99  1.000000  0.000000
1987 11  347.830 -99 -9999 -999999 -99  1.000000  0.000000
1987 12  347.480 -99 -9999 -999999 -99  1.000000  0.000000
1988 01  347.730 -99 -9999 -999999 -99  1.000000  0.000000
1988 02  348.240 -99 -9999 -999999 -99  1.000000  0.000000
1988 03  348.300 -99 -9999 -999999 -99  1.000000  0.000000
1988 04  348.250 -99 -9999 -999999 -99  1.000000  0.000000
1988 05  348.540 -99 -9999 -999999 -99  1.000000  0.000000
1988 06  348.930 -99 -9999 -999999 -99  1.000000  0.000000
1988 07  349.430 -99 -9999 -999999 -99  1.000000  0.000000
1988 08  349.990 -99 -9999 -999999 -99  1.000000  0.000000
1988 09  350.030 -99 -9999 -999999 -99  1.000000  0.000000
1988 10  349.790 -99 -9999 -999999 -99  1.000000  0.000000
1988 11  349.830 -99 -9999 -999999 -99  1.000000  0.000000
1988 12  349.810 -99 -9999 -999999 -99  1.000000  0.000000
1989 01  349.830 -99 -9999 -999999 -99  1.000000  0.000000
1989 02  350.010 -99 -9999 -999999 -99  1.000000  0.000000
1989 03  350.090 -99 -9999 -999999 -99  1.000000  0.000000
1989 04  350.040 -99 -9999 -999999 -99  1.000000  0.000000
1989 05  350.320 -99 -9999 -999999 -99  1.000000  0.000000
1989 06  350.670 -99 -9999 -999999 -99  1.000000  0.000000
1989 07  350.490 -99 -9999 -999999 -99  1.000000  0.000000
1989 08  350.830 -99 -9999 -999999 -99  1.000000  0.000000
1989 09  351.240 -99 -9999 -999999 -99  1.000000  0.000000
1989 10  351.100 -99 -9999 -999999 -99  1.000000  0.000000
1989 11  350.970 -99 -9999 -999999 -99  1.000000  0.000000
1989 12  350.910 -99 -9999 -999999 -99  1.000000  0.000000
1990 01  350.880 -99 -9999 -999999 -99  1.000000  0.000000
1990 02  350.760 -99 -9999 -999999 -99  1.000000  0.000000
1990 03  350.710 -99 -9999 -999999 -99  1.000000  0.000000
1990 04  351.160 -99 -9999 -999999 -99  1.000000  0.000000
1990 05  351.430 -99 -9999 -999999 -99  1.000000  0.000000
1990 06  351.630 -99 -9999 -999999 -99  1.000000  0.000000
1990 07  352.060 -99 -9999 -999999 -99  1.000000  0.000000
1990 08  352.480 -99 -9999 -999999 -99  1.000000  0.000000
1990 09  352.650 -99 -9999 -999999 -99  1.000000  0.000000
1990 10  352.560 -99 -9999 -999999 -99  1.000000  0.000000
1990 11  352.530 -99 -9999 -999999 -99  1.000000  0.000000
1990 12  352.590 -99 -9999 -999999 -99  1.000000  0.000000
1991 01  352.550 -99 -9999 -999999 -99  1.000000  0.000000
1991 02  352.380 -99 -9999 -999999 -99  1.000000  0.000000
1991 03  352.420 -99 -9999 -999999 -99  1.000000  0.000000
1991 04  352.700 -99 -9999 -999999 -99  1.000000  0.000000
1991 05  352.790 -99 -9999 -999999 -99  1.000000  0.000000
1991 06  352.890 -99 -9999 -999999 -99  1.000000  0.000000
1991 07  353.250 -99 -9999 -999999 -99  1.000000  0.000000
1991 08  353.590 -99 -9999 -999999 -99  1.000000  0.000000
1991 09  353.550 -99 -9999 -999999 -99  1.000000  0.000000
1991 10  353.090 -99 -9999 -999999 -99  1.000000  0.000000
1991 11  353.040 -99 -9999 -999999 -99  1.000000  0.000000
1991 12  352.960 -99 -9999 -999999 -99  1.000000  0.000000
1992 01  352.720 -99 -9999 -999999 -99  1.000000  0.000000
1992 02  352.640 -99 -9999 -999999 -99  1.000000  0.000000
1992 03  352.620 -99 -9999 -999999 -99  1.000000  0.000000
1992 04  353.070 -99 -9999 -999999 -99  1.000000  0.000000
1992 05  353.660 -99 -9999 -999999 -99  1.000000  0.000000
1992 06  353.960 -99 -9999 -999999 -99  1.000000  0.000000
1992 07  354.310 -99 -9999 -999999 -99  1.000000  0.000000
1992 08  354.670 -99 -9999 -999999 -99  1.000000  0.000000
1992 09  354.810 -99 -9999 -999999 -99  1.000000  0.000000
1992 10  354.700 -99 -9999 -999999 -99  1.000000  0.000000
1992 11  354.420 -99 -9999 -999999 -99  1.000000  0.000000
1992 12  354.200 -99 -9999 -999999 -99  1.000000  0.000000
1993 01  353.860 -99 -9999 -999999 -99  1.000000  0.000000
1993 02  353.860 -99 -9999 -999999 -99  1.000000  0.000000
1993 03  354.140 -99 -9999 -999999 -99  1.000000  0.000000
1993 04  354.050 -99 -9999 -999999 -99  1.000000  0.000000
1993 05  354.050 -99 -9999 -999999 -99  1.000000  0.000000
1993 06  354.460 -99 -9999 -999999 -99  1.000000  0.000000
1993 07  355.030 -99 -9999 -999999 -99  1.000000  0.000000
1993 08  355.620 -99 -9999 -999999 -99  1.000000  0.000000
1993 09  355.810 -99 -9999 -999999 -99  1.000000  0.000000
1993 10  355.630 -99 -9999 -999999 -99  1.000000  0.000000
1993 11  355.490 -99 -9999 -999999 -99  1.000000  0.000000
1993 12  355.340 -99 -9999 -999999 -99  1.000000  0.000000
1994 01  355.060 -99 -9999 -999999 -99  1.000000  0.000000
1994 02  355.130 -99 -9999 -999999 -99  1.000000  0.000000
1994 03  355.440 -99 -9999 -999999 -99  1.000000  0.000000
1994 04  355.610 -99 -9999 -999999 -99  1.000000  0.000000
1994 05  355.710 -99 -9999 -999999 -99  1.000000  0.000000
1994 06  355.890 -99 -9999 -999999 -99  1.000000  0.000000
1994 07  356.510 -99 -9999 -999999 -99  1.000000  0.000000
1994 08  356.980 -99 -9999 -999999 -99  1.000000  0.000000
1994 09  357.130 -99 -9999 -999999 -99  1.000000  0.000000
1994 10  357.200 -99 -9999 -999999 -99  1.000000  0.000000
1994 11  357.220 -99 -9999 -999999 -99  1.000000  0.000000
1994 12  357.150 -99 -9999 -999999 -99  1.000000  0.000000
1995 01  357.160 -99 -9999 -999999 -99  1.000000  0.000000
1995 02  357.310 -99 -9999 -999999 -99  1.000000  0.000000
1995 03  357.380 -99 -9999 -999999 -99  1.000000  0.000000
1995 04  357.470 -99 -9999 -999999 -99  1.000000  0.000000
1995 05  357.690 -99 -9999 -999999 -99  1.000000  0.000000
1995 06  358.120 -99 -9999 -999999 -99  1.000000  0.000000
1995 07  358.620 -99 -9999 -999999 -99  1.000000  0.000000
1995 08  358.920 -99 -9999 -999999 -99  1.000000  0.000000
1995 09  359.060 -99 -9999 -999999 -99  1.000000  0.000000
1995 10  359.010 -99 -9999 -999999 -99  1.000000  0.000000
1995 11  359.080 -99 -9999 -999999 -99  1.000000  0.000000
1995 12  359.440 -99 -9999 -999999 -99  1.000000  0.000000
1996 01  359.410 -99 -9999 -999999 -99  1.000000  0.000000
1996 02  359.200 -99 -9999 -999999 -99  1.000000  0.000000
1996 03  359.170 -99 -9999 -999999 -99  1.000000  0.000000
1996 04  359.170 -99 -9999 -999999 -99  1.000000  0.000000
1996 05  359.440 -99 -9999 -999999 -99  1.000000  0.000000
1996 06  359.800 -99 -9999 -999999 -99  1.000000  0.000000
1996 07  360.050 -99 -9999 -999999 -99  1.000000  0.000000
1996 08  360.500 -99 -9999 -999999 -99  1.000000  0.000000
1996 09  360.700 -99 -9999 -999999 -99  1.000000  0.000000
1996 10  360.680 -99 -9999 -999999 -99  1.000000  0.000000
1996 11  360.590 -99 -9999 -999999 -99  1.000000  0.000000
1996 12  360.340 -99 -9999 -999999 -99  1.000000  0.000000
1997 01  360.160 -99 -9999 -999999 -99  1.000000  0.000000
1997 02  360.280 -99 -9999 -999999 -99  1.000000  0.000000
1997 03  360.470 -99 -9999 -999999 -99  1.000000  0.000000
1997 04  360.560 -99 -9999 -999999 -99  1.000000  0.000000
1997 05  360.750 -99 -9999 -999999 -99  1.000000  0.000000
1997 06  361.000 -99 -9999 -999999 -99  1.000000  0.000000
1997 07  361.370 -99 -9999 -999999 -99  1.000000  0.000000
1997 08  361.750 -99 -9999 -999999 -99  1.000000  0.000000
1997 09  362.010 -99 -9999 -999999 -99  1.000000  0.000000
1997 10  362.150 -99 -9999 -999999 -99  1.000000  0.000000
1997 11  362.080 -99 -9999 -999999 -99  1.000000  0.000000
1997 12  362.100 -99 -9999 -999999 -99  1.000000  0.000000
1998 01  362.100 -99 -9999 -999999 -99  1.000000  0.000000
1998 02  362.210 -99 -9999 -999999 -99  1.000000  0.000000
1998 03  362.550 -99 -9999 -999999 -99  1.000000  0.000000
1998 04  362.890 -99 -9999 -999999 -99  1.000000  0.000000
1998 05  363.280 -99 -9999 -999999 -99  1.000000  0.000000
1998 06  363.650 -99 -9999 -999999 -99  1.000000  0.000000
1998 07  364.130 -99 -9999 -999999 -99  1.000000  0.000000
1998 08  364.710 -99 -9999 -999999 -99  1.000000  0.000000
1998 09  364.990 -99 -9999 -999999 -99  1.000000  0.000000
1998 10  364.990 -99 -9999 -999999 -99  1.000000  0.000000
1998 11  364.940 -99 -9999 -999999 -99  1.000000  0.000000
1998 12  364.930 -99 -9999 -999999 -99  1.000000  0.000000
1999 01  365.030 -99 -9999 -999999 -99  1.000000  0.000000
1999 02  365.050 -99 -9999 -999999 -99  1.000000  0.000000
1999 03  364.930 -99 -9999 -999999 -99  1.000000  0.000000
1999 04  364.940 -99 -9999 -999999 -99  1.000000  0.000000
1999 05  365.130 -99 -9999 -999999 -99  1.000000  0.000000
1999 06  365.390 -99 -9999 -999999 -99  1.000000  0.000000
1999 07  365.750 -99 -9999 -999999 -99  1.000000  0.000000
1999 08  366.170 -99 -9999 -999999 -99  1.000000  0.000000
1999 09  366.440 -99 -9999 -999999 -99  1.000000  0.000000
1999 10  366.510 -99 -9999 -999999 -99  1.000000  0.000000
1999 11  366.510 -99 -9999 -999999 -99  1.000000  0.000000
1999 12  366.520 -99 -9999 -999999 -99  1.000000  0.000000
2000 01  366.490 -99 -9999 -999999 -99  1.000000  0.000000
2000 02  366.320 -99 -9999 -999999 -99  1.000000  0.000000
2000 03  366.230 -99 -9999 -999999 -99  1.000000  0.000000
2000 04  366.270 -99 -9999 -999999 -99  1.000000  0.000000
2000 05  366.320 -99 -9999 -999999 -99  1.000000  0.000000
2000 06  366.620 -99 -9999 -999999 -99  1.000000  0.000000
2000 07  367.110 -99 -9999 -999999 -99  1.000000  0.000000
2000 08  367.420 -99 -9999 -999999 -99  1.000000  0.000000
2000 09  367.580 -99 -9999 -999999 -99  1.000000  0.000000
2000 10  367.690 -99 -9999 -999999 -99  1.000000  0.000000
2000 11  367.730 -99 -9999 -999999 -99  1.000000  0.000000
2000 12  367.560 -99 -9999 -999999 -99  1.000000  0.000000
2001 01  367.410 -99 -9999 -999999 -99  1.000000  0.000000
2001 02  367.440 -99 -9999 -999999 -99  1.000000  0.000000
2001 03  367.510 -99 -9999 -999999 -99  1.000000  0.000000
2001 04  367.640 -99 -9999 -999999 -99  1.000000  0.000000
2001 05  367.890 -99 -9999 -999999 -99  1.000000  0.000000
2001 06  368.220 -99 -9999 -999999 -99  1.000000  0.000000
2001 07  368.580 -99 -9999 -999999 -99  1.000000  0.000000
2001 08  369.110 -99 -9999 -999999 -99  1.000000  0.000000
2001 09  369.600 -99 -9999 -999999 -99  1.000000  0.000000
2001 10  369.670 -99 -9999 -999999 -99  1.000000  0.000000
2001 11  369.500 -99 -9999 -999999 -99  1.000000  0.000000
2001 12  369.400 -99 -9999 -999999 -99  1.000000  0.000000
2002 01  369.430 -99 -9999 -999999 -99  1.000000  0.000000
2002 02  369.490 -99 -9999 -999999 -99  1.000000  0.000000
2002 03  369.540 -99 -9999 -999999 -99  1.000000  0.000000
2002 04  369.740 -99 -9999 -999999 -99  1.000000  0.000000
2002 05  370.010 -99 -9999 -999999 -99  1.000000  0.000000
2002 06  370.450 -99 -9999 -999999 -99  1.000000  0.000000
2002 07  371.050 -99 -9999 -999999 -99  1.000000  0.000000
2002 08  371.510 -99 -9999 -999999 -99  1.000000  0.000000
2002 09  371.770 -99 -9999 -999999 -99  1.000000  0.000000
2002 10  371.840 -99 -9999 -999999 -99  1.000000  0.000000
2002 11  371.720 -99 -9999 -999999 -99  1.000000  0.000000
2002 12  371.580 -99 -9999 -999999 -99  1.000000  0.000000
2003 01  371.550 -99 -9999 -999999 -99  1.000000  0.000000
2003 02  371.730 -99 -9999 -999999 -99  1.000000  0.000000
2003 03  371.900 -99 -9999 -999999 -99  1.000000  0.000000
2003 04  372.070 -99 -9999 -999999 -99  1.000000  0.000000
2003 05  372.390 -99 -9999 -999999 -99  1.000000  0.000000
2003 06  372.710 -99 -9999 -999999 -99  1.000000  0.000000
2003 07  373.190 -99 -9999 -999999 -99  1.000000  0.000000
2003 08  373.820 -99 -9999 -999999 -99  1.000000  0.000000
2003 09  374.080 -99 -9999 -999999 -99  1.000000  0.000000
2003 10  373.910 -99 -9999 -999999 -99  1.000000  0.000000
2003 11  373.700 -99 -9999 -999999 -99  1.000000  0.000000
2003 12  373.600 -99 -9999 -999999 -99  1.000000  0.000000
2004 01  373.550 -99 -9999 -999999 -99  1.000000  0.000000
2004 02  373.700 -99 -9999 -999999 -99  1.000000  0.000000
2004 03  373.830 -99 -9999 -999999 -99  1.000000  0.000000
2004 04  373.910 -99 -9999 -999999 -99  1.000000  0.000000
2004 05  374.260 -99 -9999 -999999 -99  1.000000  0.000000
2004 06  374.660 -99 -9999 -999999 -99  1.000000  0.000000
2004 07  375.040 -99 -9999 -999999 -99  1.000000  0.000000
2004 08  375.460 -99 -9999 -999999 -99  1.000000  0.000000
2004 09  375.560 -99 -9999 -999999 -99  1.000000  0.000000
2004 10  375.550 -99 -9999 -999999 -99  1.000000  0.000000
2004 11  375.740 -99 -9999 -999999 -99  1.000000  0.000000
2004 12  375.680 -99 -9999 -999999 -99  1.000000  0.000000
2005 01  375.370 -99 -9999 -999999 -99  1.000000  0.000000
2005 02  375.310 -99 -9999 -999999 -99  1.000000  0.000000
2005 03  375.400 -99 -9999 -999999 -99  1.000000  0.000000
2005 04  375.620 -99 -9999 -999999 -99  1.000000  0.000000
2005 05  376.210 -99 -9999 -999999 -99  1.000000  0.000000
2005 06  376.940 -99 -9999 -999999 -99  1.000000  0.000000
2005 07  377.300 -99 -9999 -999999 -99  1.000000  0.000000
2005 08  377.550 -99 -9999 -999999 -99  1.000000  0.000000
2005 09  377.700 -99 -9999 -999999 -99  1.000000  0.000000
2005 10  377.730 -99 -9999 -999999 -99  1.000000  0.000000
2005 11  377.780 -99 -9999 -999999 -99  1.000000  0.000000
2005 12  377.810 -99 -9999 -999999 -99  1.000000  0.000000
2006 01  377.910 -99 -9999 -999999 -99  1.000000  0.000000
2006 02  377.810 -99 -9999 -999999 -99  1.000000  0.000000
2006 03  377.750 -99 -9999 -999999 -99  1.000000  0.000000
2006 04  378.080 -99 -9999 -999999 -99  1.000000  0.000000
2006 05  378.210 -99 -9999 -999999 -99  1.000000  0.000000
2006 06  378.270 -99 -9999 -999999 -99  1.000000  0.000000
2006 07  378.750 -99 -9999 -999999 -99  1.000000  0.000000
2006 08  379.220 -99 -9999 -999999 -99  1.000000  0.000000
2006 09  379.390 -99 -9999 -999999 -99  1.000000  0.000000
2006 10  379.440 -99 -9999 -999999 -99  1.000000  0.000000
2006 11  379.520 -99 -9999 -999999 -99  1.000000  0.000000
2006 12  379.410 -99 -9999 -999999 -99  1.000000  0.000000
2007 01  379.240 -99 -9999 -999999 -99  1.000000  0.000000
2007 02  379.270 -99 -9999 -999999 -99  1.000000  0.000000
2007 03  379.450 -99 -9999 -999999 -99  1.000000  0.000000
2007 04  379.650 -99 -9999 -999999 -99  1.000000  0.000000
2007 05  380.060 -99 -9999 -999999 -99  1.000000  0.000000
2007 06  380.400 -99 -9999 -999999 -99  1.000000  0.000000
2007 07  380.800 -99 -9999 -999999 -99  1.000000  0.000000
2007 08  381.270 -99 -9999 -999999 -99  1.000000  0.000000
2007 09  381.500 -99 -9999 -999999 -99  1.000000  0.000000
2007 10  381.600 -99 -9999 -999999 -99  1.000000  0.000000
2007 11  381.650 -99 -9999 -999999 -99  1.000000  0.000000
2007 12  381.650 -99 -9999 -999999 -99  1.000000  0.000000
2008 01  381.690 -99 -9999 -999999 -99  1.000000  0.000000
2008 02  381.810 -99 -9999 -999999 -99  1.000000  0.000000
2008 03  381.800 -99 -9999 -999999 -99  1.000000  0.000000
2008 04  381.790 -99 -9999 -999999 -99  1.000000  0.000000
2008 05  381.920 -99 -9999 -999999 -99  1.000000  0.000000
2008 06  382.360 -99 -9999 -999999 -99  1.000000  0.000000
2008 07  382.930 -99 -9999 -999999 -99  1.000000  0.000000
2008 08  383.310 -99 -9999 -999999 -99  1.000000  0.000000
2008 09  383.540 -99 -9999 -999999 -99  1.000000  0.000000
2008 10  383.620 -99 -9999 -999999 -99  1.000000  0.000000
2008 11  383.500 -99 -9999 -999999 -99  1.000000  0.000000
2008 12  383.510 -99 -9999 -999999 -99  1.000000  0.000000
2009 01  383.960 -99 -9999 -999999 -99  1.000000  0.000000
2009 02  383.890 -99 -9999 -999999 -99  1.000000  0.000000
2009 03  383.330 -99 -9999 -999999 -99  1.000000  0.000000
2009 04  383.330 -99 -9999 -999999 -99  1.000000  0.000000
2009 05  383.640 -99 -9999 -999999 -99  1.000000  0.000000
2009 06  383.860 -99 -9999 -999999 -99  1.000000  0.000000
2009 07  384.340 -99 -9999 -999999 -99  1.000000  0.000000
2009 08  384.800 -99 -9999 -999999 -99  1.000000  0.000000
2009 09  385.010 -99 -9999 -999999 -99  1.000000  0.000000
2009 10  385.090 -99 -9999 -999999 -99  1.000000  0.000000
2009 11  385.080 -99 -9999 -999999 -99  1.000000  0.000000
2009 12  385.100 -99 -9999 -999999 -99  1.000000  0.000000
2010 01  384.980 -99 -9999 -999999 -99  1.000000  0.000000
2010 02  384.740 -99 -9999 -999999 -99  1.000000  0.000000
2010 03  384.700 -99 -9999 -999999 -99  1.000000  0.000000
2010 04  384.850 -99 -9999 -999999 -99  1.000000  0.000000
2010 05  385.210 -99 -9999 -999999 -99  1.000000  0.000000
2010 06  385.720 -99 -9999 -999999 -99  1.000000  0.000000
2010 07  386.320 -99 -9999 -999999 -99  1.000000  0.000000
2010 08  387.030 -99 -9999 -999999 -99  1.000000  0.000000
2010 09  387.390 -99 -9999 -999999 -99  1.000000  0.000000
2010 10  387.400 -99 -9999 -999999 -99  1.000000  0.000000
2010 11  387.350 -99 -9999 -999999 -99  1.000000  0.000000
2010 12  387.060 -99 -9999 -999999 -99  1.000000  0.000000
2011 01  386.960 -99 -9999 -999999 -99  1.000000  0.000000
2011 02  386.950 -99 -9999 -999999 -99  1.000000  0.000000
2011 03  387.000 -99 -9999 -999999 -99  1.000000  0.000000
2011 04  387.190 -99 -9999 -999999 -99  1.000000  0.000000
2011 05  387.310 -99 -9999 -999999 -99  1.000000  0.000000
2011 06  387.740 -99 -9999 -999999 -99  1.000000  0.000000
2011 07  388.200 -99 -9999 -999999 -99  1.000000  0.000000
2011 08  388.570 -99 -9999 -999999 -99  1.000000  0.000000
2011 09  389.020 -99 -9999 -999999 -99  1.000000  0.000000
2011 10  389.100 -99 -9999 -999999 -99  1.000000  0.000000
2011 11  388.950 -99 -9999 -999999 -99  1.000000  0.000000
2011 12  388.870 -99 -9999 -999999 -99  1.000000  0.000000
2012 01  388.760 -99 -9999 -999999 -99  1.000000  0.000000
2012 02  388.730 -99 -9999 -999999 -99  1.000000  0.000000
2012 03  388.770 -99 -9999 -999999 -99  1.000000  0.000000
2012 04  388.970 -99 -9999 -999999 -99  1.000000  0.000000
2012 05  389.210 -99 -9999 -999999 -99  1.000000  0.000000
2012 06  389.630 -99 -9999 -999999 -99  1.000000  0.000000
2012 07  390.260 -99 -9999 -999999 -99  1.000000  0.000000
2012 08  390.900 -99 -9999 -999999 -99  1.000000  0.000000
2012 09  391.250 -99 -9999 -999999 -99  1.000000  0.000000
2012 10  391.270 -99 -9999 -999999 -99  1.000000  0.000000
2012 11  391.120 -99 -9999 -999999 -99  1.000000  0.000000
2012 12  391.030 -99 -9999 -999999 -99  1.000000  0.000000
2013 01  391.150 -99 -9999 -999999 -99  1.000000  0.000000
2013 02  391.500 -99 -9999 -999999 -99  1.000000  0.000000
2013 03  391.760 -99 -9999 -999999 -99  1.000000  0.000000
2013 04  391.890 -99 -9999 -999999 -99  1.000000  0.000000
2013 05  392.240 -99 -9999 -999999 -99  1.000000  0.000000
2013 06  392.720 -99 -9999 -999999 -99  1.000000  0.000000
2013 07  393.260 -99 -9999 -999999 -99  1.000000  0.000000
2013 08  393.700 -99 -9999 -999999 -99  1.000000  0.000000
2013 09  393.840 -99 -9999 -999999 -99  1.000000  0.000000
2013 10  393.900 -99 -9999 -999999 -99  1.000000  0.000000
2013 11  393.800 -99 -9999 -999999 -99  1.000000  0.000000
2013 12  393.730 -99 -9999 -999999 -99  1.000000  0.000000
2014 01  393.760 -99 -9999 -999999 -99  1.000000  0.000000
2014 02  393.700 -99 -9999 -999999 -99  1.000000  0.000000
2014 03  393.740 -99 -9999 -999999 -99  1.000000  0.000000
2014 04  393.950 -99 -9999 -999999 -99  1.000000  0.000000
2014 05  394.210 -99 -9999 -999999 -99  1.000000  0.000000
2014 06  394.610 -99 -9999 -999999 -99  1.000000  0.000000
2014 07  395.150 -99 -9999 -999999 -99  1.000000  0.000000
2014 08  395.610 -99 -9999 -999999 -99  1.000000  0.000000
2014 09  395.810 -99 -9999 -999999 -99  1.000000  0.000000
2014 10  395.730 -99 -9999 -999999 -99  1.000000  0.000000
2014 11  395.590 -99 -9999 -999999 -99  1.000000  0.000000
2014 12  395.500 -99 -9999 -999999 -99  1.000000  0.000000
2015 01  395.580 -99 -9999 -999999 -99  1.000000  0.000000
2015 02  395.720 -99 -9999 -999999 -99  1.000000  0.000000
2015 03  395.810 -99 -9999 -999999 -99  1.000000  0.000000
2015 04  396.230 -99 -9999 -999999 -99  1.000000  0.000000
2015 05  396.710 -99 -9999 -999999 -99  1.000000  0.000000
2015 06  397.070 -99 -9999 -999999 -99  1.000000  0.000000
2015 07  397.590 -99 -9999 -999999 -99  1.000000  0.000000
2015 08  398.140 -99 -9999 -999999 -99  1.000000  0.000000
2015 09  398.480 -99 -9999 -999999 -99  1.000000  0.000000
2015 10  398.400 -99 -9999 -999999 -99  1.000000  0.000000
2015 11  398.340 -99 -9999 -999999 -99  1.000000  0.000000
2015 12  398.560 -99 -9999 -999999 -99  1.000000  0.000000
2016 01  398.690 -99 -9999 -999999 -99  1.000000  0.000000
2016 02  398.730 -99 -9999 -999999 -99  1.000000  0.000000
2016 03  398.900 -99 -9999 -999999 -99  1.000000  0.000000
2016 04  399.490 -99 -9999 -999999 -99  1.000000  0.000000
2016 05  399.940 -99 -9999 -999999 -99  1.000000  0.000000
2016 06  400.450 -99 -9999 -999999 -99  1.000000  0.000000
2016 07  401.140 -99 -9999 -999999 -99  1.000000  0.000000
2016 08  401.430 -99 -9999 -999999 -99  1.000000  0.000000
2016 09  401.560 -99 -9999 -999999 -99  1.000000  0.000000
2016 10  401.630 -99 -9999 -999999 -99  1.000000  0.000000
2016 11  401.360 -99 -9999 -999999 -99  1.000000  0.000000
2016 12  400.990 -99 -9999 -999999 -99  1.000000  0.000000
2017 01  400.900 -99 -9999 -999999 -99  1.000000  0.000000
2017 02  400.980 -99 -9999 -999999 -99  1.000000  0.000000
2017 03  401.050 -99 -9999 -999999 -99  1.000000  0.000000
2017 04  401.310 -99 -9999 -999999 -99  1.000000  0.000000
2017 05  401.670 -99 -9999 -999999 -99  1.000000  0.000000
2017 06  402.070 -99 -9999 -999999 -99  1.000000  0.000000
2017 07  402.720 -99 -9999 -999999 -99  1.000000  0.000000
2017 08  403.280 -99 -9999 -999999 -99  1.000000  0.000000
2017 09  403.490 -99 -9999 -999999 -99  1.000000  0.000000
2017 10  403.450 -99 -9999 -999999 -99  1.000000  0.000000
2017 11  403.500 -99 -9999 -999999 -99  1.000000  0.000000
2017 12  403.710 -99 -9999 -999999 -99  1.000000  0.000000
