REM01  EXPLANATORY 25-LINE FOR THE MONTHLY DATA
REM02  FILENAME: co2_chr_surface-flask_2_3001-9999_monthly.txt
REM03  STATION: Christmas Island
REM04  CATEGORY: GAW Regional
REM05  COUNTRY/TERRITORY: Kiribati
REM06  SUBMITTED BY: NOAA
REM07  LATITUDE:    1 42' N
REM08  LONGITUDE: 157 10' W
REM09  ALTITUDE:        3 m
REM10  RATIO: 1.000000 0.000000
REM11  PARAMETER: CO2
REM12  COVERING PERIOD: March 1984 - December 2017
REM13  UNIT: ppm
REM14  ANALYSIS: NDIR(1984-03-01 - 2017-12-01)
REM15  SAMPLING TYPE: surface-flask
REM16  CLASSIFICATION: Background observation
REM17  CALIBRATION: WMO CO2 X2007(1984-03-01 - 2017-12-01)
REM18  TABLENAME: CHR501N002f1
REM19  CALCULATION: contributor
REM20  REGISTRATION: 2018-09-25
REM21
REM22  COMMENT: Dataset was made from entire historical data provided from contributor from 2018 new WDCGG website open onward
REM23
REM24 M      CO2   V    ND      SD   F   RATIO_A   RATIO_B
REM25        ppm
1984 03  345.990 -99 -9999 -999999 -99  1.000000  0.000000
1984 04  346.840 -99 -9999 -999999 -99  1.000000  0.000000
1984 05  346.720 -99 -9999 -999999 -99  1.000000  0.000000
1984 06  345.700 -99 -9999 -999999 -99  1.000000  0.000000
1984 07  345.240 -99 -9999 -999999 -99  1.000000  0.000000
1984 08  344.690 -99 -9999 -999999 -99  1.000000  0.000000
1984 09  343.960 -99 -9999 -999999 -99  1.000000  0.000000
1984 10  343.630 -99 -9999 -999999 -99  1.000000  0.000000
1984 11  344.210 -99 -9999 -999999 -99  1.000000  0.000000
1984 12  345.040 -99 -9999 -999999 -99  1.000000  0.000000
1985 01  345.510 -99 -9999 -999999 -99  1.000000  0.000000
1985 02  346.000 -99 -9999 -999999 -99  1.000000  0.000000
1985 03  346.850 -99 -9999 -999999 -99  1.000000  0.000000
1985 04  347.240 -99 -9999 -999999 -99  1.000000  0.000000
1985 05  347.250 -99 -9999 -999999 -99  1.000000  0.000000
1985 06  347.280 -99 -9999 -999999 -99  1.000000  0.000000
1985 07  346.850 -99 -9999 -999999 -99  1.000000  0.000000
1985 08  345.970 -99 -9999 -999999 -99  1.000000  0.000000
1985 09  345.230 -99 -9999 -999999 -99  1.000000  0.000000
1985 10  344.680 -99 -9999 -999999 -99  1.000000  0.000000
1985 11  345.100 -99 -9999 -999999 -99  1.000000  0.000000
1985 12  346.290 -99 -9999 -999999 -99  1.000000  0.000000
1986 01  346.930 -99 -9999 -999999 -99  1.000000  0.000000
1986 02  347.200 -99 -9999 -999999 -99  1.000000  0.000000
1986 03  347.920 -99 -9999 -999999 -99  1.000000  0.000000
1986 04  348.790 -99 -9999 -999999 -99  1.000000  0.000000
1986 05  348.430 -99 -9999 -999999 -99  1.000000  0.000000
1986 06  348.010 -99 -9999 -999999 -99  1.000000  0.000000
1986 07  347.770 -99 -9999 -999999 -99  1.000000  0.000000
1986 08  346.630 -99 -9999 -999999 -99  1.000000  0.000000
1986 09  346.000 -99 -9999 -999999 -99  1.000000  0.000000
1986 10  346.070 -99 -9999 -999999 -99  1.000000  0.000000
1986 11  346.080 -99 -9999 -999999 -99  1.000000  0.000000
1986 12  346.010 -99 -9999 -999999 -99  1.000000  0.000000
1987 01  346.790 -99 -9999 -999999 -99  1.000000  0.000000
1987 02  348.030 -99 -9999 -999999 -99  1.000000  0.000000
1987 03  349.090 -99 -9999 -999999 -99  1.000000  0.000000
1987 04  350.120 -99 -9999 -999999 -99  1.000000  0.000000
1987 05  350.520 -99 -9999 -999999 -99  1.000000  0.000000
1987 06  349.950 -99 -9999 -999999 -99  1.000000  0.000000
1987 07  349.190 -99 -9999 -999999 -99  1.000000  0.000000
1987 08  348.920 -99 -9999 -999999 -99  1.000000  0.000000
1987 09  348.680 -99 -9999 -999999 -99  1.000000  0.000000
1987 10  348.230 -99 -9999 -999999 -99  1.000000  0.000000
1987 11  348.390 -99 -9999 -999999 -99  1.000000  0.000000
1987 12  349.570 -99 -9999 -999999 -99  1.000000  0.000000
1988 01  350.610 -99 -9999 -999999 -99  1.000000  0.000000
1988 02  351.330 -99 -9999 -999999 -99  1.000000  0.000000
1988 03  351.970 -99 -9999 -999999 -99  1.000000  0.000000
1988 04  352.300 -99 -9999 -999999 -99  1.000000  0.000000
1988 05  352.480 -99 -9999 -999999 -99  1.000000  0.000000
1988 06  352.170 -99 -9999 -999999 -99  1.000000  0.000000
1988 07  351.500 -99 -9999 -999999 -99  1.000000  0.000000
1988 08  350.770 -99 -9999 -999999 -99  1.000000  0.000000
1988 09  350.650 -99 -9999 -999999 -99  1.000000  0.000000
1988 10  350.930 -99 -9999 -999999 -99  1.000000  0.000000
1988 11  351.200 -99 -9999 -999999 -99  1.000000  0.000000
1988 12  352.070 -99 -9999 -999999 -99  1.000000  0.000000
1989 01  353.250 -99 -9999 -999999 -99  1.000000  0.000000
1989 02  354.150 -99 -9999 -999999 -99  1.000000  0.000000
1989 03  355.030 -99 -9999 -999999 -99  1.000000  0.000000
1989 04  354.960 -99 -9999 -999999 -99  1.000000  0.000000
1989 05  353.970 -99 -9999 -999999 -99  1.000000  0.000000
1989 06  353.800 -99 -9999 -999999 -99  1.000000  0.000000
1989 07  353.990 -99 -9999 -999999 -99  1.000000  0.000000
1989 08  353.380 -99 -9999 -999999 -99  1.000000  0.000000
1989 09  352.550 -99 -9999 -999999 -99  1.000000  0.000000
1989 10  352.330 -99 -9999 -999999 -99  1.000000  0.000000
1989 11  352.500 -99 -9999 -999999 -99  1.000000  0.000000
1989 12  353.020 -99 -9999 -999999 -99  1.000000  0.000000
1990 01  354.140 -99 -9999 -999999 -99  1.000000  0.000000
1990 02  355.350 -99 -9999 -999999 -99  1.000000  0.000000
1990 03  355.500 -99 -9999 -999999 -99  1.000000  0.000000
1990 04  354.820 -99 -9999 -999999 -99  1.000000  0.000000
1990 05  354.850 -99 -9999 -999999 -99  1.000000  0.000000
1990 06  355.190 -99 -9999 -999999 -99  1.000000  0.000000
1990 07  354.780 -99 -9999 -999999 -99  1.000000  0.000000
1990 08  354.380 -99 -9999 -999999 -99  1.000000  0.000000
1990 09  354.020 -99 -9999 -999999 -99  1.000000  0.000000
1990 10  353.640 -99 -9999 -999999 -99  1.000000  0.000000
1990 11  353.760 -99 -9999 -999999 -99  1.000000  0.000000
1990 12  354.440 -99 -9999 -999999 -99  1.000000  0.000000
1991 01  355.230 -99 -9999 -999999 -99  1.000000  0.000000
1991 02  355.820 -99 -9999 -999999 -99  1.000000  0.000000
1991 03  356.570 -99 -9999 -999999 -99  1.000000  0.000000
1991 04  356.680 -99 -9999 -999999 -99  1.000000  0.000000
1991 05  356.350 -99 -9999 -999999 -99  1.000000  0.000000
1991 06  356.520 -99 -9999 -999999 -99  1.000000  0.000000
1991 07  356.070 -99 -9999 -999999 -99  1.000000  0.000000
1991 08  355.010 -99 -9999 -999999 -99  1.000000  0.000000
1991 09  354.210 -99 -9999 -999999 -99  1.000000  0.000000
1991 10  354.390 -99 -9999 -999999 -99  1.000000  0.000000
1991 11  355.140 -99 -9999 -999999 -99  1.000000  0.000000
1991 12  355.490 -99 -9999 -999999 -99  1.000000  0.000000
1992 01  356.280 -99 -9999 -999999 -99  1.000000  0.000000
1992 02  356.740 -99 -9999 -999999 -99  1.000000  0.000000
1992 03  357.080 -99 -9999 -999999 -99  1.000000  0.000000
1992 04  358.330 -99 -9999 -999999 -99  1.000000  0.000000
1992 05  358.850 -99 -9999 -999999 -99  1.000000  0.000000
1992 06  357.970 -99 -9999 -999999 -99  1.000000  0.000000
1992 07  356.930 -99 -9999 -999999 -99  1.000000  0.000000
1992 08  356.120 -99 -9999 -999999 -99  1.000000  0.000000
1992 09  355.550 -99 -9999 -999999 -99  1.000000  0.000000
1992 10  355.350 -99 -9999 -999999 -99  1.000000  0.000000
1992 11  355.360 -99 -9999 -999999 -99  1.000000  0.000000
1992 12  356.080 -99 -9999 -999999 -99  1.000000  0.000000
1993 01  357.040 -99 -9999 -999999 -99  1.000000  0.000000
1993 02  357.260 -99 -9999 -999999 -99  1.000000  0.000000
1993 03  357.590 -99 -9999 -999999 -99  1.000000  0.000000
1993 04  359.150 -99 -9999 -999999 -99  1.000000  0.000000
1993 05  359.640 -99 -9999 -999999 -99  1.000000  0.000000
1993 06  358.350 -99 -9999 -999999 -99  1.000000  0.000000
1993 07  357.720 -99 -9999 -999999 -99  1.000000  0.000000
1993 08  357.510 -99 -9999 -999999 -99  1.000000  0.000000
1993 09  356.900 -99 -9999 -999999 -99  1.000000  0.000000
1993 10  356.470 -99 -9999 -999999 -99  1.000000  0.000000
1993 11  356.850 -99 -9999 -999999 -99  1.000000  0.000000
1993 12  357.860 -99 -9999 -999999 -99  1.000000  0.000000
1994 01  358.790 -99 -9999 -999999 -99  1.000000  0.000000
1994 02  359.410 -99 -9999 -999999 -99  1.000000  0.000000
1994 03  359.480 -99 -9999 -999999 -99  1.000000  0.000000
1994 04  359.560 -99 -9999 -999999 -99  1.000000  0.000000
1994 05  359.750 -99 -9999 -999999 -99  1.000000  0.000000
1994 06  359.320 -99 -9999 -999999 -99  1.000000  0.000000
1994 07  358.670 -99 -9999 -999999 -99  1.000000  0.000000
1995 12  360.930 -99 -9999 -999999 -99  1.000000  0.000000
1996 01  361.860 -99 -9999 -999999 -99  1.000000  0.000000
1996 02  362.640 -99 -9999 -999999 -99  1.000000  0.000000
1996 03  363.040 -99 -9999 -999999 -99  1.000000  0.000000
1996 04  363.010 -99 -9999 -999999 -99  1.000000  0.000000
1996 05  362.930 -99 -9999 -999999 -99  1.000000  0.000000
1996 06  363.380 -99 -9999 -999999 -99  1.000000  0.000000
1996 07  363.570 -99 -9999 -999999 -99  1.000000  0.000000
1998 11  366.120 -99 -9999 -999999 -99  1.000000  0.000000
1998 12  366.730 -99 -9999 -999999 -99  1.000000  0.000000
1999 01  367.500 -99 -9999 -999999 -99  1.000000  0.000000
1999 02  368.500 -99 -9999 -999999 -99  1.000000  0.000000
1999 03  369.900 -99 -9999 -999999 -99  1.000000  0.000000
1999 04  370.170 -99 -9999 -999999 -99  1.000000  0.000000
1999 05  368.810 -99 -9999 -999999 -99  1.000000  0.000000
1999 06  368.460 -99 -9999 -999999 -99  1.000000  0.000000
1999 07  368.700 -99 -9999 -999999 -99  1.000000  0.000000
1999 08  367.750 -99 -9999 -999999 -99  1.000000  0.000000
1999 09  367.070 -99 -9999 -999999 -99  1.000000  0.000000
1999 10  367.290 -99 -9999 -999999 -99  1.000000  0.000000
1999 11  367.860 -99 -9999 -999999 -99  1.000000  0.000000
1999 12  368.580 -99 -9999 -999999 -99  1.000000  0.000000
2000 01  369.190 -99 -9999 -999999 -99  1.000000  0.000000
2000 02  369.950 -99 -9999 -999999 -99  1.000000  0.000000
2000 03  371.110 -99 -9999 -999999 -99  1.000000  0.000000
2000 04  372.270 -99 -9999 -999999 -99  1.000000  0.000000
2000 05  372.020 -99 -9999 -999999 -99  1.000000  0.000000
2000 06  370.280 -99 -9999 -999999 -99  1.000000  0.000000
2000 07  369.710 -99 -9999 -999999 -99  1.000000  0.000000
2000 08  369.330 -99 -9999 -999999 -99  1.000000  0.000000
2000 09  368.660 -99 -9999 -999999 -99  1.000000  0.000000
2000 10  368.710 -99 -9999 -999999 -99  1.000000  0.000000
2000 11  369.330 -99 -9999 -999999 -99  1.000000  0.000000
2000 12  370.150 -99 -9999 -999999 -99  1.000000  0.000000
2001 01  370.790 -99 -9999 -999999 -99  1.000000  0.000000
2001 02  371.380 -99 -9999 -999999 -99  1.000000  0.000000
2001 12  371.910 -99 -9999 -999999 -99  1.000000  0.000000
2002 01  372.340 -99 -9999 -999999 -99  1.000000  0.000000
2002 02  372.820 -99 -9999 -999999 -99  1.000000  0.000000
2002 03  373.810 -99 -9999 -999999 -99  1.000000  0.000000
2002 04  374.470 -99 -9999 -999999 -99  1.000000  0.000000
2002 05  374.100 -99 -9999 -999999 -99  1.000000  0.000000
2002 06  373.650 -99 -9999 -999999 -99  1.000000  0.000000
2002 07  373.540 -99 -9999 -999999 -99  1.000000  0.000000
2002 08  373.280 -99 -9999 -999999 -99  1.000000  0.000000
2002 09  372.810 -99 -9999 -999999 -99  1.000000  0.000000
2002 10  372.840 -99 -9999 -999999 -99  1.000000  0.000000
2002 11  373.270 -99 -9999 -999999 -99  1.000000  0.000000
2002 12  373.880 -99 -9999 -999999 -99  1.000000  0.000000
2003 01  374.740 -99 -9999 -999999 -99  1.000000  0.000000
2003 02  375.300 -99 -9999 -999999 -99  1.000000  0.000000
2003 03  375.560 -99 -9999 -999999 -99  1.000000  0.000000
2003 04  375.880 -99 -9999 -999999 -99  1.000000  0.000000
2003 05  376.260 -99 -9999 -999999 -99  1.000000  0.000000
2003 06  376.410 -99 -9999 -999999 -99  1.000000  0.000000
2003 07  376.150 -99 -9999 -999999 -99  1.000000  0.000000
2003 08  375.650 -99 -9999 -999999 -99  1.000000  0.000000
2003 09  375.070 -99 -9999 -999999 -99  1.000000  0.000000
2003 10  374.700 -99 -9999 -999999 -99  1.000000  0.000000
2003 11  375.080 -99 -9999 -999999 -99  1.000000  0.000000
2003 12  376.150 -99 -9999 -999999 -99  1.000000  0.000000
2004 01  376.940 -99 -9999 -999999 -99  1.000000  0.000000
2004 02  377.400 -99 -9999 -999999 -99  1.000000  0.000000
2004 03  378.640 -99 -9999 -999999 -99  1.000000  0.000000
2004 04  379.320 -99 -9999 -999999 -99  1.000000  0.000000
2004 05  378.540 -99 -9999 -999999 -99  1.000000  0.000000
2004 06  377.870 -99 -9999 -999999 -99  1.000000  0.000000
2004 07  377.710 -99 -9999 -999999 -99  1.000000  0.000000
2004 08  376.930 -99 -9999 -999999 -99  1.000000  0.000000
2004 09  376.300 -99 -9999 -999999 -99  1.000000  0.000000
2004 10  376.350 -99 -9999 -999999 -99  1.000000  0.000000
2004 11  376.820 -99 -9999 -999999 -99  1.000000  0.000000
2004 12  377.690 -99 -9999 -999999 -99  1.000000  0.000000
2005 01  378.600 -99 -9999 -999999 -99  1.000000  0.000000
2005 02  379.380 -99 -9999 -999999 -99  1.000000  0.000000
2005 03  379.560 -99 -9999 -999999 -99  1.000000  0.000000
2005 04  379.550 -99 -9999 -999999 -99  1.000000  0.000000
2005 05  380.170 -99 -9999 -999999 -99  1.000000  0.000000
2005 06  380.430 -99 -9999 -999999 -99  1.000000  0.000000
2005 07  380.020 -99 -9999 -999999 -99  1.000000  0.000000
2005 08  379.380 -99 -9999 -999999 -99  1.000000  0.000000
2005 09  378.950 -99 -9999 -999999 -99  1.000000  0.000000
2005 10  379.060 -99 -9999 -999999 -99  1.000000  0.000000
2005 11  379.480 -99 -9999 -999999 -99  1.000000  0.000000
2005 12  380.220 -99 -9999 -999999 -99  1.000000  0.000000
2006 01  381.150 -99 -9999 -999999 -99  1.000000  0.000000
2006 02  381.710 -99 -9999 -999999 -99  1.000000  0.000000
2006 03  382.620 -99 -9999 -999999 -99  1.000000  0.000000
2006 04  383.390 -99 -9999 -999999 -99  1.000000  0.000000
2006 05  382.250 -99 -9999 -999999 -99  1.000000  0.000000
2006 06  381.220 -99 -9999 -999999 -99  1.000000  0.000000
2006 07  381.400 -99 -9999 -999999 -99  1.000000  0.000000
2006 08  381.090 -99 -9999 -999999 -99  1.000000  0.000000
2006 09  380.630 -99 -9999 -999999 -99  1.000000  0.000000
2006 10  380.530 -99 -9999 -999999 -99  1.000000  0.000000
2006 11  380.840 -99 -9999 -999999 -99  1.000000  0.000000
2006 12  381.670 -99 -9999 -999999 -99  1.000000  0.000000
2007 01  382.540 -99 -9999 -999999 -99  1.000000  0.000000
2007 02  383.250 -99 -9999 -999999 -99  1.000000  0.000000
2007 03  384.090 -99 -9999 -999999 -99  1.000000  0.000000
2007 04  384.370 -99 -9999 -999999 -99  1.000000  0.000000
2007 05  384.020 -99 -9999 -999999 -99  1.000000  0.000000
2007 06  384.020 -99 -9999 -999999 -99  1.000000  0.000000
2007 07  384.020 -99 -9999 -999999 -99  1.000000  0.000000
2007 08  383.380 -99 -9999 -999999 -99  1.000000  0.000000
2007 09  382.850 -99 -9999 -999999 -99  1.000000  0.000000
2007 10  383.030 -99 -9999 -999999 -99  1.000000  0.000000
2007 11  383.460 -99 -9999 -999999 -99  1.000000  0.000000
2007 12  383.980 -99 -9999 -999999 -99  1.000000  0.000000
2008 01  384.860 -99 -9999 -999999 -99  1.000000  0.000000
2008 02  385.220 -99 -9999 -999999 -99  1.000000  0.000000
2008 03  385.470 -99 -9999 -999999 -99  1.000000  0.000000
2008 04  386.270 -99 -9999 -999999 -99  1.000000  0.000000
2008 05  386.030 -99 -9999 -999999 -99  1.000000  0.000000
2008 06  385.470 -99 -9999 -999999 -99  1.000000  0.000000
2008 07  385.540 -99 -9999 -999999 -99  1.000000  0.000000
2008 08  385.140 -99 -9999 -999999 -99  1.000000  0.000000
2008 09  384.490 -99 -9999 -999999 -99  1.000000  0.000000
2008 10  384.470 -99 -9999 -999999 -99  1.000000  0.000000
2008 11  385.060 -99 -9999 -999999 -99  1.000000  0.000000
2008 12  385.800 -99 -9999 -999999 -99  1.000000  0.000000
2009 01  386.490 -99 -9999 -999999 -99  1.000000  0.000000
2009 02  387.630 -99 -9999 -999999 -99  1.000000  0.000000
2009 03  388.560 -99 -9999 -999999 -99  1.000000  0.000000
2009 04  388.210 -99 -9999 -999999 -99  1.000000  0.000000
2009 05  387.700 -99 -9999 -999999 -99  1.000000  0.000000
2009 06  387.730 -99 -9999 -999999 -99  1.000000  0.000000
2009 10  386.150 -99 -9999 -999999 -99  1.000000  0.000000
2009 11  386.450 -99 -9999 -999999 -99  1.000000  0.000000
2009 12  387.240 -99 -9999 -999999 -99  1.000000  0.000000
2010 01  388.580 -99 -9999 -999999 -99  1.000000  0.000000
2010 02  390.160 -99 -9999 -999999 -99  1.000000  0.000000
2010 03  390.460 -99 -9999 -999999 -99  1.000000  0.000000
2010 04  389.490 -99 -9999 -999999 -99  1.000000  0.000000
2010 05  389.060 -99 -9999 -999999 -99  1.000000  0.000000
2010 06  389.190 -99 -9999 -999999 -99  1.000000  0.000000
2010 07  389.220 -99 -9999 -999999 -99  1.000000  0.000000
2010 08  388.620 -99 -9999 -999999 -99  1.000000  0.000000
2010 09  388.090 -99 -9999 -999999 -99  1.000000  0.000000
2010 10  388.330 -99 -9999 -999999 -99  1.000000  0.000000
2010 11  389.110 -99 -9999 -999999 -99  1.000000  0.000000
2010 12  389.830 -99 -9999 -999999 -99  1.000000  0.000000
2011 01  390.250 -99 -9999 -999999 -99  1.000000  0.000000
2011 02  390.650 -99 -9999 -999999 -99  1.000000  0.000000
2011 03  391.030 -99 -9999 -999999 -99  1.000000  0.000000
2011 04  391.380 -99 -9999 -999999 -99  1.000000  0.000000
2011 05  392.010 -99 -9999 -999999 -99  1.000000  0.000000
2011 06  392.430 -99 -9999 -999999 -99  1.000000  0.000000
2011 07  391.830 -99 -9999 -999999 -99  1.000000  0.000000
2011 08  390.940 -99 -9999 -999999 -99  1.000000  0.000000
2011 09  390.590 -99 -9999 -999999 -99  1.000000  0.000000
2011 10  390.730 -99 -9999 -999999 -99  1.000000  0.000000
2011 11  391.060 -99 -9999 -999999 -99  1.000000  0.000000
2011 12  391.560 -99 -9999 -999999 -99  1.000000  0.000000
2012 01  392.490 -99 -9999 -999999 -99  1.000000  0.000000
2012 02  393.770 -99 -9999 -999999 -99  1.000000  0.000000
2012 03  394.490 -99 -9999 -999999 -99  1.000000  0.000000
2012 04  394.060 -99 -9999 -999999 -99  1.000000  0.000000
2012 05  393.130 -99 -9999 -999999 -99  1.000000  0.000000
2012 06  392.710 -99 -9999 -999999 -99  1.000000  0.000000
2012 07  392.480 -99 -9999 -999999 -99  1.000000  0.000000
2012 08  392.470 -99 -9999 -999999 -99  1.000000  0.000000
2012 09  392.840 -99 -9999 -999999 -99  1.000000  0.000000
2012 10  393.420 -99 -9999 -999999 -99  1.000000  0.000000
2012 11  393.750 -99 -9999 -999999 -99  1.000000  0.000000
2012 12  394.190 -99 -9999 -999999 -99  1.000000  0.000000
2013 06  396.940 -99 -9999 -999999 -99  1.000000  0.000000
2013 07  396.600 -99 -9999 -999999 -99  1.000000  0.000000
2013 08  395.870 -99 -9999 -999999 -99  1.000000  0.000000
2013 09  395.110 -99 -9999 -999999 -99  1.000000  0.000000
2013 10  394.850 -99 -9999 -999999 -99  1.000000  0.000000
2013 11  395.360 -99 -9999 -999999 -99  1.000000  0.000000
2013 12  396.360 -99 -9999 -999999 -99  1.000000  0.000000
2014 01  397.180 -99 -9999 -999999 -99  1.000000  0.000000
2014 02  397.240 -99 -9999 -999999 -99  1.000000  0.000000
2014 03  397.630 -99 -9999 -999999 -99  1.000000  0.000000
2014 04  398.570 -99 -9999 -999999 -99  1.000000  0.000000
2014 05  397.910 -99 -9999 -999999 -99  1.000000  0.000000
2014 06  397.090 -99 -9999 -999999 -99  1.000000  0.000000
2014 07  397.160 -99 -9999 -999999 -99  1.000000  0.000000
2014 08  397.030 -99 -9999 -999999 -99  1.000000  0.000000
2014 09  396.940 -99 -9999 -999999 -99  1.000000  0.000000
2014 10  397.240 -99 -9999 -999999 -99  1.000000  0.000000
2016 04  404.840 -99 -9999 -999999 -99  1.000000  0.000000
2016 05  404.270 -99 -9999 -999999 -99  1.000000  0.000000
2016 06  403.930 -99 -9999 -999999 -99  1.000000  0.000000
2016 07  403.530 -99 -9999 -999999 -99  1.000000  0.000000
2016 08  403.270 -99 -9999 -999999 -99  1.000000  0.000000
2016 09  402.860 -99 -9999 -999999 -99  1.000000  0.000000
2016 10  402.530 -99 -9999 -999999 -99  1.000000  0.000000
2016 11  403.270 -99 -9999 -999999 -99  1.000000  0.000000
2016 12  404.490 -99 -9999 -999999 -99  1.000000  0.000000
2017 09  404.500 -99 -9999 -999999 -99  1.000000  0.000000
2017 10  404.400 -99 -9999 -999999 -99  1.000000  0.000000
2017 11  404.850 -99 -9999 -999999 -99  1.000000  0.000000
2017 12  405.760 -99 -9999 -999999 -99  1.000000  0.000000
