REM01  EXPLANATORY 25-LINE FOR THE MONTHLY DATA
REM02  FILENAME: co2_cmn_surface-insitu_29_9999-9999_monthly.txt
REM03  STATION: Monte Cimone
REM04  CATEGORY: GAW Global
REM05  COUNTRY/TERRITORY: Italy
REM06  SUBMITTED BY: IAFMS
REM07  LATITUDE:   44 10' N
REM08  LONGITUDE:  10 41' E
REM09  ALTITUDE:     2165 m
REM10  RATIO: 1.000000 0.000000, 1.000000 0.000000
REM11  PARAMETER: CO2
REM12  COVERING PERIOD: March 1979 - December 2017
REM13  UNIT: ppm
REM14  ANALYSIS: NDIR(1979-03-01 - 2010-04-30), NDIR(2010-05-01 - 2015-05-31), CRDS(2015-06-01 - 2017-12-01)
REM15  SAMPLING TYPE: surface-insitu
REM16  CLASSIFICATION: Background observation
REM17  CALIBRATION: WMO CO2 X1993(1979-03-01 - 2010-12-31), WMO CO2 X2007(2011-01-01 - 2017-12-01)
REM18  TABLENAME: CMN644N029iz
REM19  CALCULATION: wdcgg
REM20  REGISTRATION: 2018-06-08
REM21
REM22  COMMENT: Dataset was made from entire historical data provided from contributor from 2018 new WDCGG website open onward
REM23
REM24 M      CO2   V    ND      SD   F   RATIO_A   RATIO_B
REM25        ppm
1979 03  341.960 -99    26   2.340 -99  1.000000  0.000000
1979 04  342.430 -99    27   1.720 -99  1.000000  0.000000
1979 05  337.430 -99    25   1.940 -99  1.000000  0.000000
1979 06  334.320 -99    29   2.850 -99  1.000000  0.000000
1979 07  330.130 -99    31   2.980 -99  1.000000  0.000000
1979 08  327.620 -99    29   2.460 -99  1.000000  0.000000
1979 09  328.990 -99    30   4.350 -99  1.000000  0.000000
1979 10  334.760 -99    30   2.730 -99  1.000000  0.000000
1979 11  337.340 -99    30   3.350 -99  1.000000  0.000000
1979 12  337.990 -99    31   3.720 -99  1.000000  0.000000
1980 01  341.380 -99    31   2.560 -99  1.000000  0.000000
1980 02  340.410 -99    29   2.290 -99  1.000000  0.000000
1980 03  342.770 -99    31   2.290 -99  1.000000  0.000000
1980 04  343.000 -99    30   2.020 -99  1.000000  0.000000
1980 05  338.770 -99    31   1.800 -99  1.000000  0.000000
1980 06  336.010 -99    30   1.660 -99  1.000000  0.000000
1980 07  330.620 -99    31   2.540 -99  1.000000  0.000000
1980 08  329.280 -99    27   2.030 -99  1.000000  0.000000
1980 09  331.640 -99    29   1.990 -99  1.000000  0.000000
1980 10  335.510 -99    31   2.220 -99  1.000000  0.000000
1980 11  339.540 -99    28   2.540 -99  1.000000  0.000000
1980 12  340.940 -99    31   2.860 -99  1.000000  0.000000
1981 01  341.970 -99    31   1.970 -99  1.000000  0.000000
1981 02  343.600 -99    28   3.000 -99  1.000000  0.000000
1981 03  342.910 -99    29   1.700 -99  1.000000  0.000000
1981 04  343.010 -99    30   1.190 -99  1.000000  0.000000
1981 05  339.990 -99    31   2.420 -99  1.000000  0.000000
1981 06  335.770 -99    30   2.260 -99  1.000000  0.000000
1981 07  331.250 -99    31   3.330 -99  1.000000  0.000000
1981 08  330.780 -99    31   2.160 -99  1.000000  0.000000
1981 09  334.030 -99    30   1.750 -99  1.000000  0.000000
1981 10  337.290 -99    31   1.790 -99  1.000000  0.000000
1981 11  339.900 -99    30   2.260 -99  1.000000  0.000000
1981 12  343.680 -99    31   2.070 -99  1.000000  0.000000
1982 01  342.190 -99    29   1.800 -99  1.000000  0.000000
1982 02  344.880 -99    28   2.580 -99  1.000000  0.000000
1982 03  346.180 -99    31   1.780 -99  1.000000  0.000000
1982 04  346.200 -99    30   0.960 -99  1.000000  0.000000
1982 05  341.310 -99    31   2.620 -99  1.000000  0.000000
1982 06  337.160 -99    30   2.870 -99  1.000000  0.000000
1982 07  335.130 -99    31   2.300 -99  1.000000  0.000000
1982 08  332.880 -99    31   2.350 -99  1.000000  0.000000
1982 09  335.630 -99    30   1.250 -99  1.000000  0.000000
1982 10  339.750 -99    31   1.540 -99  1.000000  0.000000
1982 11  341.660 -99    30   2.760 -99  1.000000  0.000000
1982 12  345.700 -99    12   4.450 -99  1.000000  0.000000
1983 01  342.880 -99    30   1.560 -99  1.000000  0.000000
1983 02  346.680 -99    28   2.260 -99  1.000000  0.000000
1983 03  345.510 -99    31   1.780 -99  1.000000  0.000000
1983 04  344.730 -99    16   1.520 -99  1.000000  0.000000
1983 05  342.820 -99    31   1.400 -99  1.000000  0.000000
1983 06  338.830 -99    30   1.820 -99  1.000000  0.000000
1983 07  336.520 -99    31   3.980 -99  1.000000  0.000000
1983 08  335.490 -99    31   3.200 -99  1.000000  0.000000
1983 09  337.050 -99    30   1.800 -99  1.000000  0.000000
1983 10  340.350 -99    31   1.680 -99  1.000000  0.000000
1983 11  344.470 -99    30   2.340 -99  1.000000  0.000000
1983 12  346.120 -99    31   2.440 -99  1.000000  0.000000
1984 01  346.820 -99    31   1.620 -99  1.000000  0.000000
1984 02  349.950 -99    29   3.200 -99  1.000000  0.000000
1984 03  351.840 -99    31   2.920 -99  1.000000  0.000000
1984 04  351.110 -99    30   2.610 -99  1.000000  0.000000
1984 05  346.930 -99    31   1.090 -99  1.000000  0.000000
1984 06  344.870 -99     9   2.140 -99  1.000000  0.000000
1984 07  336.770 -99    26   2.880 -99  1.000000  0.000000
1984 08  335.690 -99    31   3.150 -99  1.000000  0.000000
1984 09  338.070 -99    29   2.740 -99  1.000000  0.000000
1984 10  342.790 -99    30   2.160 -99  1.000000  0.000000
1984 11  345.400 -99    30   1.930 -99  1.000000  0.000000
1984 12  347.420 -99    31   3.040 -99  1.000000  0.000000
1985 01  350.430 -99    31   2.210 -99  1.000000  0.000000
1985 02  348.670 -99    28   1.770 -99  1.000000  0.000000
1985 03  351.130 -99    31   3.490 -99  1.000000  0.000000
1985 04  351.030 -99    19   1.400 -99  1.000000  0.000000
1985 05  346.440 -99    23   2.520 -99  1.000000  0.000000
1985 06  341.930 -99    30   2.370 -99  1.000000  0.000000
1985 07  338.170 -99    31   2.380 -99  1.000000  0.000000
1985 08  337.650 -99    31   1.770 -99  1.000000  0.000000
1985 09  339.890 -99    30   1.370 -99  1.000000  0.000000
1985 10  344.570 -99    31   2.910 -99  1.000000  0.000000
1985 11  350.010 -99    30   4.330 -99  1.000000  0.000000
1985 12  347.910 -99    31   2.450 -99  1.000000  0.000000
1986 01  349.920 -99    31   2.000 -99  1.000000  0.000000
1986 02  351.950 -99    26   2.530 -99  1.000000  0.000000
1986 03  352.800 -99    31   2.280 -99  1.000000  0.000000
1986 04  351.250 -99    24   2.350 -99  1.000000  0.000000
1986 05  348.890 -99    31   2.350 -99  1.000000  0.000000
1986 06  343.450 -99    30   3.440 -99  1.000000  0.000000
1986 07  337.710 -99    31   3.540 -99  1.000000  0.000000
1986 08  339.040 -99    31   2.340 -99  1.000000  0.000000
1986 09  341.380 -99    30   3.560 -99  1.000000  0.000000
1986 10  346.790 -99    31   2.710 -99  1.000000  0.000000
1986 11  349.470 -99    27   1.810 -99  1.000000  0.000000
1986 12  351.030 -99    31   3.660 -99  1.000000  0.000000
1987 01  352.440 -99    31   3.120 -99  1.000000  0.000000
1987 02  354.250 -99    28   4.150 -99  1.000000  0.000000
1987 03  355.310 -99    31   3.340 -99  1.000000  0.000000
1987 04  353.130 -99    30   1.810 -99  1.000000  0.000000
1987 05  350.910 -99    31   2.050 -99  1.000000  0.000000
1987 06  347.890 -99    30   2.400 -99  1.000000  0.000000
1987 07  342.140 -99    31   4.310 -99  1.000000  0.000000
1987 08  342.130 -99    31   1.430 -99  1.000000  0.000000
1987 09  342.700 -99    30   1.610 -99  1.000000  0.000000
1987 10  346.180 -99    31   2.590 -99  1.000000  0.000000
1987 11  350.880 -99    30   4.330 -99  1.000000  0.000000
1987 12  352.900 -99    29   2.950 -99  1.000000  0.000000
1988 01  353.750 -99    31   1.310 -99  1.000000  0.000000
1988 02  355.800 -99    29   3.560 -99  1.000000  0.000000
1988 03  355.890 -99    31   1.540 -99  1.000000  0.000000
1988 04  355.540 -99    30   1.030 -99  1.000000  0.000000
1988 05  353.330 -99    31   2.270 -99  1.000000  0.000000
1988 06  347.870 -99    30   3.450 -99  1.000000  0.000000
1988 07  343.780 -99    29   4.420 -99  1.000000  0.000000
1988 08  345.820 -99    31   2.590 -99  1.000000  0.000000
1988 09  344.960 -99    30   1.830 -99  1.000000  0.000000
1988 10  350.650 -99    31   2.780 -99  1.000000  0.000000
1988 11  354.310 -99    30   3.360 -99  1.000000  0.000000
1988 12  355.290 -99    31   2.590 -99  1.000000  0.000000
1989 01  354.330 -99    31   1.100 -99  1.000000  0.000000
1989 02  355.530 -99    28   2.040 -99  1.000000  0.000000
1989 03  357.410 -99    31   2.300 -99  1.000000  0.000000
1989 04  358.400 -99    30   1.100 -99  1.000000  0.000000
1989 05  352.800 -99    31   2.870 -99  1.000000  0.000000
1989 06  349.850 -99    28   3.140 -99  1.000000  0.000000
1989 07  348.110 -99    31   2.560 -99  1.000000  0.000000
1989 08  346.490 -99    31   2.180 -99  1.000000  0.000000
1989 09  348.820 -99    30   2.420 -99  1.000000  0.000000
1989 10  351.670 -99    31   1.510 -99  1.000000  0.000000
1989 11  354.860 -99    30   1.610 -99  1.000000  0.000000
1989 12  355.860 -99    31   1.050 -99  1.000000  0.000000
1990 01  356.240 -99    29   0.980 -99  1.000000  0.000000
1990 02  356.950 -99    28   1.760 -99  1.000000  0.000000
1990 03  358.990 -99    31   2.170 -99  1.000000  0.000000
1990 04  359.260 -99    30   0.970 -99  1.000000  0.000000
1990 05  354.220 -99    31   1.820 -99  1.000000  0.000000
1990 06  351.630 -99    27   2.900 -99  1.000000  0.000000
1990 07  347.810 -99    31   3.110 -99  1.000000  0.000000
1990 08  346.540 -99    31   2.740 -99  1.000000  0.000000
1990 09  349.330 -99    30   1.730 -99  1.000000  0.000000
1990 10  353.650 -99    31   2.360 -99  1.000000  0.000000
1990 11  356.880 -99    30   2.210 -99  1.000000  0.000000
1990 12  360.600 -99    31   3.130 -99  1.000000  0.000000
1991 01  358.090 -99    31   2.240 -99  1.000000  0.000000
1991 02  361.180 -99    28   3.290 -99  1.000000  0.000000
1991 03  361.320 -99    31   2.790 -99  1.000000  0.000000
1991 04  361.080 -99    29   1.340 -99  1.000000  0.000000
1991 05  358.370 -99    31   1.550 -99  1.000000  0.000000
1991 06  353.750 -99    28   3.650 -99  1.000000  0.000000
1991 07  348.820 -99    27   2.200 -99  1.000000  0.000000
1991 08  347.240 -99    31   2.760 -99  1.000000  0.000000
1991 09  351.080 -99    28   3.210 -99  1.000000  0.000000
1991 10  354.040 -99    31   2.020 -99  1.000000  0.000000
1991 11  358.770 -99    30   4.350 -99  1.000000  0.000000
1991 12  359.860 -99    26   2.020 -99  1.000000  0.000000
1992 01  359.020 -99    31   2.590 -99  1.000000  0.000000
1992 02  360.300 -99    26   2.030 -99  1.000000  0.000000
1992 03  361.930 -99    30   1.910 -99  1.000000  0.000000
1992 04  360.480 -99    28   1.910 -99  1.000000  0.000000
1992 05  356.520 -99    31   2.360 -99  1.000000  0.000000
1992 06  353.030 -99    28   4.740 -99  1.000000  0.000000
1992 07  346.940 -99    30   3.220 -99  1.000000  0.000000
1992 08  348.090 -99    31   2.820 -99  1.000000  0.000000
1992 09  349.230 -99    30   3.210 -99  1.000000  0.000000
1992 10  355.340 -99    30   1.600 -99  1.000000  0.000000
1992 11  356.380 -99    30   1.710 -99  1.000000  0.000000
1992 12  359.270 -99    31   2.440 -99  1.000000  0.000000
1993 01  359.410 -99    31   2.340 -99  1.000000  0.000000
1993 02  361.960 -99    24   2.780 -99  1.000000  0.000000
1993 03  363.500 -99    31   2.320 -99  1.000000  0.000000
1993 04  361.960 -99    30   1.430 -99  1.000000  0.000000
1993 05  358.310 -99    31   2.280 -99  1.000000  0.000000
1993 06  353.620 -99    30   2.840 -99  1.000000  0.000000
1993 07  351.450 -99    30   2.810 -99  1.000000  0.000000
1993 08  351.070 -99    31   1.900 -99  1.000000  0.000000
1993 09  351.280 -99    29   2.340 -99  1.000000  0.000000
1993 10  355.770 -99    31   2.780 -99  1.000000  0.000000
1993 11  361.580 -99    27   2.890 -99  1.000000  0.000000
1993 12  360.350 -99    26   1.880 -99  1.000000  0.000000
1994 01  361.390 -99    31   1.920 -99  1.000000  0.000000
1994 02  363.880 -99    24   3.760 -99  1.000000  0.000000
1994 03  362.100 -99    31   1.020 -99  1.000000  0.000000
1994 04  364.480 -99    25   1.500 -99  1.000000  0.000000
1994 05  361.070 -99    30   1.830 -99  1.000000  0.000000
1994 06  356.140 -99    28   3.590 -99  1.000000  0.000000
1994 07  350.740 -99    31   3.050 -99  1.000000  0.000000
1994 08  352.300 -99    30   2.810 -99  1.000000  0.000000
1994 09  353.210 -99    27   1.640 -99  1.000000  0.000000
1994 10  357.590 -99    28   2.700 -99  1.000000  0.000000
1994 11  360.480 -99    29   3.080 -99  1.000000  0.000000
1994 12  363.300 -99    31   4.370 -99  1.000000  0.000000
1995 01  364.760 -99    31   2.110 -99  1.000000  0.000000
1995 02  363.730 -99    28   1.490 -99  1.000000  0.000000
1995 03  365.690 -99    29   2.000 -99  1.000000  0.000000
1995 04  365.550 -99    28   1.460 -99  1.000000  0.000000
1995 05  362.530 -99    31   1.980 -99  1.000000  0.000000
1995 06  356.980 -99    27   3.840 -99  1.000000  0.000000
1995 07  353.840 -99    27   2.990 -99  1.000000  0.000000
1995 08  352.490 -99    28   2.680 -99  1.000000  0.000000
1995 09  355.020 -99    30   2.290 -99  1.000000  0.000000
1995 10  358.450 -99    30   1.160 -99  1.000000  0.000000
1995 11  362.920 -99    29   1.420 -99  1.000000  0.000000
1995 12  367.440 -99    31   4.690 -99  1.000000  0.000000
1996 01  366.160 -99    31   2.300 -99  1.000000  0.000000
1996 02  369.260 -99    16   3.210 -99  1.000000  0.000000
1996 03  369.020 -99    31   2.650 -99  1.000000  0.000000
1996 04  368.790 -99    30   1.990 -99  1.000000  0.000000
1996 05  362.930 -99    10   2.220 -99  1.000000  0.000000
1996 06  358.550 -99    30   3.260 -99  1.000000  0.000000
1996 07  356.000 -99    31   3.580 -99  1.000000  0.000000
1996 08  354.880 -99    31   1.920 -99  1.000000  0.000000
1996 09  356.790 -99    30   3.210 -99  1.000000  0.000000
1996 10  362.360 -99    31   2.250 -99  1.000000  0.000000
1996 11  364.450 -99    30   2.700 -99  1.000000  0.000000
1996 12  365.930 -99    31   2.440 -99  1.000000  0.000000
1997 01  367.250 -99    31   2.690 -99  1.000000  0.000000
1997 02  367.640 -99    28   1.810 -99  1.000000  0.000000
1997 03  367.910 -99    11   1.790 -99  1.000000  0.000000
1997 04  368.050 -99    29   0.830 -99  1.000000  0.000000
1997 05  365.230 -99    31   2.180 -99  1.000000  0.000000
1997 06  361.960 -99    30   2.250 -99  1.000000  0.000000
1997 07  356.560 -99    31   2.660 -99  1.000000  0.000000
1997 08  354.320 -99    13   3.210 -99  1.000000  0.000000
1997 09  357.660 -99    29   1.620 -99  1.000000  0.000000
1997 10  363.260 -99    31   2.560 -99  1.000000  0.000000
1997 11  366.540 -99    27   2.070 -99  1.000000  0.000000
1997 12  370.500 -99    31   4.090 -99  1.000000  0.000000
1998 01  368.880 -99    31   2.560 -99  1.000000  0.000000
1998 02  369.360 -99    28   2.140 -99  1.000000  0.000000
1998 03  370.920 -99    31   1.550 -99  1.000000  0.000000
1998 04  369.820 -99    30   0.590 -99  1.000000  0.000000
1998 05  365.640 -99    31   2.640 -99  1.000000  0.000000
1998 06  363.410 -99    30   3.000 -99  1.000000  0.000000
1998 07  360.910 -99    30   2.300 -99  1.000000  0.000000
1998 08  361.560 -99    30   2.420 -99  1.000000  0.000000
1998 09  362.130 -99    30   1.850 -99  1.000000  0.000000
1998 10  366.520 -99    31   1.530 -99  1.000000  0.000000
1998 11  372.090 -99    30   4.270 -99  1.000000  0.000000
1998 12  371.650 -99    30   3.000 -99  1.000000  0.000000
1999 01  371.420 -99    31   2.570 -99  1.000000  0.000000
1999 02  373.250 -99    28   2.170 -99  1.000000  0.000000
1999 03  374.130 -99    31   2.590 -99  1.000000  0.000000
1999 04  373.570 -99    29   1.040 -99  1.000000  0.000000
1999 05  369.420 -99    31   2.660 -99  1.000000  0.000000
1999 06  364.620 -99    30   3.440 -99  1.000000  0.000000
1999 07  360.690 -99    31   3.860 -99  1.000000  0.000000
1999 08  362.320 -99    31   3.200 -99  1.000000  0.000000
1999 09  363.540 -99    30   1.620 -99  1.000000  0.000000
1999 10  366.140 -99    31   2.390 -99  1.000000  0.000000
1999 11  372.660 -99    28   3.880 -99  1.000000  0.000000
1999 12  371.300 -99    26   1.710 -99  1.000000  0.000000
2000 01  372.560 -99    31   2.030 -99  1.000000  0.000000
2000 02  373.890 -99    29   2.900 -99  1.000000  0.000000
2000 03  374.260 -99    31   1.450 -99  1.000000  0.000000
2000 04  373.660 -99    30   1.100 -99  1.000000  0.000000
2000 05  370.000 -99    31   2.450 -99  1.000000  0.000000
2000 06  366.300 -99    25   3.180 -99  1.000000  0.000000
2000 07  364.020 -99    31   3.790 -99  1.000000  0.000000
2000 08  363.250 -99    31   2.460 -99  1.000000  0.000000
2000 09  365.040 -99    30   2.030 -99  1.000000  0.000000
2000 10  369.770 -99    31   1.540 -99  1.000000  0.000000
2000 11  371.180 -99    30   1.460 -99  1.000000  0.000000
2000 12  373.130 -99    31   1.480 -99  1.000000  0.000000
2001 01  375.310 -99    31   1.990 -99  1.000000  0.000000
2001 02  375.760 -99    28   1.950 -99  1.000000  0.000000
2001 03  375.270 -99    30   1.350 -99  1.000000  0.000000
2001 04  375.720 -99    30   1.200 -99  1.000000  0.000000
2001 05  371.480 -99    31   2.860 -99  1.000000  0.000000
2001 06  368.650 -99    30   2.800 -99  1.000000  0.000000
2001 07  364.740 -99    31   2.720 -99  1.000000  0.000000
2001 08  364.230 -99    31   2.500 -99  1.000000  0.000000
2001 09  365.330 -99    29   2.490 -99  1.000000  0.000000
2001 10  369.550 -99    31   1.480 -99  1.000000  0.000000
2001 11  373.150 -99    21   1.810 -99  1.000000  0.000000
2001 12  376.350 -99    31   2.810 -99  1.000000  0.000000
2002 01  375.040 -99    31   1.490 -99  1.000000  0.000000
2002 02  376.470 -99    26   2.100 -99  1.000000  0.000000
2002 03  377.730 -99    30   1.810 -99  1.000000  0.000000
2002 04  378.540 -99    30   1.180 -99  1.000000  0.000000
2002 05  375.400 -99    30   2.450 -99  1.000000  0.000000
2002 06  369.640 -99    30   3.150 -99  1.000000  0.000000
2002 07  367.300 -99    31   3.140 -99  1.000000  0.000000
2002 08  366.340 -99    31   2.760 -99  1.000000  0.000000
2002 09  368.910 -99    30   3.190 -99  1.000000  0.000000
2002 10  373.030 -99    26   2.990 -99  1.000000  0.000000
2002 11  376.000 -99    30   1.460 -99  1.000000  0.000000
2002 12  380.440 -99    29   3.920 -99  1.000000  0.000000
2003 01  380.300 -99    28   2.970 -99  1.000000  0.000000
2003 02  380.690 -99    23   2.040 -99  1.000000  0.000000
2003 03  381.140 -99    30   2.020 -99  1.000000  0.000000
2003 04  381.670 -99    30   1.710 -99  1.000000  0.000000
2003 05  375.700 -99    31   2.980 -99  1.000000  0.000000
2003 06  372.130 -99    30   2.310 -99  1.000000  0.000000
2003 07  370.130 -99    31   2.740 -99  1.000000  0.000000
2003 08  373.180 -99    26   3.220 -99  1.000000  0.000000
2003 09  371.200 -99    30   2.110 -99  1.000000  0.000000
2003 10  375.740 -99    29   2.300 -99  1.000000  0.000000
2003 11  378.610 -99    30   1.800 -99  1.000000  0.000000
2003 12  380.000 -99    31   1.640 -99  1.000000  0.000000
2004 01  382.080 -99    31   2.600 -99  1.000000  0.000000
2004 02  382.260 -99    28   3.050 -99  1.000000  0.000000
2004 03  384.890 -99    19   2.940 -99  1.000000  0.000000
2004 04  382.140 -99    29   0.830 -99  1.000000  0.000000
2004 05  378.210 -99    30   2.850 -99  1.000000  0.000000
2004 06  375.000 -99    25   2.310 -99  1.000000  0.000000
2004 07  373.170 -99     9   2.620 -99  1.000000  0.000000
2004 08  370.020 -99    26   2.630 -99  1.000000  0.000000
2004 09  370.560 -99    30   2.270 -99  1.000000  0.000000
2004 10  374.970 -99    30   2.320 -99  1.000000  0.000000
2004 11  379.310 -99    21   3.790 -99  1.000000  0.000000
2004 12  375.380 -99    29   4.210 -99  1.000000  0.000000
2005 01  381.280 -99    31   3.360 -99  1.000000  0.000000
2005 02  385.170 -99    28   2.980 -99  1.000000  0.000000
2005 03  383.840 -99    31   2.580 -99  1.000000  0.000000
2005 04  383.210 -99    26   1.160 -99  1.000000  0.000000
2005 05  378.640 -99    31   2.800 -99  1.000000  0.000000
2005 06  375.450 -99    26   2.940 -99  1.000000  0.000000
2005 07  371.700 -99    29   2.680 -99  1.000000  0.000000
2005 08  370.930 -99    31   2.320 -99  1.000000  0.000000
2005 09  373.900 -99    30   2.430 -99  1.000000  0.000000
2005 10  377.240 -99    31   1.370 -99  1.000000  0.000000
2005 11  382.260 -99    30   3.510 -99  1.000000  0.000000
2005 12  384.430 -99    30   2.830 -99  1.000000  0.000000
2006 01  385.590 -99    27   2.380 -99  1.000000  0.000000
2006 02  387.580 -99    26   3.230 -99  1.000000  0.000000
2006 03  387.690 -99    29   2.040 -99  1.000000  0.000000
2006 04  387.000 -99    30   1.620 -99  1.000000  0.000000
2006 05  383.270 -99    31   2.040 -99  1.000000  0.000000
2006 06  378.770 -99    30   3.070 -99  1.000000  0.000000
2006 07  375.040 -99    31   2.520 -99  1.000000  0.000000
2006 08  373.190 -99    31   2.140 -99  1.000000  0.000000
2006 09  376.510 -99    30   2.840 -99  1.000000  0.000000
2006 10  380.470 -99    31   1.580 -99  1.000000  0.000000
2006 11  383.390 -99    29   1.800 -99  1.000000  0.000000
2006 12  385.670 -99    31   2.050 -99  1.000000  0.000000
2007 01  386.450 -99    31   2.360 -99  1.000000  0.000000
2007 02  388.360 -99    28   1.720 -99  1.000000  0.000000
2007 03  389.010 -99    31   1.990 -99  1.000000  0.000000
2007 04  386.890 -99    30   1.920 -99  1.000000  0.000000
2007 05  384.100 -99    31   2.220 -99  1.000000  0.000000
2007 06  381.780 -99    30   2.870 -99  1.000000  0.000000
2007 07  378.500 -99    31   2.470 -99  1.000000  0.000000
2007 08  377.770 -99    30   2.450 -99  1.000000  0.000000
2007 09  378.340 -99    19   2.200 -99  1.000000  0.000000
2007 10 -9999999 -99 -9999 -999999 -99  1.000000  0.000000
2007 11 -9999999 -99 -9999 -999999 -99  1.000000  0.000000
2007 12 -9999999 -99 -9999 -999999 -99  1.000000  0.000000
2008 01 -9999999 -99 -9999 -999999 -99  1.000000  0.000000
2008 02  390.980 -99    22   1.500 -99  1.000000  0.000000
2008 03  392.610 -99    31   2.240 -99  1.000000  0.000000
2008 04  392.240 -99    27   1.130 -99  1.000000  0.000000
2008 05  387.580 -99    29   2.290 -99  1.000000  0.000000
2008 06  383.370 -99    27   2.980 -99  1.000000  0.000000
2008 07  378.830 -99    31   3.230 -99  1.000000  0.000000
2008 08  378.310 -99    31   1.990 -99  1.000000  0.000000
2008 09  380.620 -99    29   2.400 -99  1.000000  0.000000
2008 10  384.280 -99    27   2.130 -99  1.000000  0.000000
2008 11  391.340 -99    27   2.900 -99  1.000000  0.000000
2008 12  393.800 -99    28   4.380 -99  1.000000  0.000000
2009 01  394.110 -99    28   2.230 -99  1.000000  0.000000
2009 02  394.750 -99    27   2.350 -99  1.000000  0.000000
2009 03  393.790 -99    31   1.460 -99  1.000000  0.000000
2009 04  392.000 -99    30   1.050 -99  1.000000  0.000000
2009 05  389.140 -99    27   0.860 -99  1.000000  0.000000
2009 06  380.750 -99    10   1.630 -99  1.000000  0.000000
2009 07  380.440 -99    31   2.610 -99  1.000000  0.000000
2009 08  381.690 -99    26   1.710 -99  1.000000  0.000000
2009 09  381.580 -99    17   2.240 -99  1.000000  0.000000
2009 10  386.900 -99    31   1.730 -99  1.000000  0.000000
2009 11  388.640 -99    22   1.980 -99  1.000000  0.000000
2009 12 -9999999 -99 -9999 -999999 -99  1.000000  0.000000
2010 01 -9999999 -99 -9999 -999999 -99  1.000000  0.000000
2010 02 -9999999 -99 -9999 -999999 -99  1.000000  0.000000
2010 03 -9999999 -99 -9999 -999999 -99  1.000000  0.000000
2010 04 -9999999 -99 -9999 -999999 -99  1.000000  0.000000
2010 05  390.110 -99    22   2.110 -99  1.000000  0.000000
2010 06 -9999999 -99 -9999 -999999 -99  1.000000  0.000000
2010 07 -9999999 -99 -9999 -999999 -99  1.000000  0.000000
2010 08 -9999999 -99 -9999 -999999 -99  1.000000  0.000000
2010 09  390.130 -99    11   6.980 -99  1.000000  0.000000
2010 10  391.440 -99    31   2.070 -99  1.000000  0.000000
2010 11  394.030 -99    30   2.540 -99  1.000000  0.000000
2010 12 -9999999 -99 -9999 -999999 -99  1.000000  0.000000
2011 01 -9999999 -99 -9999 -999999 -99  1.000000  0.000000
2011 02  399.420 -99    18   4.530 -99  1.000000  0.000000
2011 03  399.470 -99    31   2.400 -99  1.000000  0.000000
2011 04  396.920 -99    29   2.020 -99  1.000000  0.000000
2011 05  390.450 -99    31   2.270 -99  1.000000  0.000000
2011 06  389.540 -99    28   3.000 -99  1.000000  0.000000
2011 07  388.620 -99    31   4.170 -99  1.000000  0.000000
2011 08  387.770 -99    25   2.600 -99  1.000000  0.000000
2011 09  386.600 -99    30   2.330 -99  1.000000  0.000000
2011 10  389.820 -99    27   2.530 -99  1.000000  0.000000
2011 11  392.440 -99    30   3.290 -99  1.000000  0.000000
2011 12  396.310 -99    30   1.350 -99  1.000000  0.000000
2012 01  394.870 -99    31   2.090 -99  1.000000  0.000000
2012 02  397.070 -99    27   3.790 -99  1.000000  0.000000
2012 03  396.000 -99    31   1.580 -99  1.000000  0.000000
2012 04  396.970 -99    28   1.230 -99  1.000000  0.000000
2012 05  392.480 -99    30   3.000 -99  1.000000  0.000000
2012 06  390.020 -99    30   2.130 -99  1.000000  0.000000
2012 07  387.450 -99    31   2.510 -99  1.000000  0.000000
2012 08  387.620 -99    31   2.170 -99  1.000000  0.000000
2012 09  388.270 -99    29   2.810 -99  1.000000  0.000000
2012 10  393.620 -99    27   2.450 -99  1.000000  0.000000
2012 11  395.990 -99    30   2.620 -99  1.000000  0.000000
2012 12  398.990 -99    31   2.430 -99  1.000000  0.000000
2013 01  400.620 -99    31   3.750 -99  1.000000  0.000000
2013 02  404.500 -99    28   3.680 -99  1.000000  0.000000
2013 03  403.280 -99    27   2.850 -99  1.000000  0.000000
2013 04  404.330 -99    10   4.530 -99  1.000000  0.000000
2013 05  398.840 -99    31   1.210 -99  1.000000  0.000000
2013 06  393.940 -99    17   2.240 -99  1.000000  0.000000
2013 07 -9999999 -99 -9999 -999999 -99  1.000000  0.000000
2013 08 -9999999 -99 -9999 -999999 -99  1.000000  0.000000
2013 09 -9999999 -99 -9999 -999999 -99  1.000000  0.000000
2013 10 -9999999 -99 -9999 -999999 -99  1.000000  0.000000
2013 11 -9999999 -99 -9999 -999999 -99  1.000000  0.000000
2013 12  405.120 -99    12   1.610 -99  1.000000  0.000000
2014 01  405.760 -99    31   3.530 -99  1.000000  0.000000
2014 02  408.150 -99    28   4.260 -99  1.000000  0.000000
2014 03  407.110 -99    31   3.080 -99  1.000000  0.000000
2014 04  405.020 -99    30   1.810 -99  1.000000  0.000000
2014 05  402.870 -99    30   2.370 -99  1.000000  0.000000
2014 06  394.410 -99    30   3.280 -99  1.000000  0.000000
2014 07  391.890 -99    31   1.960 -99  1.000000  0.000000
2014 08  389.060 -99    31   2.330 -99  1.000000  0.000000
2014 09  392.390 -99    30   1.780 -99  1.000000  0.000000
2014 10  397.760 -99    31   1.240 -99  1.000000  0.000000
2014 11  400.140 -99    30   2.060 -99  1.000000  0.000000
2014 12  403.920 -99    30   3.780 -99  1.000000  0.000000
2015 01  402.910 -99     9   1.230 -99  1.000000  0.000000
2015 02  403.720 -99    27   2.550 -99  1.000000  0.000000
2015 03  403.650 -99    31   1.430 -99  1.000000  0.000000
2015 04  402.310 -99    30   1.260 -99  1.000000  0.000000
2015 05  398.190 -99    31   2.450 -99  1.000000  0.000000
2015 06  393.200 -99    30   3.680 -99  1.000000  0.000000
2015 07  391.830 -99    31   3.410 -99  1.000000  0.000000
2015 08  391.650 -99    31   1.990 -99  1.000000  0.000000
2015 09  393.630 -99    30   2.440 -99  1.000000  0.000000
2015 10  400.750 -99    31   2.670 -99  1.000000  0.000000
2015 11  401.470 -99    30   2.230 -99  1.000000  0.000000
2015 12  402.050 -99    31   0.830 -99  1.000000  0.000000
2016 01  405.880 -99    31   1.960 -99  1.000000  0.000000
2016 02  406.300 -99    23   1.140 -99  1.000000  0.000000
2016 03  409.020 -99    31   2.170 -99  1.000000  0.000000
2016 04  405.780 -99    30   0.850 -99  1.000000  0.000000
2016 05  402.720 -99    31   2.030 -99  1.000000  0.000000
2016 06  398.210 -99    30   2.810 -99  1.000000  0.000000
2016 07  395.830 -99    31   1.720 -99  1.000000  0.000000
2016 08  393.700 -99    24   2.030 -99  1.000000  0.000000
2016 09  398.960 -99    18   2.020 -99  1.000000  0.000000
2016 10  404.010 -99    31   2.970 -99  1.000000  0.000000
2016 11  406.560 -99    30   2.160 -99  1.000000  0.000000
2016 12  406.880 -99    31   1.630 -99  1.000000  0.000000
2017 01  410.700 -99    31   2.040 -99  1.000000  0.000000
2017 02  410.500 -99    28   2.250 -99  1.000000  0.000000
2017 03  410.030 -99    31   1.640 -99  1.000000  0.000000
2017 04  409.970 -99    30   1.260 -99  1.000000  0.000000
2017 05  405.550 -99    31   4.200 -99  1.000000  0.000000
2017 06  399.850 -99    26   3.990 -99  1.000000  0.000000
2017 07  398.590 -99    25   2.230 -99  1.000000  0.000000
2017 08  400.320 -99    23   3.210 -99  1.000000  0.000000
2017 09  399.760 -99    27   1.770 -99  1.000000  0.000000
2017 10  404.240 -99    31   1.930 -99  1.000000  0.000000
2017 11  408.500 -99    29   2.650 -99  1.000000  0.000000
2017 12  410.540 -99    31   2.360 -99  1.000000  0.000000
