REM01  EXPLANATORY 25-LINE FOR THE MONTHLY DATA
REM02  FILENAME: co2_cya_surface-flask_16_9999-9999_monthly.txt
REM03  STATION: Casey
REM04  CATEGORY: GAW Regional
REM05  COUNTRY/TERRITORY: Australia
REM06  SUBMITTED BY: CSIRO
REM07  LATITUDE:   66 17' S
REM08  LONGITUDE: 110 31' E
REM09  ALTITUDE:       51 m
REM10  RATIO: 1.000000 0.000000
REM11  PARAMETER: CO2
REM12  COVERING PERIOD: June 1997 - December 2017
REM13  UNIT: ppm
REM14  ANALYSIS: Gas chromatography (FID)(1997-06-01 - 2017-12-01)
REM15  SAMPLING TYPE: surface-flask
REM16  CLASSIFICATION: Background observation
REM17  CALIBRATION: WMO CO2 X2007(1997-06-01 - 2017-12-01)
REM18  TABLENAME: CYA766S016fz
REM19  CALCULATION: contributor
REM20  REGISTRATION: 2018-10-18
REM21
REM22  COMMENT: Dataset was made from entire historical data provided from contributor from 2018 new WDCGG website open onward
REM23
REM24 M      CO2   V    ND      SD   F   RATIO_A   RATIO_B
REM25        ppm
1997 06  361.209 -99     2   0.120 -99  1.000000  0.000000
1997 07  361.525 -99     6   0.183 -99  1.000000  0.000000
1997 08  361.911 -99     4   0.122 -99  1.000000  0.000000
1997 09  362.334 -99     2   0.329 -99  1.000000  0.000000
1997 10  362.498 -99     3   0.075 -99  1.000000  0.000000
1997 11  362.302 -99     2   0.063 -99  1.000000  0.000000
1997 12  362.461 -99     5   0.251 -99  1.000000  0.000000
1998 01  362.758 -99     4   0.045 -99  1.000000  0.000000
1998 02  362.795 -99     2   0.048 -99  1.000000  0.000000
1998 03  363.019 -99     4   0.211 -99  1.000000  0.000000
1998 04  363.341 -99     4   0.077 -99  1.000000  0.000000
1998 05  363.465 -99     4   0.070 -99  1.000000  0.000000
1998 06  363.802 -99     3   0.166 -99  1.000000  0.000000
1998 07  364.407 -99     8   0.247 -99  1.000000  0.000000
1998 08  364.910 -99     6   0.217 -99  1.000000  0.000000
1998 09  365.186 -99     6   0.167 -99  1.000000  0.000000
1998 10  365.276 -99     8   0.083 -99  1.000000  0.000000
1998 11  365.178 -99     4   0.045 -99  1.000000  0.000000
1998 12  365.081 -99     8   0.174 -99  1.000000  0.000000
1999 01  365.007 -99     6   0.089 -99  1.000000  0.000000
1999 02  364.882 -99     4   0.166 -99  1.000000  0.000000
1999 03  364.907 -99     6   0.190 -99  1.000000  0.000000
1999 04  364.944 -99     0   0.024 -99  1.000000  0.000000
1999 05  365.295 -99     2   0.202 -99  1.000000  0.000000
1999 06  366.021 -99     5   0.211 -99  1.000000  0.000000
1999 07  366.373 -99     4   0.164 -99  1.000000  0.000000
1999 08  366.511 -99     2   0.186 -99  1.000000  0.000000
1999 09  366.594 -99     5   0.098 -99  1.000000  0.000000
1999 10  366.649 -99     4   0.155 -99  1.000000  0.000000
1999 11  366.906 -99     2   0.227 -99  1.000000  0.000000
1999 12  366.835 -99     1   0.089 -99  1.000000  0.000000
2000 01  366.552 -99     4   0.218 -99  1.000000  0.000000
2000 02  366.532 -99     2   0.347 -99  1.000000  0.000000
2000 03  366.742 -99     2   0.172 -99  1.000000  0.000000
2000 04  366.880 -99     5   0.131 -99  1.000000  0.000000
2000 05 -9999999 -99 -9999 -999999 -99  1.000000  0.000000
2000 06 -9999999 -99 -9999 -999999 -99  1.000000  0.000000
2000 07 -9999999 -99 -9999 -999999 -99  1.000000  0.000000
2000 08 -9999999 -99 -9999 -999999 -99  1.000000  0.000000
2000 09 -9999999 -99 -9999 -999999 -99  1.000000  0.000000
2000 10 -9999999 -99 -9999 -999999 -99  1.000000  0.000000
2000 11 -9999999 -99 -9999 -999999 -99  1.000000  0.000000
2000 12 -9999999 -99 -9999 -999999 -99  1.000000  0.000000
2001 01 -9999999 -99 -9999 -999999 -99  1.000000  0.000000
2001 02 -9999999 -99 -9999 -999999 -99  1.000000  0.000000
2001 03 -9999999 -99 -9999 -999999 -99  1.000000  0.000000
2001 04 -9999999 -99 -9999 -999999 -99  1.000000  0.000000
2001 05 -9999999 -99 -9999 -999999 -99  1.000000  0.000000
2001 06 -9999999 -99 -9999 -999999 -99  1.000000  0.000000
2001 07 -9999999 -99 -9999 -999999 -99  1.000000  0.000000
2001 08 -9999999 -99 -9999 -999999 -99  1.000000  0.000000
2001 09 -9999999 -99 -9999 -999999 -99  1.000000  0.000000
2001 10 -9999999 -99 -9999 -999999 -99  1.000000  0.000000
2001 11 -9999999 -99 -9999 -999999 -99  1.000000  0.000000
2001 12 -9999999 -99 -9999 -999999 -99  1.000000  0.000000
2002 01  369.532 -99     1   0.027 -99  1.000000  0.000000
2002 02  369.816 -99     1   0.130 -99  1.000000  0.000000
2002 03  370.163 -99     1   0.051 -99  1.000000  0.000000
2002 04  370.083 -99     0   0.071 -99  1.000000  0.000000
2002 05  369.947 -99     0   0.034 -99  1.000000  0.000000
2002 06  370.352 -99     6   0.291 -99  1.000000  0.000000
2002 07  371.051 -99     2   0.213 -99  1.000000  0.000000
2002 08  371.573 -99     4   0.345 -99  1.000000  0.000000
2002 09  371.996 -99     4   0.165 -99  1.000000  0.000000
2002 10  372.165 -99     2   0.253 -99  1.000000  0.000000
2002 11  372.132 -99     4   0.068 -99  1.000000  0.000000
2002 12  371.987 -99     2   0.138 -99  1.000000  0.000000
2003 01  372.011 -99     4   0.101 -99  1.000000  0.000000
2003 02  372.186 -99     4   0.122 -99  1.000000  0.000000
2003 03  372.261 -99     3   0.110 -99  1.000000  0.000000
2003 04  372.386 -99     6   0.079 -99  1.000000  0.000000
2003 05  372.616 -99     5   0.272 -99  1.000000  0.000000
2003 06  373.008 -99     6   0.198 -99  1.000000  0.000000
2003 07  373.578 -99     4   0.216 -99  1.000000  0.000000
2003 08  374.108 -99     6   0.296 -99  1.000000  0.000000
2003 09  374.259 -99     5   0.136 -99  1.000000  0.000000
2003 10  374.042 -99     6   0.249 -99  1.000000  0.000000
2003 11  373.670 -99     4   0.189 -99  1.000000  0.000000
2003 12  373.713 -99     4   0.324 -99  1.000000  0.000000
2004 01  373.968 -99     2   0.231 -99  1.000000  0.000000
2004 02  373.931 -99     4   0.175 -99  1.000000  0.000000
2004 03  374.026 -99     2   0.065 -99  1.000000  0.000000
2004 04  374.185 -99     4   0.197 -99  1.000000  0.000000
2004 05  374.377 -99     4   0.237 -99  1.000000  0.000000
2004 06  374.893 -99     3   0.172 -99  1.000000  0.000000
2004 07  375.382 -99     4   0.128 -99  1.000000  0.000000
2004 08  375.784 -99     4   0.182 -99  1.000000  0.000000
2004 09  376.031 -99     4   0.179 -99  1.000000  0.000000
2004 10  375.973 -99     5   0.113 -99  1.000000  0.000000
2004 11  375.888 -99     4   0.111 -99  1.000000  0.000000
2004 12  375.721 -99     1   0.086 -99  1.000000  0.000000
2005 01  375.368 -99     5   0.170 -99  1.000000  0.000000
2005 02  375.235 -99     4   0.062 -99  1.000000  0.000000
2005 03  375.532 -99     4   0.136 -99  1.000000  0.000000
2005 04  375.861 -99     4   0.162 -99  1.000000  0.000000
2005 05  376.149 -99     4   0.221 -99  1.000000  0.000000
2005 06  376.756 -99     4   0.241 -99  1.000000  0.000000
2005 07  377.392 -99     4   0.157 -99  1.000000  0.000000
2005 08  377.723 -99     4   0.087 -99  1.000000  0.000000
2005 09  377.863 -99     4   0.135 -99  1.000000  0.000000
2005 10  377.916 -99     2   0.123 -99  1.000000  0.000000
2005 11  377.963 -99     2   0.020 -99  1.000000  0.000000
2005 12  377.948 -99     4   0.108 -99  1.000000  0.000000
2006 01  377.772 -99     4   0.110 -99  1.000000  0.000000
2006 02  377.638 -99     3   0.232 -99  1.000000  0.000000
2006 03  377.747 -99     2   0.230 -99  1.000000  0.000000
2006 04  378.018 -99     4   0.146 -99  1.000000  0.000000
2006 05  378.235 -99     4   0.157 -99  1.000000  0.000000
2006 06  378.598 -99     4   0.245 -99  1.000000  0.000000
2006 07  379.163 -99     2   0.151 -99  1.000000  0.000000
2006 08  379.375 -99     4   0.067 -99  1.000000  0.000000
2006 09  379.349 -99     4   0.204 -99  1.000000  0.000000
2006 10  379.573 -99     4   0.125 -99  1.000000  0.000000
2006 11  379.660 -99     4   0.181 -99  1.000000  0.000000
2006 12  379.356 -99     6   0.204 -99  1.000000  0.000000
2007 01  379.127 -99     4   0.211 -99  1.000000  0.000000
2007 02  379.176 -99     4   0.049 -99  1.000000  0.000000
2007 03  379.486 -99     3   0.150 -99  1.000000  0.000000
2007 04  379.959 -99     4   0.179 -99  1.000000  0.000000
2007 05  380.176 -99     3   0.298 -99  1.000000  0.000000
2007 06  380.403 -99     2   0.123 -99  1.000000  0.000000
2007 07  381.016 -99     4   0.252 -99  1.000000  0.000000
2007 08  381.706 -99     3   0.216 -99  1.000000  0.000000
2007 09  382.001 -99     0   0.025 -99  1.000000  0.000000
2007 10  381.927 -99     2   0.177 -99  1.000000  0.000000
2007 11  381.776 -99     2   0.225 -99  1.000000  0.000000
2007 12  381.808 -99     2   0.183 -99  1.000000  0.000000
2008 01  381.825 -99     3   0.045 -99  1.000000  0.000000
2008 02  381.677 -99     1   0.032 -99  1.000000  0.000000
2008 03  381.820 -99     1   0.112 -99  1.000000  0.000000
2008 04  382.129 -99     1   0.039 -99  1.000000  0.000000
2008 05  382.030 -99     0   0.048 -99  1.000000  0.000000
2008 06  382.244 -99     4   0.206 -99  1.000000  0.000000
2008 07  383.008 -99     2   0.321 -99  1.000000  0.000000
2008 08  383.554 -99     2   0.116 -99  1.000000  0.000000
2008 09  383.827 -99     2   0.079 -99  1.000000  0.000000
2008 10  383.924 -99     4   0.139 -99  1.000000  0.000000
2008 11  383.715 -99     3   0.177 -99  1.000000  0.000000
2008 12  383.563 -99     4   0.183 -99  1.000000  0.000000
2009 01  383.526 -99     1   0.053 -99  1.000000  0.000000
2009 02  383.260 -99     4   0.178 -99  1.000000  0.000000
2009 03  383.202 -99     4   0.255 -99  1.000000  0.000000
2009 04  383.484 -99     4   0.119 -99  1.000000  0.000000
2009 05  383.854 -99     1   0.116 -99  1.000000  0.000000
2009 06  384.206 -99     2   0.265 -99  1.000000  0.000000
2009 07  384.449 -99     4   0.128 -99  1.000000  0.000000
2009 08  384.751 -99     4   0.203 -99  1.000000  0.000000
2009 09  385.094 -99     4   0.142 -99  1.000000  0.000000
2009 10  385.271 -99     2   0.154 -99  1.000000  0.000000
2009 11  385.242 -99     3   0.076 -99  1.000000  0.000000
2009 12  385.248 -99     2   0.051 -99  1.000000  0.000000
2010 01  385.010 -99     8   0.232 -99  1.000000  0.000000
2010 02  384.694 -99     2   0.047 -99  1.000000  0.000000
2010 03  384.811 -99     4   0.090 -99  1.000000  0.000000
2010 04  384.995 -99     2   0.105 -99  1.000000  0.000000
2010 05  385.357 -99     4   0.251 -99  1.000000  0.000000
2010 06  386.066 -99     1   0.222 -99  1.000000  0.000000
2010 07  386.753 -99     2   0.195 -99  1.000000  0.000000
2010 08  387.254 -99     1   0.129 -99  1.000000  0.000000
2010 09  387.663 -99     4   0.157 -99  1.000000  0.000000
2010 10  387.863 -99     2   0.070 -99  1.000000  0.000000
2010 11  387.720 -99     1   0.074 -99  1.000000  0.000000
2010 12  387.452 -99     4   0.201 -99  1.000000  0.000000
2011 01  387.214 -99     2   0.064 -99  1.000000  0.000000
2011 02  387.026 -99     2   0.076 -99  1.000000  0.000000
2011 03  386.950 -99     2   0.010 -99  1.000000  0.000000
2011 04  387.026 -99     6   0.195 -99  1.000000  0.000000
2011 05  387.150 -99     2   0.102 -99  1.000000  0.000000
2011 06  387.451 -99     4   0.170 -99  1.000000  0.000000
2011 07  387.979 -99     4   0.184 -99  1.000000  0.000000
2011 08  388.483 -99     5   0.140 -99  1.000000  0.000000
2011 09  388.823 -99     3   0.081 -99  1.000000  0.000000
2011 10  389.013 -99     1   0.040 -99  1.000000  0.000000
2011 11  389.105 -99     3   0.082 -99  1.000000  0.000000
2011 12  389.024 -99     1   0.064 -99  1.000000  0.000000
2012 01  388.736 -99     1   0.088 -99  1.000000  0.000000
2012 02  388.578 -99     5   0.050 -99  1.000000  0.000000
2012 03  388.744 -99     3   0.305 -99  1.000000  0.000000
2012 04  389.044 -99     4   0.221 -99  1.000000  0.000000
2012 05  389.256 -99     1   0.059 -99  1.000000  0.000000
2012 06  389.595 -99     4   0.262 -99  1.000000  0.000000
2012 07  390.303 -99     2   0.252 -99  1.000000  0.000000
2012 08  391.081 -99     4   0.300 -99  1.000000  0.000000
2012 09  391.588 -99     3   0.102 -99  1.000000  0.000000
2012 10  391.701 -99     1   0.043 -99  1.000000  0.000000
2012 11  391.453 -99     4   0.096 -99  1.000000  0.000000
2012 12  391.344 -99     2   0.039 -99  1.000000  0.000000
2013 01  391.356 -99     0   0.020 -99  1.000000  0.000000
2013 02  391.301 -99     1   0.017 -99  1.000000  0.000000
2013 03  391.593 -99     1   0.166 -99  1.000000  0.000000
2013 04  392.177 -99     3   0.377 -99  1.000000  0.000000
2013 05  392.440 -99     1   0.034 -99  1.000000  0.000000
2013 06  392.766 -99     3   0.223 -99  1.000000  0.000000
2013 07  393.594 -99     3   0.301 -99  1.000000  0.000000
2013 08  394.084 -99     1   0.039 -99  1.000000  0.000000
2013 09  394.064 -99     3   0.383 -99  1.000000  0.000000
2013 10  394.077 -99     4   0.104 -99  1.000000  0.000000
2013 11  393.924 -99     1   0.068 -99  1.000000  0.000000
2013 12  393.787 -99     4   0.123 -99  1.000000  0.000000
2014 01  393.667 -99     2   0.083 -99  1.000000  0.000000
2014 02  393.466 -99     2   0.030 -99  1.000000  0.000000
2014 03  393.623 -99     6   0.117 -99  1.000000  0.000000
2014 04  393.938 -99     2   0.154 -99  1.000000  0.000000
2014 05  394.256 -99     2   0.135 -99  1.000000  0.000000
2014 06  394.736 -99     3   0.257 -99  1.000000  0.000000
2014 07  395.302 -99     2   0.170 -99  1.000000  0.000000
2014 08  395.776 -99     4   0.244 -99  1.000000  0.000000
2014 09  396.006 -99     4   0.136 -99  1.000000  0.000000
2014 10  396.074 -99     3   0.064 -99  1.000000  0.000000
2014 11  395.960 -99     2   0.122 -99  1.000000  0.000000
2014 12  395.754 -99     3   0.105 -99  1.000000  0.000000
2015 01  395.531 -99     1   0.070 -99  1.000000  0.000000
2015 02  395.346 -99    10   0.146 -99  1.000000  0.000000
2015 03  395.377 -99     2   0.101 -99  1.000000  0.000000
2015 04  395.805 -99     3   0.203 -99  1.000000  0.000000
2015 05  396.540 -99     4   0.220 -99  1.000000  0.000000
2015 06  397.057 -99     2   0.160 -99  1.000000  0.000000
2015 07  397.553 -99     2   0.259 -99  1.000000  0.000000
2015 08  398.140 -99     4   0.154 -99  1.000000  0.000000
2015 09  398.535 -99     4   0.112 -99  1.000000  0.000000
2015 10  398.724 -99     3   0.094 -99  1.000000  0.000000
2015 11  398.716 -99     2   0.015 -99  1.000000  0.000000
2015 12  398.655 -99     3   0.227 -99  1.000000  0.000000
2016 01  398.387 -99     4   0.102 -99  1.000000  0.000000
2016 02  398.341 -99     2   0.161 -99  1.000000  0.000000
2016 03  398.805 -99     4   0.280 -99  1.000000  0.000000
2016 04  399.336 -99     4   0.288 -99  1.000000  0.000000
2016 05  399.643 -99     1   0.079 -99  1.000000  0.000000
2016 06  400.087 -99     2   0.425 -99  1.000000  0.000000
2016 07  400.881 -99     4   0.258 -99  1.000000  0.000000
2016 08  401.491 -99     4   0.148 -99  1.000000  0.000000
2016 09  401.661 -99     3   0.082 -99  1.000000  0.000000
2016 10  401.628 -99     0   0.013 -99  1.000000  0.000000
2016 11  401.619 -99     3   0.049 -99  1.000000  0.000000
2016 12  401.546 -99     3   0.269 -99  1.000000  0.000000
2017 01  401.123 -99     4   0.346 -99  1.000000  0.000000
2017 02  400.600 -99     3   0.285 -99  1.000000  0.000000
2017 03  400.559 -99     4   0.250 -99  1.000000  0.000000
2017 04  401.025 -99     4   0.289 -99  1.000000  0.000000
2017 05  401.541 -99     4   0.200 -99  1.000000  0.000000
2017 06  401.866 -99     3   0.117 -99  1.000000  0.000000
2017 07  402.377 -99     4   0.219 -99  1.000000  0.000000
2017 08  403.152 -99     4   0.282 -99  1.000000  0.000000
2017 09  403.604 -99     3   0.118 -99  1.000000  0.000000
2017 10  403.668 -99     6   0.060 -99  1.000000  0.000000
2017 11  403.570 -99     2   0.154 -99  1.000000  0.000000
2017 12  403.486 -99     5   0.043 -99  1.000000  0.000000
