REM01  EXPLANATORY 25-LINE FOR THE MONTHLY DATA
REM02  FILENAME: co2_drp_ship-flask_2_3001-9999_monthly.txt
REM03  STATION: Drake Passage
REM04  CATEGORY: Mobile
REM05  COUNTRY/TERRITORY: United States of America
REM06  SUBMITTED BY: NOAA
REM07  LATITUDE:   59 00' S
REM08  LONGITUDE:  64 41' W
REM09  ALTITUDE:        0 m
REM10  RATIO: 1.000000 0.000000
REM11  PARAMETER: CO2
REM12  COVERING PERIOD: March 2006 - July 2017
REM13  UNIT: ppm
REM14  ANALYSIS: NDIR(2006-03-01 - 2017-07-01)
REM15  SAMPLING TYPE: ship-flask
REM16  CLASSIFICATION: Background observation
REM17  CALIBRATION: WMO CO2 X2007(2006-03-01 - 2017-07-01)
REM18  TABLENAME: DRP859S002f1
REM19  CALCULATION: contributor
REM20  REGISTRATION: 2018-09-25
REM21
REM22  COMMENT: Dataset was made from entire historical data provided from contributor from 2018 new WDCGG website open onward
REM23
REM24 M      CO2   V    ND      SD   F   RATIO_A   RATIO_B
REM25        ppm
2006 03  378.460 -99 -9999 -999999 -99  1.000000  0.000000
2006 04  378.110 -99 -9999 -999999 -99  1.000000  0.000000
2006 05  378.400 -99 -9999 -999999 -99  1.000000  0.000000
2006 06  378.490 -99 -9999 -999999 -99  1.000000  0.000000
2006 07  378.870 -99 -9999 -999999 -99  1.000000  0.000000
2006 08  379.570 -99 -9999 -999999 -99  1.000000  0.000000
2006 09  379.690 -99 -9999 -999999 -99  1.000000  0.000000
2006 10  379.660 -99 -9999 -999999 -99  1.000000  0.000000
2006 11  379.770 -99 -9999 -999999 -99  1.000000  0.000000
2006 12  379.530 -99 -9999 -999999 -99  1.000000  0.000000
2007 01  378.920 -99 -9999 -999999 -99  1.000000  0.000000
2007 02  378.970 -99 -9999 -999999 -99  1.000000  0.000000
2007 03  379.550 -99 -9999 -999999 -99  1.000000  0.000000
2007 04  379.830 -99 -9999 -999999 -99  1.000000  0.000000
2007 05  380.200 -99 -9999 -999999 -99  1.000000  0.000000
2007 06  381.420 -99 -9999 -999999 -99  1.000000  0.000000
2007 09  381.980 -99 -9999 -999999 -99  1.000000  0.000000
2007 10  381.940 -99 -9999 -999999 -99  1.000000  0.000000
2007 11  381.800 -99 -9999 -999999 -99  1.000000  0.000000
2007 12  381.480 -99 -9999 -999999 -99  1.000000  0.000000
2008 01  381.370 -99 -9999 -999999 -99  1.000000  0.000000
2008 02  381.570 -99 -9999 -999999 -99  1.000000  0.000000
2008 03  381.860 -99 -9999 -999999 -99  1.000000  0.000000
2008 04  381.980 -99 -9999 -999999 -99  1.000000  0.000000
2008 05  382.120 -99 -9999 -999999 -99  1.000000  0.000000
2008 06  382.490 -99 -9999 -999999 -99  1.000000  0.000000
2008 07  383.050 -99 -9999 -999999 -99  1.000000  0.000000
2008 08  383.470 -99 -9999 -999999 -99  1.000000  0.000000
2008 09  383.710 -99 -9999 -999999 -99  1.000000  0.000000
2008 10  383.740 -99 -9999 -999999 -99  1.000000  0.000000
2009 01  383.090 -99 -9999 -999999 -99  1.000000  0.000000
2009 02  383.230 -99 -9999 -999999 -99  1.000000  0.000000
2009 03  383.360 -99 -9999 -999999 -99  1.000000  0.000000
2009 04  383.360 -99 -9999 -999999 -99  1.000000  0.000000
2009 05  383.550 -99 -9999 -999999 -99  1.000000  0.000000
2009 06  383.920 -99 -9999 -999999 -99  1.000000  0.000000
2009 10  385.320 -99 -9999 -999999 -99  1.000000  0.000000
2009 11  385.270 -99 -9999 -999999 -99  1.000000  0.000000
2009 12  384.880 -99 -9999 -999999 -99  1.000000  0.000000
2010 01  384.230 -99 -9999 -999999 -99  1.000000  0.000000
2010 02  384.120 -99 -9999 -999999 -99  1.000000  0.000000
2010 03  384.610 -99 -9999 -999999 -99  1.000000  0.000000
2010 04  385.010 -99 -9999 -999999 -99  1.000000  0.000000
2010 05  385.400 -99 -9999 -999999 -99  1.000000  0.000000
2010 06  385.980 -99 -9999 -999999 -99  1.000000  0.000000
2010 07  386.640 -99 -9999 -999999 -99  1.000000  0.000000
2010 08  387.320 -99 -9999 -999999 -99  1.000000  0.000000
2010 09  387.610 -99 -9999 -999999 -99  1.000000  0.000000
2010 10  387.490 -99 -9999 -999999 -99  1.000000  0.000000
2010 11  387.380 -99 -9999 -999999 -99  1.000000  0.000000
2010 12  387.290 -99 -9999 -999999 -99  1.000000  0.000000
2011 01  386.830 -99 -9999 -999999 -99  1.000000  0.000000
2011 02  386.700 -99 -9999 -999999 -99  1.000000  0.000000
2011 03  386.870 -99 -9999 -999999 -99  1.000000  0.000000
2011 04  386.970 -99 -9999 -999999 -99  1.000000  0.000000
2011 05  387.330 -99 -9999 -999999 -99  1.000000  0.000000
2011 06  387.720 -99 -9999 -999999 -99  1.000000  0.000000
2011 07  388.090 -99 -9999 -999999 -99  1.000000  0.000000
2011 08  388.650 -99 -9999 -999999 -99  1.000000  0.000000
2011 09  388.850 -99 -9999 -999999 -99  1.000000  0.000000
2011 10  388.770 -99 -9999 -999999 -99  1.000000  0.000000
2011 11  388.850 -99 -9999 -999999 -99  1.000000  0.000000
2011 12  388.710 -99 -9999 -999999 -99  1.000000  0.000000
2012 01  388.530 -99 -9999 -999999 -99  1.000000  0.000000
2012 02  388.700 -99 -9999 -999999 -99  1.000000  0.000000
2012 03  388.960 -99 -9999 -999999 -99  1.000000  0.000000
2012 04  389.190 -99 -9999 -999999 -99  1.000000  0.000000
2012 05  389.480 -99 -9999 -999999 -99  1.000000  0.000000
2012 06  389.830 -99 -9999 -999999 -99  1.000000  0.000000
2012 07  390.540 -99 -9999 -999999 -99  1.000000  0.000000
2012 08  391.290 -99 -9999 -999999 -99  1.000000  0.000000
2012 09  391.320 -99 -9999 -999999 -99  1.000000  0.000000
2012 10  391.040 -99 -9999 -999999 -99  1.000000  0.000000
2012 11  391.150 -99 -9999 -999999 -99  1.000000  0.000000
2012 12  391.010 -99 -9999 -999999 -99  1.000000  0.000000
2013 01  390.820 -99 -9999 -999999 -99  1.000000  0.000000
2013 02  391.150 -99 -9999 -999999 -99  1.000000  0.000000
2013 03  391.490 -99 -9999 -999999 -99  1.000000  0.000000
2013 04  391.880 -99 -9999 -999999 -99  1.000000  0.000000
2013 05  392.510 -99 -9999 -999999 -99  1.000000  0.000000
2013 06  393.020 -99 -9999 -999999 -99  1.000000  0.000000
2013 07  393.500 -99 -9999 -999999 -99  1.000000  0.000000
2013 08  393.870 -99 -9999 -999999 -99  1.000000  0.000000
2013 09  393.850 -99 -9999 -999999 -99  1.000000  0.000000
2013 10  393.820 -99 -9999 -999999 -99  1.000000  0.000000
2013 11  393.920 -99 -9999 -999999 -99  1.000000  0.000000
2013 12  393.660 -99 -9999 -999999 -99  1.000000  0.000000
2014 01  393.470 -99 -9999 -999999 -99  1.000000  0.000000
2014 02  393.660 -99 -9999 -999999 -99  1.000000  0.000000
2014 03  393.770 -99 -9999 -999999 -99  1.000000  0.000000
2014 04  394.240 -99 -9999 -999999 -99  1.000000  0.000000
2014 05  394.790 -99 -9999 -999999 -99  1.000000  0.000000
2014 06  394.920 -99 -9999 -999999 -99  1.000000  0.000000
2014 07  395.170 -99 -9999 -999999 -99  1.000000  0.000000
2014 08  395.650 -99 -9999 -999999 -99  1.000000  0.000000
2014 09  396.000 -99 -9999 -999999 -99  1.000000  0.000000
2014 10  395.980 -99 -9999 -999999 -99  1.000000  0.000000
2014 11  395.800 -99 -9999 -999999 -99  1.000000  0.000000
2014 12  395.470 -99 -9999 -999999 -99  1.000000  0.000000
2015 01  395.260 -99 -9999 -999999 -99  1.000000  0.000000
2015 02  395.550 -99 -9999 -999999 -99  1.000000  0.000000
2015 03  395.990 -99 -9999 -999999 -99  1.000000  0.000000
2015 04  396.240 -99 -9999 -999999 -99  1.000000  0.000000
2015 05  396.590 -99 -9999 -999999 -99  1.000000  0.000000
2015 06  397.110 -99 -9999 -999999 -99  1.000000  0.000000
2015 10  398.330 -99 -9999 -999999 -99  1.000000  0.000000
2015 11  398.530 -99 -9999 -999999 -99  1.000000  0.000000
2015 12  398.400 -99 -9999 -999999 -99  1.000000  0.000000
2016 01  398.170 -99 -9999 -999999 -99  1.000000  0.000000
2016 02  398.410 -99 -9999 -999999 -99  1.000000  0.000000
2016 03  398.910 -99 -9999 -999999 -99  1.000000  0.000000
2016 04  399.300 -99 -9999 -999999 -99  1.000000  0.000000
2016 05  399.770 -99 -9999 -999999 -99  1.000000  0.000000
2016 06  400.510 -99 -9999 -999999 -99  1.000000  0.000000
2016 07  401.190 -99 -9999 -999999 -99  1.000000  0.000000
2016 08  401.570 -99 -9999 -999999 -99  1.000000  0.000000
2016 09  401.680 -99 -9999 -999999 -99  1.000000  0.000000
2016 10  401.620 -99 -9999 -999999 -99  1.000000  0.000000
2016 11  401.380 -99 -9999 -999999 -99  1.000000  0.000000
2016 12  400.790 -99 -9999 -999999 -99  1.000000  0.000000
2017 01  400.400 -99 -9999 -999999 -99  1.000000  0.000000
2017 02  400.760 -99 -9999 -999999 -99  1.000000  0.000000
2017 03  401.150 -99 -9999 -999999 -99  1.000000  0.000000
2017 04  401.380 -99 -9999 -999999 -99  1.000000  0.000000
2017 05  401.760 -99 -9999 -999999 -99  1.000000  0.000000
2017 06  402.300 -99 -9999 -999999 -99  1.000000  0.000000
2017 07  402.890 -99 -9999 -999999 -99  1.000000  0.000000
