REM01  EXPLANATORY 25-LINE FOR THE MONTHLY DATA
REM02  FILENAME: co2_eic_surface-flask_2_3001-9999_monthly.txt
REM03  STATION: Easter Island
REM04  CATEGORY: GAW Regional
REM05  COUNTRY/TERRITORY: Chile
REM06  SUBMITTED BY: NOAA
REM07  LATITUDE:   27 10' S
REM08  LONGITUDE: 109 25' W
REM09  ALTITUDE:       41 m
REM10  RATIO: 1.000000 0.000000
REM11  PARAMETER: CO2
REM12  COVERING PERIOD: January 1994 - June 2017
REM13  UNIT: ppm
REM14  ANALYSIS: NDIR(1994-01-01 - 2017-06-01)
REM15  SAMPLING TYPE: surface-flask
REM16  CLASSIFICATION: Background observation
REM17  CALIBRATION: WMO CO2 X2007(1994-01-01 - 2017-06-01)
REM18  TABLENAME: EIC327S002f1
REM19  CALCULATION: contributor
REM20  REGISTRATION: 2018-09-25
REM21
REM22  COMMENT: Dataset was made from entire historical data provided from contributor from 2018 new WDCGG website open onward
REM23
REM24 M      CO2   V    ND      SD   F   RATIO_A   RATIO_B
REM25        ppm
1994 01  354.760 -99 -9999 -999999 -99  1.000000  0.000000
1994 02  355.100 -99 -9999 -999999 -99  1.000000  0.000000
1994 03  355.450 -99 -9999 -999999 -99  1.000000  0.000000
1994 04  355.050 -99 -9999 -999999 -99  1.000000  0.000000
1994 05  354.750 -99 -9999 -999999 -99  1.000000  0.000000
1994 06  355.140 -99 -9999 -999999 -99  1.000000  0.000000
1994 07  356.160 -99 -9999 -999999 -99  1.000000  0.000000
1994 08  356.840 -99 -9999 -999999 -99  1.000000  0.000000
1994 09  356.810 -99 -9999 -999999 -99  1.000000  0.000000
1994 10  356.570 -99 -9999 -999999 -99  1.000000  0.000000
1994 11  356.600 -99 -9999 -999999 -99  1.000000  0.000000
1994 12  357.610 -99 -9999 -999999 -99  1.000000  0.000000
1995 01  358.130 -99 -9999 -999999 -99  1.000000  0.000000
1995 02  357.690 -99 -9999 -999999 -99  1.000000  0.000000
1995 03  357.730 -99 -9999 -999999 -99  1.000000  0.000000
1995 07  357.620 -99 -9999 -999999 -99  1.000000  0.000000
1995 08  358.010 -99 -9999 -999999 -99  1.000000  0.000000
1995 09  358.530 -99 -9999 -999999 -99  1.000000  0.000000
1995 10  358.680 -99 -9999 -999999 -99  1.000000  0.000000
1995 11  358.710 -99 -9999 -999999 -99  1.000000  0.000000
1995 12  359.120 -99 -9999 -999999 -99  1.000000  0.000000
1996 01  359.650 -99 -9999 -999999 -99  1.000000  0.000000
1996 02  359.660 -99 -9999 -999999 -99  1.000000  0.000000
1996 03  359.340 -99 -9999 -999999 -99  1.000000  0.000000
1996 04  358.860 -99 -9999 -999999 -99  1.000000  0.000000
1996 05  358.680 -99 -9999 -999999 -99  1.000000  0.000000
1996 06  359.060 -99 -9999 -999999 -99  1.000000  0.000000
1996 07  359.280 -99 -9999 -999999 -99  1.000000  0.000000
1996 08  359.690 -99 -9999 -999999 -99  1.000000  0.000000
1996 09  359.940 -99 -9999 -999999 -99  1.000000  0.000000
1996 10  359.580 -99 -9999 -999999 -99  1.000000  0.000000
1996 11  359.820 -99 -9999 -999999 -99  1.000000  0.000000
1996 12  360.880 -99 -9999 -999999 -99  1.000000  0.000000
1997 01  361.390 -99 -9999 -999999 -99  1.000000  0.000000
1997 02  360.610 -99 -9999 -999999 -99  1.000000  0.000000
1997 03  359.710 -99 -9999 -999999 -99  1.000000  0.000000
1997 04  359.890 -99 -9999 -999999 -99  1.000000  0.000000
1997 05  359.850 -99 -9999 -999999 -99  1.000000  0.000000
1997 06  359.890 -99 -9999 -999999 -99  1.000000  0.000000
1997 07  360.850 -99 -9999 -999999 -99  1.000000  0.000000
1997 08  361.110 -99 -9999 -999999 -99  1.000000  0.000000
1997 09  360.900 -99 -9999 -999999 -99  1.000000  0.000000
1997 10  361.320 -99 -9999 -999999 -99  1.000000  0.000000
1997 11  361.920 -99 -9999 -999999 -99  1.000000  0.000000
1997 12  362.060 -99 -9999 -999999 -99  1.000000  0.000000
1998 01  362.520 -99 -9999 -999999 -99  1.000000  0.000000
1998 02  363.230 -99 -9999 -999999 -99  1.000000  0.000000
1998 03  362.130 -99 -9999 -999999 -99  1.000000  0.000000
1998 04  361.110 -99 -9999 -999999 -99  1.000000  0.000000
1998 05  361.880 -99 -9999 -999999 -99  1.000000  0.000000
1998 06  362.710 -99 -9999 -999999 -99  1.000000  0.000000
1998 07  363.740 -99 -9999 -999999 -99  1.000000  0.000000
1998 08  364.470 -99 -9999 -999999 -99  1.000000  0.000000
1998 09  364.390 -99 -9999 -999999 -99  1.000000  0.000000
1998 10  364.450 -99 -9999 -999999 -99  1.000000  0.000000
1998 11  364.590 -99 -9999 -999999 -99  1.000000  0.000000
1998 12  365.080 -99 -9999 -999999 -99  1.000000  0.000000
1999 01  364.940 -99 -9999 -999999 -99  1.000000  0.000000
1999 02  364.240 -99 -9999 -999999 -99  1.000000  0.000000
1999 03  364.350 -99 -9999 -999999 -99  1.000000  0.000000
1999 04  364.230 -99 -9999 -999999 -99  1.000000  0.000000
1999 05  364.340 -99 -9999 -999999 -99  1.000000  0.000000
1999 06  365.310 -99 -9999 -999999 -99  1.000000  0.000000
1999 07  365.930 -99 -9999 -999999 -99  1.000000  0.000000
1999 08  365.200 -99 -9999 -999999 -99  1.000000  0.000000
1999 09  364.880 -99 -9999 -999999 -99  1.000000  0.000000
1999 10  365.860 -99 -9999 -999999 -99  1.000000  0.000000
1999 11  366.520 -99 -9999 -999999 -99  1.000000  0.000000
1999 12  366.800 -99 -9999 -999999 -99  1.000000  0.000000
2000 01  367.390 -99 -9999 -999999 -99  1.000000  0.000000
2000 02  366.510 -99 -9999 -999999 -99  1.000000  0.000000
2000 03  365.170 -99 -9999 -999999 -99  1.000000  0.000000
2000 04  365.330 -99 -9999 -999999 -99  1.000000  0.000000
2000 05  365.360 -99 -9999 -999999 -99  1.000000  0.000000
2000 06  365.280 -99 -9999 -999999 -99  1.000000  0.000000
2000 07  365.960 -99 -9999 -999999 -99  1.000000  0.000000
2000 08  366.650 -99 -9999 -999999 -99  1.000000  0.000000
2000 09  366.330 -99 -9999 -999999 -99  1.000000  0.000000
2000 10  366.580 -99 -9999 -999999 -99  1.000000  0.000000
2000 11  367.120 -99 -9999 -999999 -99  1.000000  0.000000
2000 12  367.130 -99 -9999 -999999 -99  1.000000  0.000000
2001 01  367.590 -99 -9999 -999999 -99  1.000000  0.000000
2001 02  367.830 -99 -9999 -999999 -99  1.000000  0.000000
2001 03  367.580 -99 -9999 -999999 -99  1.000000  0.000000
2001 04  367.150 -99 -9999 -999999 -99  1.000000  0.000000
2001 05  367.460 -99 -9999 -999999 -99  1.000000  0.000000
2001 06  368.290 -99 -9999 -999999 -99  1.000000  0.000000
2001 07  368.250 -99 -9999 -999999 -99  1.000000  0.000000
2001 08  367.830 -99 -9999 -999999 -99  1.000000  0.000000
2001 09  367.970 -99 -9999 -999999 -99  1.000000  0.000000
2001 10  368.340 -99 -9999 -999999 -99  1.000000  0.000000
2001 11  368.680 -99 -9999 -999999 -99  1.000000  0.000000
2001 12  369.750 -99 -9999 -999999 -99  1.000000  0.000000
2002 01  369.910 -99 -9999 -999999 -99  1.000000  0.000000
2002 02  369.040 -99 -9999 -999999 -99  1.000000  0.000000
2002 03  369.000 -99 -9999 -999999 -99  1.000000  0.000000
2002 04  368.550 -99 -9999 -999999 -99  1.000000  0.000000
2002 05  368.650 -99 -9999 -999999 -99  1.000000  0.000000
2002 06  369.940 -99 -9999 -999999 -99  1.000000  0.000000
2002 07  370.370 -99 -9999 -999999 -99  1.000000  0.000000
2002 08  370.210 -99 -9999 -999999 -99  1.000000  0.000000
2002 09  371.360 -99 -9999 -999999 -99  1.000000  0.000000
2002 10  373.080 -99 -9999 -999999 -99  1.000000  0.000000
2002 11  373.150 -99 -9999 -999999 -99  1.000000  0.000000
2002 12  371.930 -99 -9999 -999999 -99  1.000000  0.000000
2003 01  371.130 -99 -9999 -999999 -99  1.000000  0.000000
2003 02  371.200 -99 -9999 -999999 -99  1.000000  0.000000
2003 03  371.200 -99 -9999 -999999 -99  1.000000  0.000000
2003 04  371.780 -99 -9999 -999999 -99  1.000000  0.000000
2003 05  372.190 -99 -9999 -999999 -99  1.000000  0.000000
2003 06  371.980 -99 -9999 -999999 -99  1.000000  0.000000
2003 07  372.140 -99 -9999 -999999 -99  1.000000  0.000000
2003 08  372.210 -99 -9999 -999999 -99  1.000000  0.000000
2003 09  372.070 -99 -9999 -999999 -99  1.000000  0.000000
2003 10  372.070 -99 -9999 -999999 -99  1.000000  0.000000
2003 11  372.260 -99 -9999 -999999 -99  1.000000  0.000000
2003 12  372.500 -99 -9999 -999999 -99  1.000000  0.000000
2005 01  375.540 -99 -9999 -999999 -99  1.000000  0.000000
2005 02  375.810 -99 -9999 -999999 -99  1.000000  0.000000
2005 03  375.810 -99 -9999 -999999 -99  1.000000  0.000000
2005 04  375.370 -99 -9999 -999999 -99  1.000000  0.000000
2005 05  376.020 -99 -9999 -999999 -99  1.000000  0.000000
2005 06  376.920 -99 -9999 -999999 -99  1.000000  0.000000
2005 07  376.920 -99 -9999 -999999 -99  1.000000  0.000000
2005 08  376.420 -99 -9999 -999999 -99  1.000000  0.000000
2005 09  376.120 -99 -9999 -999999 -99  1.000000  0.000000
2005 10  376.600 -99 -9999 -999999 -99  1.000000  0.000000
2005 11  377.980 -99 -9999 -999999 -99  1.000000  0.000000
2005 12  378.680 -99 -9999 -999999 -99  1.000000  0.000000
2006 01  378.310 -99 -9999 -999999 -99  1.000000  0.000000
2006 02  378.230 -99 -9999 -999999 -99  1.000000  0.000000
2006 03  377.950 -99 -9999 -999999 -99  1.000000  0.000000
2006 04  377.770 -99 -9999 -999999 -99  1.000000  0.000000
2006 05  377.710 -99 -9999 -999999 -99  1.000000  0.000000
2006 06  378.100 -99 -9999 -999999 -99  1.000000  0.000000
2006 07  379.140 -99 -9999 -999999 -99  1.000000  0.000000
2006 08  379.410 -99 -9999 -999999 -99  1.000000  0.000000
2006 09  378.540 -99 -9999 -999999 -99  1.000000  0.000000
2006 10  378.230 -99 -9999 -999999 -99  1.000000  0.000000
2006 11  378.820 -99 -9999 -999999 -99  1.000000  0.000000
2006 12  378.790 -99 -9999 -999999 -99  1.000000  0.000000
2007 01  378.770 -99 -9999 -999999 -99  1.000000  0.000000
2007 02  378.620 -99 -9999 -999999 -99  1.000000  0.000000
2007 03  378.390 -99 -9999 -999999 -99  1.000000  0.000000
2007 04  379.990 -99 -9999 -999999 -99  1.000000  0.000000
2007 05  381.670 -99 -9999 -999999 -99  1.000000  0.000000
2007 06  380.830 -99 -9999 -999999 -99  1.000000  0.000000
2007 07  380.340 -99 -9999 -999999 -99  1.000000  0.000000
2007 08  380.100 -99 -9999 -999999 -99  1.000000  0.000000
2007 09  380.120 -99 -9999 -999999 -99  1.000000  0.000000
2007 10  380.870 -99 -9999 -999999 -99  1.000000  0.000000
2007 11  381.420 -99 -9999 -999999 -99  1.000000  0.000000
2007 12  382.100 -99 -9999 -999999 -99  1.000000  0.000000
2008 01  382.860 -99 -9999 -999999 -99  1.000000  0.000000
2008 02  382.770 -99 -9999 -999999 -99  1.000000  0.000000
2008 03  382.370 -99 -9999 -999999 -99  1.000000  0.000000
2008 04  382.010 -99 -9999 -999999 -99  1.000000  0.000000
2008 05  382.130 -99 -9999 -999999 -99  1.000000  0.000000
2008 06  382.580 -99 -9999 -999999 -99  1.000000  0.000000
2008 07  382.370 -99 -9999 -999999 -99  1.000000  0.000000
2008 08  382.600 -99 -9999 -999999 -99  1.000000  0.000000
2008 09  382.840 -99 -9999 -999999 -99  1.000000  0.000000
2008 10  382.680 -99 -9999 -999999 -99  1.000000  0.000000
2008 11  383.320 -99 -9999 -999999 -99  1.000000  0.000000
2008 12  384.030 -99 -9999 -999999 -99  1.000000  0.000000
2009 01  383.920 -99 -9999 -999999 -99  1.000000  0.000000
2009 02  383.670 -99 -9999 -999999 -99  1.000000  0.000000
2009 03  384.030 -99 -9999 -999999 -99  1.000000  0.000000
2009 04  384.330 -99 -9999 -999999 -99  1.000000  0.000000
2009 05  384.200 -99 -9999 -999999 -99  1.000000  0.000000
2009 06  383.890 -99 -9999 -999999 -99  1.000000  0.000000
2009 07  383.930 -99 -9999 -999999 -99  1.000000  0.000000
2009 08  384.200 -99 -9999 -999999 -99  1.000000  0.000000
2009 09  384.590 -99 -9999 -999999 -99  1.000000  0.000000
2009 10  384.750 -99 -9999 -999999 -99  1.000000  0.000000
2010 01  385.340 -99 -9999 -999999 -99  1.000000  0.000000
2010 02  385.980 -99 -9999 -999999 -99  1.000000  0.000000
2010 03  385.100 -99 -9999 -999999 -99  1.000000  0.000000
2010 04  384.560 -99 -9999 -999999 -99  1.000000  0.000000
2010 08  387.070 -99 -9999 -999999 -99  1.000000  0.000000
2010 09  386.760 -99 -9999 -999999 -99  1.000000  0.000000
2010 10  386.740 -99 -9999 -999999 -99  1.000000  0.000000
2010 11  386.900 -99 -9999 -999999 -99  1.000000  0.000000
2010 12  387.470 -99 -9999 -999999 -99  1.000000  0.000000
2011 01  388.140 -99 -9999 -999999 -99  1.000000  0.000000
2011 02  388.540 -99 -9999 -999999 -99  1.000000  0.000000
2011 03  388.000 -99 -9999 -999999 -99  1.000000  0.000000
2011 04  386.570 -99 -9999 -999999 -99  1.000000  0.000000
2011 05  386.270 -99 -9999 -999999 -99  1.000000  0.000000
2011 06  387.300 -99 -9999 -999999 -99  1.000000  0.000000
2011 07  388.130 -99 -9999 -999999 -99  1.000000  0.000000
2011 08  388.870 -99 -9999 -999999 -99  1.000000  0.000000
2011 09  388.950 -99 -9999 -999999 -99  1.000000  0.000000
2011 10  389.120 -99 -9999 -999999 -99  1.000000  0.000000
2011 11  389.240 -99 -9999 -999999 -99  1.000000  0.000000
2011 12  389.080 -99 -9999 -999999 -99  1.000000  0.000000
2012 01  389.340 -99 -9999 -999999 -99  1.000000  0.000000
2012 02  389.980 -99 -9999 -999999 -99  1.000000  0.000000
2012 03  390.030 -99 -9999 -999999 -99  1.000000  0.000000
2012 04  389.700 -99 -9999 -999999 -99  1.000000  0.000000
2012 05  389.960 -99 -9999 -999999 -99  1.000000  0.000000
2012 06  390.580 -99 -9999 -999999 -99  1.000000  0.000000
2012 07  390.870 -99 -9999 -999999 -99  1.000000  0.000000
2012 08  390.680 -99 -9999 -999999 -99  1.000000  0.000000
2012 09  390.780 -99 -9999 -999999 -99  1.000000  0.000000
2012 10  391.410 -99 -9999 -999999 -99  1.000000  0.000000
2012 11  391.730 -99 -9999 -999999 -99  1.000000  0.000000
2012 12  391.760 -99 -9999 -999999 -99  1.000000  0.000000
2013 01  392.120 -99 -9999 -999999 -99  1.000000  0.000000
2013 02  392.380 -99 -9999 -999999 -99  1.000000  0.000000
2013 03  392.320 -99 -9999 -999999 -99  1.000000  0.000000
2013 04  392.240 -99 -9999 -999999 -99  1.000000  0.000000
2013 05  392.920 -99 -9999 -999999 -99  1.000000  0.000000
2013 06  393.730 -99 -9999 -999999 -99  1.000000  0.000000
2013 07  393.760 -99 -9999 -999999 -99  1.000000  0.000000
2013 08  393.710 -99 -9999 -999999 -99  1.000000  0.000000
2013 09  394.120 -99 -9999 -999999 -99  1.000000  0.000000
2013 10  394.540 -99 -9999 -999999 -99  1.000000  0.000000
2013 11  394.530 -99 -9999 -999999 -99  1.000000  0.000000
2013 12  394.780 -99 -9999 -999999 -99  1.000000  0.000000
2014 01  395.200 -99 -9999 -999999 -99  1.000000  0.000000
2014 02  395.170 -99 -9999 -999999 -99  1.000000  0.000000
2014 03  394.640 -99 -9999 -999999 -99  1.000000  0.000000
2014 04  394.480 -99 -9999 -999999 -99  1.000000  0.000000
2014 05  395.660 -99 -9999 -999999 -99  1.000000  0.000000
2014 06  396.040 -99 -9999 -999999 -99  1.000000  0.000000
2014 07  395.500 -99 -9999 -999999 -99  1.000000  0.000000
2014 08  396.050 -99 -9999 -999999 -99  1.000000  0.000000
2014 09  395.940 -99 -9999 -999999 -99  1.000000  0.000000
2014 10  396.050 -99 -9999 -999999 -99  1.000000  0.000000
2014 11  396.960 -99 -9999 -999999 -99  1.000000  0.000000
2014 12  397.040 -99 -9999 -999999 -99  1.000000  0.000000
2015 01  397.130 -99 -9999 -999999 -99  1.000000  0.000000
2015 02  397.120 -99 -9999 -999999 -99  1.000000  0.000000
2015 03  397.090 -99 -9999 -999999 -99  1.000000  0.000000
2015 04  397.430 -99 -9999 -999999 -99  1.000000  0.000000
2015 05  397.020 -99 -9999 -999999 -99  1.000000  0.000000
2015 06  397.180 -99 -9999 -999999 -99  1.000000  0.000000
2015 07  398.180 -99 -9999 -999999 -99  1.000000  0.000000
2015 08  398.230 -99 -9999 -999999 -99  1.000000  0.000000
2015 09  398.130 -99 -9999 -999999 -99  1.000000  0.000000
2015 10  398.780 -99 -9999 -999999 -99  1.000000  0.000000
2015 11  399.210 -99 -9999 -999999 -99  1.000000  0.000000
2015 12  400.130 -99 -9999 -999999 -99  1.000000  0.000000
2016 01  400.720 -99 -9999 -999999 -99  1.000000  0.000000
2016 02  399.770 -99 -9999 -999999 -99  1.000000  0.000000
2016 03  399.390 -99 -9999 -999999 -99  1.000000  0.000000
2016 04  400.040 -99 -9999 -999999 -99  1.000000  0.000000
2016 05  400.210 -99 -9999 -999999 -99  1.000000  0.000000
2016 06  400.550 -99 -9999 -999999 -99  1.000000  0.000000
2016 07  400.740 -99 -9999 -999999 -99  1.000000  0.000000
2016 08  401.480 -99 -9999 -999999 -99  1.000000  0.000000
2016 09  402.310 -99 -9999 -999999 -99  1.000000  0.000000
2016 10  401.560 -99 -9999 -999999 -99  1.000000  0.000000
2016 11  401.230 -99 -9999 -999999 -99  1.000000  0.000000
2016 12  402.240 -99 -9999 -999999 -99  1.000000  0.000000
2017 01  402.890 -99 -9999 -999999 -99  1.000000  0.000000
2017 02  402.780 -99 -9999 -999999 -99  1.000000  0.000000
2017 03  402.270 -99 -9999 -999999 -99  1.000000  0.000000
2017 04  402.070 -99 -9999 -999999 -99  1.000000  0.000000
2017 05  402.130 -99 -9999 -999999 -99  1.000000  0.000000
2017 06  402.410 -99 -9999 -999999 -99  1.000000  0.000000
