REM01  EXPLANATORY 25-LINE FOR THE MONTHLY DATA
REM02  FILENAME: co2_hba_surface-flask_2_3001-9999_monthly.txt
REM03  STATION: Halley
REM04  CATEGORY: GAW Global
REM05  COUNTRY/TERRITORY: United Kingdom of Great Britain and Northern Ireland
REM06  SUBMITTED BY: NOAA
REM07  LATITUDE:   75 37' S
REM08  LONGITUDE:  26 11' W
REM09  ALTITUDE:       30 m
REM10  RATIO: 1.000000 0.000000
REM11  PARAMETER: CO2
REM12  COVERING PERIOD: January 1983 - January 2017
REM13  UNIT: ppm
REM14  ANALYSIS: NDIR(1983-01-01 - 2017-01-01)
REM15  SAMPLING TYPE: surface-flask
REM16  CLASSIFICATION: Background observation
REM17  CALIBRATION: WMO CO2 X2007(1983-01-01 - 2017-01-01)
REM18  TABLENAME: HBA775S002f1
REM19  CALCULATION: contributor
REM20  REGISTRATION: 2018-09-25
REM21
REM22  COMMENT: Dataset was made from entire historical data provided from contributor from 2018 new WDCGG website open onward
REM23
REM24 M      CO2   V    ND      SD   F   RATIO_A   RATIO_B
REM25        ppm
1983 01  340.140 -99 -9999 -999999 -99  1.000000  0.000000
1983 02  340.090 -99 -9999 -999999 -99  1.000000  0.000000
1983 03  340.190 -99 -9999 -999999 -99  1.000000  0.000000
1983 04  340.480 -99 -9999 -999999 -99  1.000000  0.000000
1983 05  341.100 -99 -9999 -999999 -99  1.000000  0.000000
1983 06  341.480 -99 -9999 -999999 -99  1.000000  0.000000
1983 07  341.700 -99 -9999 -999999 -99  1.000000  0.000000
1983 08  342.440 -99 -9999 -999999 -99  1.000000  0.000000
1983 09  343.030 -99 -9999 -999999 -99  1.000000  0.000000
1983 10  342.800 -99 -9999 -999999 -99  1.000000  0.000000
1983 11  342.470 -99 -9999 -999999 -99  1.000000  0.000000
1983 12  342.270 -99 -9999 -999999 -99  1.000000  0.000000
1984 01  342.080 -99 -9999 -999999 -99  1.000000  0.000000
1984 02  341.910 -99 -9999 -999999 -99  1.000000  0.000000
1984 03  341.800 -99 -9999 -999999 -99  1.000000  0.000000
1984 04  342.070 -99 -9999 -999999 -99  1.000000  0.000000
1984 05  342.480 -99 -9999 -999999 -99  1.000000  0.000000
1984 06  342.640 -99 -9999 -999999 -99  1.000000  0.000000
1984 07  342.840 -99 -9999 -999999 -99  1.000000  0.000000
1984 08  343.180 -99 -9999 -999999 -99  1.000000  0.000000
1984 09  343.530 -99 -9999 -999999 -99  1.000000  0.000000
1984 10  343.950 -99 -9999 -999999 -99  1.000000  0.000000
1984 11  344.020 -99 -9999 -999999 -99  1.000000  0.000000
1984 12  343.610 -99 -9999 -999999 -99  1.000000  0.000000
1985 01  343.230 -99 -9999 -999999 -99  1.000000  0.000000
1985 02  343.280 -99 -9999 -999999 -99  1.000000  0.000000
1985 03  343.850 -99 -9999 -999999 -99  1.000000  0.000000
1985 04  344.330 -99 -9999 -999999 -99  1.000000  0.000000
1985 05  344.180 -99 -9999 -999999 -99  1.000000  0.000000
1985 06  343.970 -99 -9999 -999999 -99  1.000000  0.000000
1985 07  344.070 -99 -9999 -999999 -99  1.000000  0.000000
1985 08  344.690 -99 -9999 -999999 -99  1.000000  0.000000
1985 09  345.180 -99 -9999 -999999 -99  1.000000  0.000000
1985 10  345.270 -99 -9999 -999999 -99  1.000000  0.000000
1985 11  345.380 -99 -9999 -999999 -99  1.000000  0.000000
1985 12  345.360 -99 -9999 -999999 -99  1.000000  0.000000
1986 01  344.950 -99 -9999 -999999 -99  1.000000  0.000000
1986 02  344.630 -99 -9999 -999999 -99  1.000000  0.000000
1986 03  344.510 -99 -9999 -999999 -99  1.000000  0.000000
1986 04  344.620 -99 -9999 -999999 -99  1.000000  0.000000
1986 05  344.880 -99 -9999 -999999 -99  1.000000  0.000000
1986 06  345.270 -99 -9999 -999999 -99  1.000000  0.000000
1986 07  345.700 -99 -9999 -999999 -99  1.000000  0.000000
1986 08  345.910 -99 -9999 -999999 -99  1.000000  0.000000
1986 09  346.150 -99 -9999 -999999 -99  1.000000  0.000000
1986 10  346.420 -99 -9999 -999999 -99  1.000000  0.000000
1986 11  346.480 -99 -9999 -999999 -99  1.000000  0.000000
1986 12  346.190 -99 -9999 -999999 -99  1.000000  0.000000
1987 01  346.190 -99 -9999 -999999 -99  1.000000  0.000000
1987 02  346.750 -99 -9999 -999999 -99  1.000000  0.000000
1987 03  346.820 -99 -9999 -999999 -99  1.000000  0.000000
1987 04  346.450 -99 -9999 -999999 -99  1.000000  0.000000
1987 05  346.610 -99 -9999 -999999 -99  1.000000  0.000000
1987 06  347.170 -99 -9999 -999999 -99  1.000000  0.000000
1987 07  347.810 -99 -9999 -999999 -99  1.000000  0.000000
1987 08  348.240 -99 -9999 -999999 -99  1.000000  0.000000
1987 09  348.590 -99 -9999 -999999 -99  1.000000  0.000000
1987 10  348.940 -99 -9999 -999999 -99  1.000000  0.000000
1987 11  349.190 -99 -9999 -999999 -99  1.000000  0.000000
1987 12  348.970 -99 -9999 -999999 -99  1.000000  0.000000
1988 01  348.770 -99 -9999 -999999 -99  1.000000  0.000000
1988 02  349.150 -99 -9999 -999999 -99  1.000000  0.000000
1988 03  349.230 -99 -9999 -999999 -99  1.000000  0.000000
1988 04  349.110 -99 -9999 -999999 -99  1.000000  0.000000
1988 05  349.490 -99 -9999 -999999 -99  1.000000  0.000000
1988 06  349.960 -99 -9999 -999999 -99  1.000000  0.000000
1988 07  350.280 -99 -9999 -999999 -99  1.000000  0.000000
1988 08  350.620 -99 -9999 -999999 -99  1.000000  0.000000
1988 09  350.750 -99 -9999 -999999 -99  1.000000  0.000000
1988 10  350.580 -99 -9999 -999999 -99  1.000000  0.000000
1991 01  352.280 -99 -9999 -999999 -99  1.000000  0.000000
1991 02  352.260 -99 -9999 -999999 -99  1.000000  0.000000
1991 03  352.590 -99 -9999 -999999 -99  1.000000  0.000000
1991 04  353.130 -99 -9999 -999999 -99  1.000000  0.000000
1991 05  353.310 -99 -9999 -999999 -99  1.000000  0.000000
1991 06  353.260 -99 -9999 -999999 -99  1.000000  0.000000
1991 07  353.570 -99 -9999 -999999 -99  1.000000  0.000000
1991 08  354.030 -99 -9999 -999999 -99  1.000000  0.000000
1991 09  354.210 -99 -9999 -999999 -99  1.000000  0.000000
1991 10  354.250 -99 -9999 -999999 -99  1.000000  0.000000
1991 11  354.120 -99 -9999 -999999 -99  1.000000  0.000000
1991 12  353.730 -99 -9999 -999999 -99  1.000000  0.000000
1992 01  353.350 -99 -9999 -999999 -99  1.000000  0.000000
1992 02  353.090 -99 -9999 -999999 -99  1.000000  0.000000
1992 03  353.070 -99 -9999 -999999 -99  1.000000  0.000000
1992 04  353.920 -99 -9999 -999999 -99  1.000000  0.000000
1992 05  355.100 -99 -9999 -999999 -99  1.000000  0.000000
1992 06  355.620 -99 -9999 -999999 -99  1.000000  0.000000
1992 07  355.360 -99 -9999 -999999 -99  1.000000  0.000000
1992 08  355.230 -99 -9999 -999999 -99  1.000000  0.000000
1992 09  355.550 -99 -9999 -999999 -99  1.000000  0.000000
1992 10  355.760 -99 -9999 -999999 -99  1.000000  0.000000
1992 11  355.510 -99 -9999 -999999 -99  1.000000  0.000000
1992 12  355.110 -99 -9999 -999999 -99  1.000000  0.000000
1993 01  354.910 -99 -9999 -999999 -99  1.000000  0.000000
1993 02  354.650 -99 -9999 -999999 -99  1.000000  0.000000
1993 03  354.470 -99 -9999 -999999 -99  1.000000  0.000000
1993 04  354.640 -99 -9999 -999999 -99  1.000000  0.000000
1993 05  354.840 -99 -9999 -999999 -99  1.000000  0.000000
1993 06  355.120 -99 -9999 -999999 -99  1.000000  0.000000
1993 07  355.520 -99 -9999 -999999 -99  1.000000  0.000000
1993 08  355.940 -99 -9999 -999999 -99  1.000000  0.000000
1993 09  356.200 -99 -9999 -999999 -99  1.000000  0.000000
1993 10  356.410 -99 -9999 -999999 -99  1.000000  0.000000
1993 11  356.520 -99 -9999 -999999 -99  1.000000  0.000000
1993 12  356.270 -99 -9999 -999999 -99  1.000000  0.000000
1994 01  355.970 -99 -9999 -999999 -99  1.000000  0.000000
1994 02  355.950 -99 -9999 -999999 -99  1.000000  0.000000
1994 03  355.960 -99 -9999 -999999 -99  1.000000  0.000000
1994 04  355.900 -99 -9999 -999999 -99  1.000000  0.000000
1994 05  356.020 -99 -9999 -999999 -99  1.000000  0.000000
1994 06  356.380 -99 -9999 -999999 -99  1.000000  0.000000
1994 07  356.860 -99 -9999 -999999 -99  1.000000  0.000000
1994 08  357.540 -99 -9999 -999999 -99  1.000000  0.000000
1994 09  358.300 -99 -9999 -999999 -99  1.000000  0.000000
1994 10  358.670 -99 -9999 -999999 -99  1.000000  0.000000
1994 11  358.300 -99 -9999 -999999 -99  1.000000  0.000000
1994 12  357.880 -99 -9999 -999999 -99  1.000000  0.000000
1995 01  357.810 -99 -9999 -999999 -99  1.000000  0.000000
1995 02  357.780 -99 -9999 -999999 -99  1.000000  0.000000
1995 03  357.540 -99 -9999 -999999 -99  1.000000  0.000000
1995 04  357.510 -99 -9999 -999999 -99  1.000000  0.000000
1995 05  357.820 -99 -9999 -999999 -99  1.000000  0.000000
1995 06  358.360 -99 -9999 -999999 -99  1.000000  0.000000
1995 07  358.790 -99 -9999 -999999 -99  1.000000  0.000000
1995 08  358.890 -99 -9999 -999999 -99  1.000000  0.000000
1995 09  359.040 -99 -9999 -999999 -99  1.000000  0.000000
1995 10  359.020 -99 -9999 -999999 -99  1.000000  0.000000
1995 11  358.810 -99 -9999 -999999 -99  1.000000  0.000000
1995 12  358.730 -99 -9999 -999999 -99  1.000000  0.000000
1996 01  358.720 -99 -9999 -999999 -99  1.000000  0.000000
1996 02  358.820 -99 -9999 -999999 -99  1.000000  0.000000
1996 03  358.790 -99 -9999 -999999 -99  1.000000  0.000000
1996 04  358.820 -99 -9999 -999999 -99  1.000000  0.000000
1996 05  359.100 -99 -9999 -999999 -99  1.000000  0.000000
1996 06  359.460 -99 -9999 -999999 -99  1.000000  0.000000
1996 07  359.900 -99 -9999 -999999 -99  1.000000  0.000000
1996 08  360.220 -99 -9999 -999999 -99  1.000000  0.000000
1996 09  360.470 -99 -9999 -999999 -99  1.000000  0.000000
1996 10  360.680 -99 -9999 -999999 -99  1.000000  0.000000
1996 11  360.660 -99 -9999 -999999 -99  1.000000  0.000000
1996 12  360.640 -99 -9999 -999999 -99  1.000000  0.000000
1997 01  360.600 -99 -9999 -999999 -99  1.000000  0.000000
1997 02  360.400 -99 -9999 -999999 -99  1.000000  0.000000
1997 03  360.460 -99 -9999 -999999 -99  1.000000  0.000000
1997 04  360.680 -99 -9999 -999999 -99  1.000000  0.000000
1997 05  360.760 -99 -9999 -999999 -99  1.000000  0.000000
1997 06  360.940 -99 -9999 -999999 -99  1.000000  0.000000
1997 07  361.230 -99 -9999 -999999 -99  1.000000  0.000000
1997 08  361.490 -99 -9999 -999999 -99  1.000000  0.000000
1997 09  361.680 -99 -9999 -999999 -99  1.000000  0.000000
1997 10  361.830 -99 -9999 -999999 -99  1.000000  0.000000
1997 11  361.780 -99 -9999 -999999 -99  1.000000  0.000000
1997 12  361.570 -99 -9999 -999999 -99  1.000000  0.000000
1998 01  361.690 -99 -9999 -999999 -99  1.000000  0.000000
1998 02  361.960 -99 -9999 -999999 -99  1.000000  0.000000
1998 03  362.120 -99 -9999 -999999 -99  1.000000  0.000000
1998 04  362.450 -99 -9999 -999999 -99  1.000000  0.000000
1998 05  362.930 -99 -9999 -999999 -99  1.000000  0.000000
1998 06  363.390 -99 -9999 -999999 -99  1.000000  0.000000
1998 07  363.870 -99 -9999 -999999 -99  1.000000  0.000000
1998 08  364.410 -99 -9999 -999999 -99  1.000000  0.000000
1998 09  364.740 -99 -9999 -999999 -99  1.000000  0.000000
1998 10  364.880 -99 -9999 -999999 -99  1.000000  0.000000
1998 11  365.030 -99 -9999 -999999 -99  1.000000  0.000000
1998 12  364.990 -99 -9999 -999999 -99  1.000000  0.000000
1999 01  364.930 -99 -9999 -999999 -99  1.000000  0.000000
1999 02  364.930 -99 -9999 -999999 -99  1.000000  0.000000
1999 03  364.980 -99 -9999 -999999 -99  1.000000  0.000000
1999 04  365.130 -99 -9999 -999999 -99  1.000000  0.000000
1999 05  365.260 -99 -9999 -999999 -99  1.000000  0.000000
1999 06  365.440 -99 -9999 -999999 -99  1.000000  0.000000
1999 07  365.750 -99 -9999 -999999 -99  1.000000  0.000000
1999 08  366.150 -99 -9999 -999999 -99  1.000000  0.000000
1999 09  366.410 -99 -9999 -999999 -99  1.000000  0.000000
1999 10  366.400 -99 -9999 -999999 -99  1.000000  0.000000
1999 11  366.410 -99 -9999 -999999 -99  1.000000  0.000000
1999 12  366.250 -99 -9999 -999999 -99  1.000000  0.000000
2000 01  365.900 -99 -9999 -999999 -99  1.000000  0.000000
2000 02  365.930 -99 -9999 -999999 -99  1.000000  0.000000
2000 03  366.100 -99 -9999 -999999 -99  1.000000  0.000000
2000 04  366.220 -99 -9999 -999999 -99  1.000000  0.000000
2000 05  366.310 -99 -9999 -999999 -99  1.000000  0.000000
2000 06  366.480 -99 -9999 -999999 -99  1.000000  0.000000
2000 07  366.930 -99 -9999 -999999 -99  1.000000  0.000000
2000 08  367.350 -99 -9999 -999999 -99  1.000000  0.000000
2000 09  367.530 -99 -9999 -999999 -99  1.000000  0.000000
2000 10  367.670 -99 -9999 -999999 -99  1.000000  0.000000
2000 11  367.730 -99 -9999 -999999 -99  1.000000  0.000000
2000 12  367.550 -99 -9999 -999999 -99  1.000000  0.000000
2001 01  367.310 -99 -9999 -999999 -99  1.000000  0.000000
2001 02  367.250 -99 -9999 -999999 -99  1.000000  0.000000
2001 03  367.380 -99 -9999 -999999 -99  1.000000  0.000000
2001 04  367.700 -99 -9999 -999999 -99  1.000000  0.000000
2001 05  367.990 -99 -9999 -999999 -99  1.000000  0.000000
2001 06  368.270 -99 -9999 -999999 -99  1.000000  0.000000
2001 07  368.810 -99 -9999 -999999 -99  1.000000  0.000000
2001 08  369.390 -99 -9999 -999999 -99  1.000000  0.000000
2001 09  369.710 -99 -9999 -999999 -99  1.000000  0.000000
2001 10  369.980 -99 -9999 -999999 -99  1.000000  0.000000
2001 11  370.110 -99 -9999 -999999 -99  1.000000  0.000000
2001 12  369.800 -99 -9999 -999999 -99  1.000000  0.000000
2002 01  369.290 -99 -9999 -999999 -99  1.000000  0.000000
2002 02  369.190 -99 -9999 -999999 -99  1.000000  0.000000
2002 03  369.420 -99 -9999 -999999 -99  1.000000  0.000000
2002 04  369.640 -99 -9999 -999999 -99  1.000000  0.000000
2002 05  369.910 -99 -9999 -999999 -99  1.000000  0.000000
2002 06  370.280 -99 -9999 -999999 -99  1.000000  0.000000
2002 07  370.790 -99 -9999 -999999 -99  1.000000  0.000000
2002 08  371.340 -99 -9999 -999999 -99  1.000000  0.000000
2002 09  371.750 -99 -9999 -999999 -99  1.000000  0.000000
2002 10  371.920 -99 -9999 -999999 -99  1.000000  0.000000
2002 11  371.960 -99 -9999 -999999 -99  1.000000  0.000000
2002 12  371.830 -99 -9999 -999999 -99  1.000000  0.000000
2003 01  371.630 -99 -9999 -999999 -99  1.000000  0.000000
2003 02  371.630 -99 -9999 -999999 -99  1.000000  0.000000
2003 03  371.740 -99 -9999 -999999 -99  1.000000  0.000000
2003 04  372.050 -99 -9999 -999999 -99  1.000000  0.000000
2003 05  372.430 -99 -9999 -999999 -99  1.000000  0.000000
2003 06  372.720 -99 -9999 -999999 -99  1.000000  0.000000
2003 07  373.100 -99 -9999 -999999 -99  1.000000  0.000000
2003 08  373.590 -99 -9999 -999999 -99  1.000000  0.000000
2003 09  373.890 -99 -9999 -999999 -99  1.000000  0.000000
2003 10  373.870 -99 -9999 -999999 -99  1.000000  0.000000
2003 11  373.860 -99 -9999 -999999 -99  1.000000  0.000000
2003 12  373.870 -99 -9999 -999999 -99  1.000000  0.000000
2004 01  373.650 -99 -9999 -999999 -99  1.000000  0.000000
2004 02  373.490 -99 -9999 -999999 -99  1.000000  0.000000
2004 03  373.770 -99 -9999 -999999 -99  1.000000  0.000000
2004 04  374.040 -99 -9999 -999999 -99  1.000000  0.000000
2004 05  374.260 -99 -9999 -999999 -99  1.000000  0.000000
2004 06  374.660 -99 -9999 -999999 -99  1.000000  0.000000
2004 07  375.080 -99 -9999 -999999 -99  1.000000  0.000000
2004 08  375.520 -99 -9999 -999999 -99  1.000000  0.000000
2004 09  375.710 -99 -9999 -999999 -99  1.000000  0.000000
2004 10  375.740 -99 -9999 -999999 -99  1.000000  0.000000
2004 11  375.740 -99 -9999 -999999 -99  1.000000  0.000000
2004 12  375.540 -99 -9999 -999999 -99  1.000000  0.000000
2005 01  375.320 -99 -9999 -999999 -99  1.000000  0.000000
2005 02  375.300 -99 -9999 -999999 -99  1.000000  0.000000
2005 03  375.380 -99 -9999 -999999 -99  1.000000  0.000000
2005 04  375.650 -99 -9999 -999999 -99  1.000000  0.000000
2005 05  376.190 -99 -9999 -999999 -99  1.000000  0.000000
2005 06  376.720 -99 -9999 -999999 -99  1.000000  0.000000
2005 07  377.210 -99 -9999 -999999 -99  1.000000  0.000000
2005 08  377.700 -99 -9999 -999999 -99  1.000000  0.000000
2005 09  377.960 -99 -9999 -999999 -99  1.000000  0.000000
2005 10  378.010 -99 -9999 -999999 -99  1.000000  0.000000
2005 11  378.010 -99 -9999 -999999 -99  1.000000  0.000000
2005 12  377.800 -99 -9999 -999999 -99  1.000000  0.000000
2006 01  377.450 -99 -9999 -999999 -99  1.000000  0.000000
2006 02  377.450 -99 -9999 -999999 -99  1.000000  0.000000
2006 03  377.670 -99 -9999 -999999 -99  1.000000  0.000000
2006 04  377.850 -99 -9999 -999999 -99  1.000000  0.000000
2006 05  378.140 -99 -9999 -999999 -99  1.000000  0.000000
2006 06  378.460 -99 -9999 -999999 -99  1.000000  0.000000
2006 07  378.810 -99 -9999 -999999 -99  1.000000  0.000000
2006 08  379.190 -99 -9999 -999999 -99  1.000000  0.000000
2006 09  379.410 -99 -9999 -999999 -99  1.000000  0.000000
2006 10  379.580 -99 -9999 -999999 -99  1.000000  0.000000
2006 11  379.580 -99 -9999 -999999 -99  1.000000  0.000000
2006 12  379.400 -99 -9999 -999999 -99  1.000000  0.000000
2007 01  379.280 -99 -9999 -999999 -99  1.000000  0.000000
2007 02  379.330 -99 -9999 -999999 -99  1.000000  0.000000
2007 03  379.510 -99 -9999 -999999 -99  1.000000  0.000000
2007 04  379.880 -99 -9999 -999999 -99  1.000000  0.000000
2007 05  380.160 -99 -9999 -999999 -99  1.000000  0.000000
2007 06  380.420 -99 -9999 -999999 -99  1.000000  0.000000
2007 07  380.950 -99 -9999 -999999 -99  1.000000  0.000000
2007 08  381.460 -99 -9999 -999999 -99  1.000000  0.000000
2007 09  381.670 -99 -9999 -999999 -99  1.000000  0.000000
2007 10  381.780 -99 -9999 -999999 -99  1.000000  0.000000
2007 11  381.850 -99 -9999 -999999 -99  1.000000  0.000000
2007 12  381.880 -99 -9999 -999999 -99  1.000000  0.000000
2008 01  381.770 -99 -9999 -999999 -99  1.000000  0.000000
2008 02  381.680 -99 -9999 -999999 -99  1.000000  0.000000
2008 03  381.830 -99 -9999 -999999 -99  1.000000  0.000000
2008 04  381.960 -99 -9999 -999999 -99  1.000000  0.000000
2008 05  382.020 -99 -9999 -999999 -99  1.000000  0.000000
2008 06  382.300 -99 -9999 -999999 -99  1.000000  0.000000
2008 07  382.810 -99 -9999 -999999 -99  1.000000  0.000000
2008 08  383.280 -99 -9999 -999999 -99  1.000000  0.000000
2008 09  383.600 -99 -9999 -999999 -99  1.000000  0.000000
2008 10  383.730 -99 -9999 -999999 -99  1.000000  0.000000
2008 11  383.760 -99 -9999 -999999 -99  1.000000  0.000000
2008 12  383.520 -99 -9999 -999999 -99  1.000000  0.000000
2009 01  383.330 -99 -9999 -999999 -99  1.000000  0.000000
2009 02  383.350 -99 -9999 -999999 -99  1.000000  0.000000
2009 03  383.330 -99 -9999 -999999 -99  1.000000  0.000000
2009 04  383.420 -99 -9999 -999999 -99  1.000000  0.000000
2009 05  383.680 -99 -9999 -999999 -99  1.000000  0.000000
2009 06  384.040 -99 -9999 -999999 -99  1.000000  0.000000
2009 07  384.420 -99 -9999 -999999 -99  1.000000  0.000000
2009 08  384.790 -99 -9999 -999999 -99  1.000000  0.000000
2009 09  385.160 -99 -9999 -999999 -99  1.000000  0.000000
2009 10  385.390 -99 -9999 -999999 -99  1.000000  0.000000
2009 11  385.320 -99 -9999 -999999 -99  1.000000  0.000000
2009 12  385.070 -99 -9999 -999999 -99  1.000000  0.000000
2010 01  384.740 -99 -9999 -999999 -99  1.000000  0.000000
2010 02  384.410 -99 -9999 -999999 -99  1.000000  0.000000
2010 03  384.440 -99 -9999 -999999 -99  1.000000  0.000000
2010 04  384.770 -99 -9999 -999999 -99  1.000000  0.000000
2010 05  385.170 -99 -9999 -999999 -99  1.000000  0.000000
2010 06  385.690 -99 -9999 -999999 -99  1.000000  0.000000
2010 07  386.320 -99 -9999 -999999 -99  1.000000  0.000000
2010 08  387.060 -99 -9999 -999999 -99  1.000000  0.000000
2010 09  387.420 -99 -9999 -999999 -99  1.000000  0.000000
2010 10  387.470 -99 -9999 -999999 -99  1.000000  0.000000
2010 11  387.500 -99 -9999 -999999 -99  1.000000  0.000000
2010 12  387.300 -99 -9999 -999999 -99  1.000000  0.000000
2011 01  386.970 -99 -9999 -999999 -99  1.000000  0.000000
2011 02  386.700 -99 -9999 -999999 -99  1.000000  0.000000
2011 03  386.690 -99 -9999 -999999 -99  1.000000  0.000000
2011 04  386.890 -99 -9999 -999999 -99  1.000000  0.000000
2011 05  387.210 -99 -9999 -999999 -99  1.000000  0.000000
2011 06  387.560 -99 -9999 -999999 -99  1.000000  0.000000
2011 07  387.940 -99 -9999 -999999 -99  1.000000  0.000000
2011 08  388.430 -99 -9999 -999999 -99  1.000000  0.000000
2011 09  388.790 -99 -9999 -999999 -99  1.000000  0.000000
2011 10  388.990 -99 -9999 -999999 -99  1.000000  0.000000
2011 11  389.060 -99 -9999 -999999 -99  1.000000  0.000000
2011 12  388.890 -99 -9999 -999999 -99  1.000000  0.000000
2012 01  388.630 -99 -9999 -999999 -99  1.000000  0.000000
2012 02  388.610 -99 -9999 -999999 -99  1.000000  0.000000
2012 03  388.660 -99 -9999 -999999 -99  1.000000  0.000000
2012 04  388.840 -99 -9999 -999999 -99  1.000000  0.000000
2012 05  389.140 -99 -9999 -999999 -99  1.000000  0.000000
2012 06  389.470 -99 -9999 -999999 -99  1.000000  0.000000
2012 07  390.110 -99 -9999 -999999 -99  1.000000  0.000000
2012 08  390.780 -99 -9999 -999999 -99  1.000000  0.000000
2012 09  391.120 -99 -9999 -999999 -99  1.000000  0.000000
2012 10  391.260 -99 -9999 -999999 -99  1.000000  0.000000
2012 11  391.180 -99 -9999 -999999 -99  1.000000  0.000000
2012 12  390.920 -99 -9999 -999999 -99  1.000000  0.000000
2013 01  390.780 -99 -9999 -999999 -99  1.000000  0.000000
2013 02  390.850 -99 -9999 -999999 -99  1.000000  0.000000
2013 03  391.130 -99 -9999 -999999 -99  1.000000  0.000000
2013 04  391.640 -99 -9999 -999999 -99  1.000000  0.000000
2013 05  392.090 -99 -9999 -999999 -99  1.000000  0.000000
2013 06  392.480 -99 -9999 -999999 -99  1.000000  0.000000
2013 07  393.040 -99 -9999 -999999 -99  1.000000  0.000000
2013 08  393.620 -99 -9999 -999999 -99  1.000000  0.000000
2013 09  393.900 -99 -9999 -999999 -99  1.000000  0.000000
2013 10  393.980 -99 -9999 -999999 -99  1.000000  0.000000
2013 11  394.000 -99 -9999 -999999 -99  1.000000  0.000000
2013 12  393.810 -99 -9999 -999999 -99  1.000000  0.000000
2014 01  393.550 -99 -9999 -999999 -99  1.000000  0.000000
2014 02  393.490 -99 -9999 -999999 -99  1.000000  0.000000
2014 03  393.580 -99 -9999 -999999 -99  1.000000  0.000000
2014 04  393.810 -99 -9999 -999999 -99  1.000000  0.000000
2014 05  394.090 -99 -9999 -999999 -99  1.000000  0.000000
2014 06  394.510 -99 -9999 -999999 -99  1.000000  0.000000
2014 07  395.040 -99 -9999 -999999 -99  1.000000  0.000000
2014 08  395.480 -99 -9999 -999999 -99  1.000000  0.000000
2014 09  395.840 -99 -9999 -999999 -99  1.000000  0.000000
2014 10  395.960 -99 -9999 -999999 -99  1.000000  0.000000
2014 11  395.870 -99 -9999 -999999 -99  1.000000  0.000000
2015 01  395.430 -99 -9999 -999999 -99  1.000000  0.000000
2015 02  395.500 -99 -9999 -999999 -99  1.000000  0.000000
2015 03  395.690 -99 -9999 -999999 -99  1.000000  0.000000
2015 04  396.070 -99 -9999 -999999 -99  1.000000  0.000000
2015 05  396.500 -99 -9999 -999999 -99  1.000000  0.000000
2015 06  396.950 -99 -9999 -999999 -99  1.000000  0.000000
2015 07  397.450 -99 -9999 -999999 -99  1.000000  0.000000
2015 08  398.040 -99 -9999 -999999 -99  1.000000  0.000000
2015 09  398.440 -99 -9999 -999999 -99  1.000000  0.000000
2015 10  398.570 -99 -9999 -999999 -99  1.000000  0.000000
2015 11  398.590 -99 -9999 -999999 -99  1.000000  0.000000
2015 12  398.570 -99 -9999 -999999 -99  1.000000  0.000000
2016 01  398.410 -99 -9999 -999999 -99  1.000000  0.000000
2016 02  398.230 -99 -9999 -999999 -99  1.000000  0.000000
2016 03  398.590 -99 -9999 -999999 -99  1.000000  0.000000
2016 04  399.300 -99 -9999 -999999 -99  1.000000  0.000000
2016 05  400.000 -99 -9999 -999999 -99  1.000000  0.000000
2016 06  400.560 -99 -9999 -999999 -99  1.000000  0.000000
2016 07  401.100 -99 -9999 -999999 -99  1.000000  0.000000
2016 08  401.540 -99 -9999 -999999 -99  1.000000  0.000000
2016 09  401.740 -99 -9999 -999999 -99  1.000000  0.000000
2016 10  401.810 -99 -9999 -999999 -99  1.000000  0.000000
2016 11  401.680 -99 -9999 -999999 -99  1.000000  0.000000
2016 12  401.440 -99 -9999 -999999 -99  1.000000  0.000000
2017 01  401.320 -99 -9999 -999999 -99  1.000000  0.000000
