REM01  EXPLANATORY 25-LINE FOR THE MONTHLY DATA
REM02  FILENAME: co2_hkg_surface-insitu_27_9999-9999_monthly.txt
REM03  STATION: Hok Tsui / Cape d Aguilar
REM04  CATEGORY: GAW Regional
REM05  COUNTRY/TERRITORY: Hong Kong, China
REM06  SUBMITTED BY: HKO
REM07  LATITUDE:   22 13' N
REM08  LONGITUDE: 114 15' E
REM09  ALTITUDE:       60 m
REM10  RATIO: 1.000000 0.000000
REM11  PARAMETER: CO2
REM12  COVERING PERIOD: January 2011 - August 2018
REM13  UNIT: ppm
REM14  ANALYSIS: NDIR(2011-01-01 - 2018-08-01)
REM15  SAMPLING TYPE: surface-insitu
REM16  CLASSIFICATION: Background observation
REM17  CALIBRATION: WMO CO2 X2007(2011-01-01 - 2018-08-01)
REM18  TABLENAME: HKG222N027iz
REM19  CALCULATION: contributor
REM20  REGISTRATION: 2018-10-23
REM21
REM22  COMMENT: Dataset was made from entire historical data provided from contributor from 2018 new WDCGG website open onward
REM23
REM24 M      CO2   V    ND      SD   F   RATIO_A   RATIO_B
REM25        ppm
2011 01  405.300 -99    31   5.700   1  1.000000  0.000000
2011 02  400.800 -99    28   6.000   1  1.000000  0.000000
2011 03  401.200 -99    31   5.300   1  1.000000  0.000000
2011 04  396.200 -99    30   4.900   1  1.000000  0.000000
2011 05  390.100 -99    31   7.800   1  1.000000  0.000000
2011 06  377.800 -99    28   3.300   1  1.000000  0.000000
2011 07  376.300 -99    31   4.900   1  1.000000  0.000000
2011 08  379.300 -99    31   8.600   1  1.000000  0.000000
2011 09  381.400 -99    30   8.000   1  1.000000  0.000000
2011 10  389.800 -99    31   4.600   1  1.000000  0.000000
2011 11  390.300 -99    30   8.000   1  1.000000  0.000000
2011 12  398.200 -99    31   6.100   1  1.000000  0.000000
2012 01  408.000 -99    31   7.900   1  1.000000  0.000000
2012 02  404.600 -99    29   5.800   1  1.000000  0.000000
2012 03  404.200 -99    31   6.600   1  1.000000  0.000000
2012 04  398.400 -99    30  10.000   1  1.000000  0.000000
2012 05  388.900 -99    31   4.700   1  1.000000  0.000000
2012 06  391.400 -99    30   6.300   1  1.000000  0.000000
2012 07  385.400 -99    31   5.400   1  1.000000  0.000000
2012 08  388.000 -99    31   9.300   1  1.000000  0.000000
2012 09  385.900 -99    30   5.200   1  1.000000  0.000000
2012 10  396.900 -99    26   6.900   1  1.000000  0.000000
2012 11  396.700 -99    27   7.200   1  1.000000  0.000000
2013 01  414.100 -99     9  11.000   1  1.000000  0.000000
2013 02  403.500 -99    28   3.700   1  1.000000  0.000000
2013 03  403.600 -99    31   5.500   1  1.000000  0.000000
2013 04  406.400 -99    30   7.600   1  1.000000  0.000000
2013 05  398.600 -99    30   6.100   1  1.000000  0.000000
2013 06  402.100 -99    26   5.400   1  1.000000  0.000000
2013 07  391.500 -99    27   3.800   1  1.000000  0.000000
2013 08  402.400 -99    23  17.400   1  1.000000  0.000000
2013 09  382.800 -99    20   8.700   1  1.000000  0.000000
2013 10  400.700 -99    27   4.400   1  1.000000  0.000000
2013 11  401.800 -99    30   5.600   1  1.000000  0.000000
2013 12  409.900 -99    31   6.900   1  1.000000  0.000000
2014 01  407.700 -99    31   7.100   1  1.000000  0.000000
2014 02  403.600 -99    20   5.800   1  1.000000  0.000000
2014 03  412.200 -99    30   6.700   1  1.000000  0.000000
2014 04  393.400 -99    28   8.100   1  1.000000  0.000000
2014 05  394.100 -99    31   5.600   1  1.000000  0.000000
2014 06  388.100 -99    30   8.800   1  1.000000  0.000000
2014 07  387.000 -99    31   7.000   1  1.000000  0.000000
2014 08  389.000 -99    31   4.100   1  1.000000  0.000000
2014 09  390.600 -99    30   7.200   1  1.000000  0.000000
2014 10  397.900 -99    31   5.600   1  1.000000  0.000000
2014 11  405.100 -99    30   7.200   1  1.000000  0.000000
2014 12  412.000 -99    31   5.600   1  1.000000  0.000000
2015 01  416.100 -99    26   5.800   1  1.000000  0.000000
2015 02  414.700 -99    20   6.500   1  1.000000  0.000000
2015 03  408.200 -99    31   6.200   1  1.000000  0.000000
2015 04  404.900 -99    30  10.600   1  1.000000  0.000000
2015 05  395.100 -99    31   5.300   1  1.000000  0.000000
2015 06  390.400 -99    30   2.200   1  1.000000  0.000000
2015 07  394.700 -99    31   5.900   1  1.000000  0.000000
2015 08  394.700 -99    31   7.700   1  1.000000  0.000000
2015 09  390.400 -99    30   5.300   1  1.000000  0.000000
2015 10  399.200 -99    28   8.100   1  1.000000  0.000000
2015 11  408.600 -99    29   7.600   1  1.000000  0.000000
2015 12  416.500 -99    31   7.900   1  1.000000  0.000000
2016 01  418.400 -99    31   5.400   1  1.000000  0.000000
2016 02  412.800 -99    29   7.000   1  1.000000  0.000000
2016 03  415.000 -99    26   5.500   1  1.000000  0.000000
2016 04  410.600 -99    30   6.100   1  1.000000  0.000000
2016 05  408.300 -99    31   9.300   1  1.000000  0.000000
2016 06  395.500 -99    30   3.900   1  1.000000  0.000000
2016 07  393.700 -99    29   7.600   1  1.000000  0.000000
2016 08  397.300 -99    31   5.200   1  1.000000  0.000000
2016 09  410.700 -99    26  10.200   1  1.000000  0.000000
2016 10  407.100 -99    31   7.000   1  1.000000  0.000000
2016 11  410.300 -99    30   6.000   1  1.000000  0.000000
2016 12  414.900 -99    31   7.900   1  1.000000  0.000000
2017 01  410.100 -99    31   8.100   1  1.000000  0.000000
2017 02  412.100 -99    28   5.900   1  1.000000  0.000000
2017 03  414.400 -99    31   4.100   1  1.000000  0.000000
2017 04  410.500 -99    30   7.400   1  1.000000  0.000000
2017 05  411.200 -99    31   8.400   1  1.000000  0.000000
2017 06  396.200 -99    30   5.100   1  1.000000  0.000000
2017 07  396.600 -99    31   7.800   1  1.000000  0.000000
2017 08  392.800 -99    31   6.500   1  1.000000  0.000000
2017 09  396.600 -99    30   8.300   1  1.000000  0.000000
2017 10  403.800 -99    31   7.800   1  1.000000  0.000000
2017 11  411.800 -99    25   6.500   1  1.000000  0.000000
2017 12  416.500 -99    27   6.000   1  1.000000  0.000000
2018 01  418.400 -99    31   6.600   1  1.000000  0.000000
2018 02  418.700 -99    28   4.800   1  1.000000  0.000000
2018 03  412.500 -99    31   4.800   1  1.000000  0.000000
2018 04  410.000 -99    30   7.900   1  1.000000  0.000000
2018 05  402.300 -99    31   5.300   1  1.000000  0.000000
2018 06  400.400 -99    28   7.700   1  1.000000  0.000000
2018 07  397.600 -99    31   4.400   1  1.000000  0.000000
2018 08  397.900 -99    31   7.900   1  1.000000  0.000000
