REM01  EXPLANATORY 25-LINE FOR THE MONTHLY DATA
REM02  FILENAME: co2_hpb_surface-flask_2_3001-9999_monthly.txt
REM03  STATION: Hohenpeissenberg
REM04  CATEGORY: GAW Global
REM05  COUNTRY/TERRITORY: Germany
REM06  SUBMITTED BY: NOAA
REM07  LATITUDE:   47 48' N
REM08  LONGITUDE:  11 01' E
REM09  ALTITUDE:      985 m
REM10  RATIO: 1.000000 0.000000
REM11  PARAMETER: CO2
REM12  COVERING PERIOD: April 2006 - December 2017
REM13  UNIT: ppm
REM14  ANALYSIS: NDIR(2006-04-01 - 2017-12-01)
REM15  SAMPLING TYPE: surface-flask
REM16  CLASSIFICATION: Background observation
REM17  CALIBRATION: WMO CO2 X2007(2006-04-01 - 2017-12-01)
REM18  TABLENAME: HPB647N002f1
REM19  CALCULATION: contributor
REM20  REGISTRATION: 2018-09-25
REM21
REM22  COMMENT: Dataset was made from entire historical data provided from contributor from 2018 new WDCGG website open onward
REM23
REM24 M      CO2   V    ND      SD   F   RATIO_A   RATIO_B
REM25        ppm
2006 04  385.540 -99 -9999 -999999 -99  1.000000  0.000000
2006 05  379.770 -99 -9999 -999999 -99  1.000000  0.000000
2006 06  376.170 -99 -9999 -999999 -99  1.000000  0.000000
2006 07  374.040 -99 -9999 -999999 -99  1.000000  0.000000
2006 08  373.260 -99 -9999 -999999 -99  1.000000  0.000000
2006 09  379.070 -99 -9999 -999999 -99  1.000000  0.000000
2006 10  383.350 -99 -9999 -999999 -99  1.000000  0.000000
2006 11  385.270 -99 -9999 -999999 -99  1.000000  0.000000
2006 12  388.600 -99 -9999 -999999 -99  1.000000  0.000000
2007 01  389.590 -99 -9999 -999999 -99  1.000000  0.000000
2007 02  390.830 -99 -9999 -999999 -99  1.000000  0.000000
2007 03  390.690 -99 -9999 -999999 -99  1.000000  0.000000
2007 04  384.320 -99 -9999 -999999 -99  1.000000  0.000000
2007 05  379.970 -99 -9999 -999999 -99  1.000000  0.000000
2007 06  379.830 -99 -9999 -999999 -99  1.000000  0.000000
2007 07  378.080 -99 -9999 -999999 -99  1.000000  0.000000
2007 08  376.150 -99 -9999 -999999 -99  1.000000  0.000000
2007 09  379.570 -99 -9999 -999999 -99  1.000000  0.000000
2007 10  386.690 -99 -9999 -999999 -99  1.000000  0.000000
2007 11  389.910 -99 -9999 -999999 -99  1.000000  0.000000
2007 12  392.870 -99 -9999 -999999 -99  1.000000  0.000000
2008 01  396.090 -99 -9999 -999999 -99  1.000000  0.000000
2008 02  396.030 -99 -9999 -999999 -99  1.000000  0.000000
2008 03  395.360 -99 -9999 -999999 -99  1.000000  0.000000
2008 04  391.130 -99 -9999 -999999 -99  1.000000  0.000000
2008 05  386.160 -99 -9999 -999999 -99  1.000000  0.000000
2008 06  385.550 -99 -9999 -999999 -99  1.000000  0.000000
2008 07  379.460 -99 -9999 -999999 -99  1.000000  0.000000
2008 08  373.090 -99 -9999 -999999 -99  1.000000  0.000000
2008 09  374.940 -99 -9999 -999999 -99  1.000000  0.000000
2008 10  381.670 -99 -9999 -999999 -99  1.000000  0.000000
2008 11  390.570 -99 -9999 -999999 -99  1.000000  0.000000
2008 12  395.730 -99 -9999 -999999 -99  1.000000  0.000000
2009 01  396.820 -99 -9999 -999999 -99  1.000000  0.000000
2009 02  396.090 -99 -9999 -999999 -99  1.000000  0.000000
2009 03  394.050 -99 -9999 -999999 -99  1.000000  0.000000
2009 04  390.890 -99 -9999 -999999 -99  1.000000  0.000000
2009 05  386.360 -99 -9999 -999999 -99  1.000000  0.000000
2009 06  382.790 -99 -9999 -999999 -99  1.000000  0.000000
2009 07  379.330 -99 -9999 -999999 -99  1.000000  0.000000
2009 08  376.350 -99 -9999 -999999 -99  1.000000  0.000000
2009 09  378.640 -99 -9999 -999999 -99  1.000000  0.000000
2009 10  385.280 -99 -9999 -999999 -99  1.000000  0.000000
2009 11  392.090 -99 -9999 -999999 -99  1.000000  0.000000
2009 12  395.880 -99 -9999 -999999 -99  1.000000  0.000000
2010 01  399.100 -99 -9999 -999999 -99  1.000000  0.000000
2010 02  400.980 -99 -9999 -999999 -99  1.000000  0.000000
2010 03  397.370 -99 -9999 -999999 -99  1.000000  0.000000
2010 04  392.820 -99 -9999 -999999 -99  1.000000  0.000000
2010 05  391.200 -99 -9999 -999999 -99  1.000000  0.000000
2010 06  392.960 -99 -9999 -999999 -99  1.000000  0.000000
2010 07  386.480 -99 -9999 -999999 -99  1.000000  0.000000
2010 08  379.310 -99 -9999 -999999 -99  1.000000  0.000000
2010 09  383.120 -99 -9999 -999999 -99  1.000000  0.000000
2010 10  393.570 -99 -9999 -999999 -99  1.000000  0.000000
2010 11  402.490 -99 -9999 -999999 -99  1.000000  0.000000
2010 12  399.010 -99 -9999 -999999 -99  1.000000  0.000000
2011 01  398.630 -99 -9999 -999999 -99  1.000000  0.000000
2011 02  405.960 -99 -9999 -999999 -99  1.000000  0.000000
2011 03  401.730 -99 -9999 -999999 -99  1.000000  0.000000
2011 04  392.280 -99 -9999 -999999 -99  1.000000  0.000000
2011 05  389.150 -99 -9999 -999999 -99  1.000000  0.000000
2011 06  386.370 -99 -9999 -999999 -99  1.000000  0.000000
2011 07  383.420 -99 -9999 -999999 -99  1.000000  0.000000
2011 08  381.800 -99 -9999 -999999 -99  1.000000  0.000000
2011 09  384.120 -99 -9999 -999999 -99  1.000000  0.000000
2011 10  394.400 -99 -9999 -999999 -99  1.000000  0.000000
2011 11  399.490 -99 -9999 -999999 -99  1.000000  0.000000
2011 12  398.660 -99 -9999 -999999 -99  1.000000  0.000000
2012 01  407.400 -99 -9999 -999999 -99  1.000000  0.000000
2012 02  410.220 -99 -9999 -999999 -99  1.000000  0.000000
2012 03  400.620 -99 -9999 -999999 -99  1.000000  0.000000
2012 04  395.320 -99 -9999 -999999 -99  1.000000  0.000000
2012 05  393.500 -99 -9999 -999999 -99  1.000000  0.000000
2012 06  387.470 -99 -9999 -999999 -99  1.000000  0.000000
2012 07  380.990 -99 -9999 -999999 -99  1.000000  0.000000
2012 08  381.340 -99 -9999 -999999 -99  1.000000  0.000000
2012 09  387.000 -99 -9999 -999999 -99  1.000000  0.000000
2012 10  394.590 -99 -9999 -999999 -99  1.000000  0.000000
2012 11  402.480 -99 -9999 -999999 -99  1.000000  0.000000
2012 12  400.740 -99 -9999 -999999 -99  1.000000  0.000000
2013 01  402.840 -99 -9999 -999999 -99  1.000000  0.000000
2013 02  411.910 -99 -9999 -999999 -99  1.000000  0.000000
2013 03  411.480 -99 -9999 -999999 -99  1.000000  0.000000
2013 04  405.150 -99 -9999 -999999 -99  1.000000  0.000000
2013 05  397.500 -99 -9999 -999999 -99  1.000000  0.000000
2013 06  389.880 -99 -9999 -999999 -99  1.000000  0.000000
2013 07  388.420 -99 -9999 -999999 -99  1.000000  0.000000
2013 08  389.010 -99 -9999 -999999 -99  1.000000  0.000000
2013 09  387.790 -99 -9999 -999999 -99  1.000000  0.000000
2013 10  393.540 -99 -9999 -999999 -99  1.000000  0.000000
2013 11  401.460 -99 -9999 -999999 -99  1.000000  0.000000
2013 12  403.530 -99 -9999 -999999 -99  1.000000  0.000000
2014 01  403.040 -99 -9999 -999999 -99  1.000000  0.000000
2014 02  404.730 -99 -9999 -999999 -99  1.000000  0.000000
2014 03  402.950 -99 -9999 -999999 -99  1.000000  0.000000
2014 04  398.160 -99 -9999 -999999 -99  1.000000  0.000000
2014 05  395.970 -99 -9999 -999999 -99  1.000000  0.000000
2014 06  394.440 -99 -9999 -999999 -99  1.000000  0.000000
2014 07  390.140 -99 -9999 -999999 -99  1.000000  0.000000
2014 08  386.020 -99 -9999 -999999 -99  1.000000  0.000000
2014 09  389.940 -99 -9999 -999999 -99  1.000000  0.000000
2014 10  398.810 -99 -9999 -999999 -99  1.000000  0.000000
2014 11  406.900 -99 -9999 -999999 -99  1.000000  0.000000
2014 12  408.950 -99 -9999 -999999 -99  1.000000  0.000000
2015 01  406.920 -99 -9999 -999999 -99  1.000000  0.000000
2015 02  407.810 -99 -9999 -999999 -99  1.000000  0.000000
2015 03  406.860 -99 -9999 -999999 -99  1.000000  0.000000
2015 04  403.040 -99 -9999 -999999 -99  1.000000  0.000000
2015 05  400.450 -99 -9999 -999999 -99  1.000000  0.000000
2015 06  396.600 -99 -9999 -999999 -99  1.000000  0.000000
2015 07  394.080 -99 -9999 -999999 -99  1.000000  0.000000
2015 08  394.680 -99 -9999 -999999 -99  1.000000  0.000000
2015 09  395.720 -99 -9999 -999999 -99  1.000000  0.000000
2015 10  402.110 -99 -9999 -999999 -99  1.000000  0.000000
2015 11  404.280 -99 -9999 -999999 -99  1.000000  0.000000
2015 12  405.880 -99 -9999 -999999 -99  1.000000  0.000000
2016 01  408.850 -99 -9999 -999999 -99  1.000000  0.000000
2016 02  409.040 -99 -9999 -999999 -99  1.000000  0.000000
2016 03  410.550 -99 -9999 -999999 -99  1.000000  0.000000
2016 04  408.010 -99 -9999 -999999 -99  1.000000  0.000000
2016 05  402.050 -99 -9999 -999999 -99  1.000000  0.000000
2016 06  396.800 -99 -9999 -999999 -99  1.000000  0.000000
2016 07  394.150 -99 -9999 -999999 -99  1.000000  0.000000
2016 08  394.180 -99 -9999 -999999 -99  1.000000  0.000000
2016 09  399.050 -99 -9999 -999999 -99  1.000000  0.000000
2016 10  406.260 -99 -9999 -999999 -99  1.000000  0.000000
2016 11  409.310 -99 -9999 -999999 -99  1.000000  0.000000
2016 12  411.820 -99 -9999 -999999 -99  1.000000  0.000000
2017 01  415.640 -99 -9999 -999999 -99  1.000000  0.000000
2017 02  414.790 -99 -9999 -999999 -99  1.000000  0.000000
2017 03  410.810 -99 -9999 -999999 -99  1.000000  0.000000
2017 04  409.450 -99 -9999 -999999 -99  1.000000  0.000000
2017 05  407.030 -99 -9999 -999999 -99  1.000000  0.000000
2017 06  401.660 -99 -9999 -999999 -99  1.000000  0.000000
2017 07  397.690 -99 -9999 -999999 -99  1.000000  0.000000
2017 08  392.030 -99 -9999 -999999 -99  1.000000  0.000000
2017 09  392.940 -99 -9999 -999999 -99  1.000000  0.000000
2017 10  403.140 -99 -9999 -999999 -99  1.000000  0.000000
2017 11  411.010 -99 -9999 -999999 -99  1.000000  0.000000
2017 12  412.680 -99 -9999 -999999 -99  1.000000  0.000000
