REM01  EXPLANATORY 25-LINE FOR THE MONTHLY DATA
REM02  FILENAME: co2_hun_surface-flask_2_3001-9999_monthly.txt
REM03  STATION: Hegyhatsal
REM04  CATEGORY: GAW Regional
REM05  COUNTRY/TERRITORY: Hungary
REM06  SUBMITTED BY: NOAA
REM07  LATITUDE:   46 57' N
REM08  LONGITUDE:  16 39' E
REM09  ALTITUDE:      248 m
REM10  RATIO: 1.000000 0.000000
REM11  PARAMETER: CO2
REM12  COVERING PERIOD: March 1993 - December 2017
REM13  UNIT: ppm
REM14  ANALYSIS: NDIR(1993-03-01 - 2017-12-01)
REM15  SAMPLING TYPE: surface-flask
REM16  CLASSIFICATION: Background observation
REM17  CALIBRATION: WMO CO2 X2007(1993-03-01 - 2017-12-01)
REM18  TABLENAME: HUN646N002f1
REM19  CALCULATION: contributor
REM20  REGISTRATION: 2018-09-25
REM21
REM22  COMMENT: Dataset was made from entire historical data provided from contributor from 2018 new WDCGG website open onward
REM23
REM24 M      CO2   V    ND      SD   F   RATIO_A   RATIO_B
REM25        ppm
1993 03  369.310 -99 -9999 -999999 -99  1.000000  0.000000
1993 04  363.060 -99 -9999 -999999 -99  1.000000  0.000000
1993 05  354.680 -99 -9999 -999999 -99  1.000000  0.000000
1993 06  350.930 -99 -9999 -999999 -99  1.000000  0.000000
1993 07  354.080 -99 -9999 -999999 -99  1.000000  0.000000
1993 08  353.930 -99 -9999 -999999 -99  1.000000  0.000000
1993 09  354.350 -99 -9999 -999999 -99  1.000000  0.000000
1993 10  362.270 -99 -9999 -999999 -99  1.000000  0.000000
1993 11  369.460 -99 -9999 -999999 -99  1.000000  0.000000
1993 12  367.530 -99 -9999 -999999 -99  1.000000  0.000000
1994 01  368.730 -99 -9999 -999999 -99  1.000000  0.000000
1994 02  369.210 -99 -9999 -999999 -99  1.000000  0.000000
1994 03  365.030 -99 -9999 -999999 -99  1.000000  0.000000
1994 04  361.870 -99 -9999 -999999 -99  1.000000  0.000000
1994 05  356.310 -99 -9999 -999999 -99  1.000000  0.000000
1994 06  352.190 -99 -9999 -999999 -99  1.000000  0.000000
1994 07  352.320 -99 -9999 -999999 -99  1.000000  0.000000
1994 08  351.910 -99 -9999 -999999 -99  1.000000  0.000000
1994 09  353.240 -99 -9999 -999999 -99  1.000000  0.000000
1994 10  365.960 -99 -9999 -999999 -99  1.000000  0.000000
1994 11  377.020 -99 -9999 -999999 -99  1.000000  0.000000
1994 12  373.740 -99 -9999 -999999 -99  1.000000  0.000000
1995 01  369.940 -99 -9999 -999999 -99  1.000000  0.000000
1995 02  368.850 -99 -9999 -999999 -99  1.000000  0.000000
1995 03  368.240 -99 -9999 -999999 -99  1.000000  0.000000
1995 04  366.420 -99 -9999 -999999 -99  1.000000  0.000000
1995 05  359.580 -99 -9999 -999999 -99  1.000000  0.000000
1995 06  353.830 -99 -9999 -999999 -99  1.000000  0.000000
1995 07  354.500 -99 -9999 -999999 -99  1.000000  0.000000
1995 08  354.580 -99 -9999 -999999 -99  1.000000  0.000000
1995 09  358.500 -99 -9999 -999999 -99  1.000000  0.000000
1995 10  374.290 -99 -9999 -999999 -99  1.000000  0.000000
1995 11  386.090 -99 -9999 -999999 -99  1.000000  0.000000
1995 12  388.030 -99 -9999 -999999 -99  1.000000  0.000000
1996 01  385.830 -99 -9999 -999999 -99  1.000000  0.000000
1996 02  382.000 -99 -9999 -999999 -99  1.000000  0.000000
1996 03  378.970 -99 -9999 -999999 -99  1.000000  0.000000
1996 04  372.240 -99 -9999 -999999 -99  1.000000  0.000000
1996 05  364.410 -99 -9999 -999999 -99  1.000000  0.000000
1996 06  359.400 -99 -9999 -999999 -99  1.000000  0.000000
1996 07  351.270 -99 -9999 -999999 -99  1.000000  0.000000
1996 08  348.450 -99 -9999 -999999 -99  1.000000  0.000000
1996 09  358.680 -99 -9999 -999999 -99  1.000000  0.000000
1996 10  369.480 -99 -9999 -999999 -99  1.000000  0.000000
1996 11  372.540 -99 -9999 -999999 -99  1.000000  0.000000
1996 12  383.280 -99 -9999 -999999 -99  1.000000  0.000000
1997 01  393.040 -99 -9999 -999999 -99  1.000000  0.000000
1997 02  382.050 -99 -9999 -999999 -99  1.000000  0.000000
1997 03  370.890 -99 -9999 -999999 -99  1.000000  0.000000
1997 04  370.220 -99 -9999 -999999 -99  1.000000  0.000000
1997 05  364.410 -99 -9999 -999999 -99  1.000000  0.000000
1997 06  358.500 -99 -9999 -999999 -99  1.000000  0.000000
1997 07  354.490 -99 -9999 -999999 -99  1.000000  0.000000
1997 08  351.190 -99 -9999 -999999 -99  1.000000  0.000000
1997 09  355.160 -99 -9999 -999999 -99  1.000000  0.000000
1997 10  365.290 -99 -9999 -999999 -99  1.000000  0.000000
1997 11  376.600 -99 -9999 -999999 -99  1.000000  0.000000
1997 12  381.830 -99 -9999 -999999 -99  1.000000  0.000000
1998 01  378.160 -99 -9999 -999999 -99  1.000000  0.000000
1998 02  376.380 -99 -9999 -999999 -99  1.000000  0.000000
1998 03  373.660 -99 -9999 -999999 -99  1.000000  0.000000
1998 04  367.570 -99 -9999 -999999 -99  1.000000  0.000000
1998 05  364.390 -99 -9999 -999999 -99  1.000000  0.000000
1998 06  360.140 -99 -9999 -999999 -99  1.000000  0.000000
1998 07  355.040 -99 -9999 -999999 -99  1.000000  0.000000
1998 08  359.340 -99 -9999 -999999 -99  1.000000  0.000000
1998 09  365.210 -99 -9999 -999999 -99  1.000000  0.000000
1998 10  368.970 -99 -9999 -999999 -99  1.000000  0.000000
1998 11  376.250 -99 -9999 -999999 -99  1.000000  0.000000
1998 12  385.380 -99 -9999 -999999 -99  1.000000  0.000000
1999 01  389.370 -99 -9999 -999999 -99  1.000000  0.000000
1999 02  387.080 -99 -9999 -999999 -99  1.000000  0.000000
1999 03  381.800 -99 -9999 -999999 -99  1.000000  0.000000
1999 04  373.960 -99 -9999 -999999 -99  1.000000  0.000000
1999 05  366.900 -99 -9999 -999999 -99  1.000000  0.000000
1999 06  363.470 -99 -9999 -999999 -99  1.000000  0.000000
1999 07  359.100 -99 -9999 -999999 -99  1.000000  0.000000
1999 08  356.570 -99 -9999 -999999 -99  1.000000  0.000000
1999 09  363.430 -99 -9999 -999999 -99  1.000000  0.000000
1999 10  375.980 -99 -9999 -999999 -99  1.000000  0.000000
1999 11  385.150 -99 -9999 -999999 -99  1.000000  0.000000
1999 12  382.680 -99 -9999 -999999 -99  1.000000  0.000000
2000 01  381.310 -99 -9999 -999999 -99  1.000000  0.000000
2000 02  379.730 -99 -9999 -999999 -99  1.000000  0.000000
2000 03  376.770 -99 -9999 -999999 -99  1.000000  0.000000
2000 04  374.360 -99 -9999 -999999 -99  1.000000  0.000000
2000 05  367.880 -99 -9999 -999999 -99  1.000000  0.000000
2000 06  365.020 -99 -9999 -999999 -99  1.000000  0.000000
2000 07  365.120 -99 -9999 -999999 -99  1.000000  0.000000
2000 08  363.720 -99 -9999 -999999 -99  1.000000  0.000000
2000 09  369.740 -99 -9999 -999999 -99  1.000000  0.000000
2000 10  373.730 -99 -9999 -999999 -99  1.000000  0.000000
2000 11  380.710 -99 -9999 -999999 -99  1.000000  0.000000
2000 12  394.520 -99 -9999 -999999 -99  1.000000  0.000000
2001 01  391.860 -99 -9999 -999999 -99  1.000000  0.000000
2001 02  383.650 -99 -9999 -999999 -99  1.000000  0.000000
2001 03  381.540 -99 -9999 -999999 -99  1.000000  0.000000
2001 04  374.920 -99 -9999 -999999 -99  1.000000  0.000000
2001 05  368.130 -99 -9999 -999999 -99  1.000000  0.000000
2001 06  364.880 -99 -9999 -999999 -99  1.000000  0.000000
2001 07  362.020 -99 -9999 -999999 -99  1.000000  0.000000
2001 08  363.720 -99 -9999 -999999 -99  1.000000  0.000000
2001 09  370.790 -99 -9999 -999999 -99  1.000000  0.000000
2001 10  380.100 -99 -9999 -999999 -99  1.000000  0.000000
2001 11  387.410 -99 -9999 -999999 -99  1.000000  0.000000
2001 12  391.120 -99 -9999 -999999 -99  1.000000  0.000000
2002 01  389.940 -99 -9999 -999999 -99  1.000000  0.000000
2002 02  385.370 -99 -9999 -999999 -99  1.000000  0.000000
2002 03  382.660 -99 -9999 -999999 -99  1.000000  0.000000
2002 04  378.270 -99 -9999 -999999 -99  1.000000  0.000000
2002 05  369.900 -99 -9999 -999999 -99  1.000000  0.000000
2002 06  365.720 -99 -9999 -999999 -99  1.000000  0.000000
2002 07  365.230 -99 -9999 -999999 -99  1.000000  0.000000
2002 08  364.320 -99 -9999 -999999 -99  1.000000  0.000000
2002 09  367.720 -99 -9999 -999999 -99  1.000000  0.000000
2002 10  375.930 -99 -9999 -999999 -99  1.000000  0.000000
2002 11  383.490 -99 -9999 -999999 -99  1.000000  0.000000
2002 12  390.950 -99 -9999 -999999 -99  1.000000  0.000000
2003 01  393.080 -99 -9999 -999999 -99  1.000000  0.000000
2003 02  391.880 -99 -9999 -999999 -99  1.000000  0.000000
2003 03  388.330 -99 -9999 -999999 -99  1.000000  0.000000
2003 04  381.360 -99 -9999 -999999 -99  1.000000  0.000000
2003 05  373.810 -99 -9999 -999999 -99  1.000000  0.000000
2003 06  370.410 -99 -9999 -999999 -99  1.000000  0.000000
2003 07  370.630 -99 -9999 -999999 -99  1.000000  0.000000
2003 08  370.710 -99 -9999 -999999 -99  1.000000  0.000000
2003 09  372.350 -99 -9999 -999999 -99  1.000000  0.000000
2003 10  380.390 -99 -9999 -999999 -99  1.000000  0.000000
2003 11  387.880 -99 -9999 -999999 -99  1.000000  0.000000
2003 12  388.500 -99 -9999 -999999 -99  1.000000  0.000000
2004 01  390.940 -99 -9999 -999999 -99  1.000000  0.000000
2004 02  392.760 -99 -9999 -999999 -99  1.000000  0.000000
2004 03  388.800 -99 -9999 -999999 -99  1.000000  0.000000
2004 04  383.440 -99 -9999 -999999 -99  1.000000  0.000000
2004 05  377.510 -99 -9999 -999999 -99  1.000000  0.000000
2004 06  370.680 -99 -9999 -999999 -99  1.000000  0.000000
2004 07  367.770 -99 -9999 -999999 -99  1.000000  0.000000
2004 08  368.380 -99 -9999 -999999 -99  1.000000  0.000000
2004 09  372.220 -99 -9999 -999999 -99  1.000000  0.000000
2004 10  379.860 -99 -9999 -999999 -99  1.000000  0.000000
2004 11  394.010 -99 -9999 -999999 -99  1.000000  0.000000
2004 12  397.630 -99 -9999 -999999 -99  1.000000  0.000000
2005 01  392.020 -99 -9999 -999999 -99  1.000000  0.000000
2005 02  391.260 -99 -9999 -999999 -99  1.000000  0.000000
2005 03  391.650 -99 -9999 -999999 -99  1.000000  0.000000
2005 04  386.790 -99 -9999 -999999 -99  1.000000  0.000000
2005 05  378.530 -99 -9999 -999999 -99  1.000000  0.000000
2005 06  373.620 -99 -9999 -999999 -99  1.000000  0.000000
2005 07  372.020 -99 -9999 -999999 -99  1.000000  0.000000
2005 08  369.990 -99 -9999 -999999 -99  1.000000  0.000000
2005 09  373.230 -99 -9999 -999999 -99  1.000000  0.000000
2005 10  384.530 -99 -9999 -999999 -99  1.000000  0.000000
2005 11  395.810 -99 -9999 -999999 -99  1.000000  0.000000
2005 12  400.420 -99 -9999 -999999 -99  1.000000  0.000000
2006 01  399.720 -99 -9999 -999999 -99  1.000000  0.000000
2006 02  396.300 -99 -9999 -999999 -99  1.000000  0.000000
2006 03  393.180 -99 -9999 -999999 -99  1.000000  0.000000
2006 04  388.580 -99 -9999 -999999 -99  1.000000  0.000000
2006 05  381.380 -99 -9999 -999999 -99  1.000000  0.000000
2006 06  375.500 -99 -9999 -999999 -99  1.000000  0.000000
2006 07  372.900 -99 -9999 -999999 -99  1.000000  0.000000
2006 08  370.290 -99 -9999 -999999 -99  1.000000  0.000000
2006 09  375.940 -99 -9999 -999999 -99  1.000000  0.000000
2006 10  384.940 -99 -9999 -999999 -99  1.000000  0.000000
2006 11  391.610 -99 -9999 -999999 -99  1.000000  0.000000
2006 12  397.820 -99 -9999 -999999 -99  1.000000  0.000000
2007 01  397.780 -99 -9999 -999999 -99  1.000000  0.000000
2007 02  394.480 -99 -9999 -999999 -99  1.000000  0.000000
2007 03  390.820 -99 -9999 -999999 -99  1.000000  0.000000
2007 04  386.070 -99 -9999 -999999 -99  1.000000  0.000000
2007 05  381.450 -99 -9999 -999999 -99  1.000000  0.000000
2007 06  380.060 -99 -9999 -999999 -99  1.000000  0.000000
2007 07  377.920 -99 -9999 -999999 -99  1.000000  0.000000
2007 08  373.410 -99 -9999 -999999 -99  1.000000  0.000000
2007 09  377.520 -99 -9999 -999999 -99  1.000000  0.000000
2007 10  390.830 -99 -9999 -999999 -99  1.000000  0.000000
2007 11  397.230 -99 -9999 -999999 -99  1.000000  0.000000
2007 12  401.130 -99 -9999 -999999 -99  1.000000  0.000000
2008 01  402.900 -99 -9999 -999999 -99  1.000000  0.000000
2008 02  398.200 -99 -9999 -999999 -99  1.000000  0.000000
2008 03  394.900 -99 -9999 -999999 -99  1.000000  0.000000
2008 04  389.630 -99 -9999 -999999 -99  1.000000  0.000000
2008 05  380.770 -99 -9999 -999999 -99  1.000000  0.000000
2008 06  376.700 -99 -9999 -999999 -99  1.000000  0.000000
2008 07  376.060 -99 -9999 -999999 -99  1.000000  0.000000
2008 08  375.370 -99 -9999 -999999 -99  1.000000  0.000000
2008 09  382.400 -99 -9999 -999999 -99  1.000000  0.000000
2008 10  394.740 -99 -9999 -999999 -99  1.000000  0.000000
2008 11  399.440 -99 -9999 -999999 -99  1.000000  0.000000
2008 12  400.510 -99 -9999 -999999 -99  1.000000  0.000000
2009 01  402.620 -99 -9999 -999999 -99  1.000000  0.000000
2009 02  400.520 -99 -9999 -999999 -99  1.000000  0.000000
2009 03  397.500 -99 -9999 -999999 -99  1.000000  0.000000
2009 04  391.630 -99 -9999 -999999 -99  1.000000  0.000000
2009 05  385.730 -99 -9999 -999999 -99  1.000000  0.000000
2009 06  381.790 -99 -9999 -999999 -99  1.000000  0.000000
2009 07  376.520 -99 -9999 -999999 -99  1.000000  0.000000
2009 08  375.870 -99 -9999 -999999 -99  1.000000  0.000000
2009 09  380.060 -99 -9999 -999999 -99  1.000000  0.000000
2009 10  391.910 -99 -9999 -999999 -99  1.000000  0.000000
2009 11  402.410 -99 -9999 -999999 -99  1.000000  0.000000
2009 12  406.800 -99 -9999 -999999 -99  1.000000  0.000000
2010 01  411.910 -99 -9999 -999999 -99  1.000000  0.000000
2010 02  408.450 -99 -9999 -999999 -99  1.000000  0.000000
2010 03  399.670 -99 -9999 -999999 -99  1.000000  0.000000
2010 04  393.730 -99 -9999 -999999 -99  1.000000  0.000000
2010 05  387.580 -99 -9999 -999999 -99  1.000000  0.000000
2010 06  382.750 -99 -9999 -999999 -99  1.000000  0.000000
2010 07  379.390 -99 -9999 -999999 -99  1.000000  0.000000
2010 08  378.100 -99 -9999 -999999 -99  1.000000  0.000000
2010 09  385.230 -99 -9999 -999999 -99  1.000000  0.000000
2010 10  396.210 -99 -9999 -999999 -99  1.000000  0.000000
2010 11  403.830 -99 -9999 -999999 -99  1.000000  0.000000
2010 12  405.430 -99 -9999 -999999 -99  1.000000  0.000000
2011 01  407.470 -99 -9999 -999999 -99  1.000000  0.000000
2011 02  407.650 -99 -9999 -999999 -99  1.000000  0.000000
2011 03  402.710 -99 -9999 -999999 -99  1.000000  0.000000
2011 04  396.500 -99 -9999 -999999 -99  1.000000  0.000000
2011 05  389.890 -99 -9999 -999999 -99  1.000000  0.000000
2011 06  384.340 -99 -9999 -999999 -99  1.000000  0.000000
2011 07  381.360 -99 -9999 -999999 -99  1.000000  0.000000
2011 08  381.290 -99 -9999 -999999 -99  1.000000  0.000000
2011 09  384.990 -99 -9999 -999999 -99  1.000000  0.000000
2011 10  400.260 -99 -9999 -999999 -99  1.000000  0.000000
2011 11  420.030 -99 -9999 -999999 -99  1.000000  0.000000
2011 12  413.400 -99 -9999 -999999 -99  1.000000  0.000000
2012 01  405.850 -99 -9999 -999999 -99  1.000000  0.000000
2012 02  408.120 -99 -9999 -999999 -99  1.000000  0.000000
2012 03  403.130 -99 -9999 -999999 -99  1.000000  0.000000
2012 04  398.030 -99 -9999 -999999 -99  1.000000  0.000000
2012 05  391.120 -99 -9999 -999999 -99  1.000000  0.000000
2012 06  384.160 -99 -9999 -999999 -99  1.000000  0.000000
2012 07  385.290 -99 -9999 -999999 -99  1.000000  0.000000
2012 08  388.270 -99 -9999 -999999 -99  1.000000  0.000000
2012 09  392.610 -99 -9999 -999999 -99  1.000000  0.000000
2012 10  401.510 -99 -9999 -999999 -99  1.000000  0.000000
2012 11  409.940 -99 -9999 -999999 -99  1.000000  0.000000
2012 12  412.830 -99 -9999 -999999 -99  1.000000  0.000000
2013 01  413.800 -99 -9999 -999999 -99  1.000000  0.000000
2013 02  413.040 -99 -9999 -999999 -99  1.000000  0.000000
2013 03  410.300 -99 -9999 -999999 -99  1.000000  0.000000
2013 04  403.170 -99 -9999 -999999 -99  1.000000  0.000000
2013 05  392.560 -99 -9999 -999999 -99  1.000000  0.000000
2013 06  386.800 -99 -9999 -999999 -99  1.000000  0.000000
2013 07  387.760 -99 -9999 -999999 -99  1.000000  0.000000
2013 08  389.870 -99 -9999 -999999 -99  1.000000  0.000000
2013 09  391.800 -99 -9999 -999999 -99  1.000000  0.000000
2013 10  399.750 -99 -9999 -999999 -99  1.000000  0.000000
2013 11  406.480 -99 -9999 -999999 -99  1.000000  0.000000
2013 12  414.100 -99 -9999 -999999 -99  1.000000  0.000000
2014 01  422.370 -99 -9999 -999999 -99  1.000000  0.000000
2014 02  417.700 -99 -9999 -999999 -99  1.000000  0.000000
2014 03  408.350 -99 -9999 -999999 -99  1.000000  0.000000
2014 04  401.490 -99 -9999 -999999 -99  1.000000  0.000000
2014 05  394.980 -99 -9999 -999999 -99  1.000000  0.000000
2014 06  393.370 -99 -9999 -999999 -99  1.000000  0.000000
2014 07  393.560 -99 -9999 -999999 -99  1.000000  0.000000
2014 08  390.240 -99 -9999 -999999 -99  1.000000  0.000000
2014 09  392.200 -99 -9999 -999999 -99  1.000000  0.000000
2014 10  401.340 -99 -9999 -999999 -99  1.000000  0.000000
2014 11  409.760 -99 -9999 -999999 -99  1.000000  0.000000
2014 12  414.330 -99 -9999 -999999 -99  1.000000  0.000000
2015 01  416.150 -99 -9999 -999999 -99  1.000000  0.000000
2015 02  414.060 -99 -9999 -999999 -99  1.000000  0.000000
2015 03  409.390 -99 -9999 -999999 -99  1.000000  0.000000
2015 04  404.340 -99 -9999 -999999 -99  1.000000  0.000000
2015 05  397.800 -99 -9999 -999999 -99  1.000000  0.000000
2015 06  393.020 -99 -9999 -999999 -99  1.000000  0.000000
2015 07  394.090 -99 -9999 -999999 -99  1.000000  0.000000
2015 08  395.190 -99 -9999 -999999 -99  1.000000  0.000000
2015 09  398.670 -99 -9999 -999999 -99  1.000000  0.000000
2015 10  411.640 -99 -9999 -999999 -99  1.000000  0.000000
2015 11  418.550 -99 -9999 -999999 -99  1.000000  0.000000
2015 12  421.190 -99 -9999 -999999 -99  1.000000  0.000000
2016 01  421.260 -99 -9999 -999999 -99  1.000000  0.000000
2016 02  417.470 -99 -9999 -999999 -99  1.000000  0.000000
2016 03  413.700 -99 -9999 -999999 -99  1.000000  0.000000
2016 04  408.180 -99 -9999 -999999 -99  1.000000  0.000000
2016 05  401.410 -99 -9999 -999999 -99  1.000000  0.000000
2016 06  396.470 -99 -9999 -999999 -99  1.000000  0.000000
2016 07  394.580 -99 -9999 -999999 -99  1.000000  0.000000
2016 08  394.790 -99 -9999 -999999 -99  1.000000  0.000000
2016 09  400.790 -99 -9999 -999999 -99  1.000000  0.000000
2016 10  413.620 -99 -9999 -999999 -99  1.000000  0.000000
2016 11  423.340 -99 -9999 -999999 -99  1.000000  0.000000
2016 12  423.140 -99 -9999 -999999 -99  1.000000  0.000000
2017 01  431.110 -99 -9999 -999999 -99  1.000000  0.000000
2017 02  429.800 -99 -9999 -999999 -99  1.000000  0.000000
2017 03  415.940 -99 -9999 -999999 -99  1.000000  0.000000
2017 04  410.350 -99 -9999 -999999 -99  1.000000  0.000000
2017 05  405.580 -99 -9999 -999999 -99  1.000000  0.000000
2017 06  399.290 -99 -9999 -999999 -99  1.000000  0.000000
2017 07  399.410 -99 -9999 -999999 -99  1.000000  0.000000
2017 08  399.210 -99 -9999 -999999 -99  1.000000  0.000000
2017 09  399.810 -99 -9999 -999999 -99  1.000000  0.000000
2017 10  410.110 -99 -9999 -999999 -99  1.000000  0.000000
2017 11  420.560 -99 -9999 -999999 -99  1.000000  0.000000
2017 12  422.350 -99 -9999 -999999 -99  1.000000  0.000000
