REM01  EXPLANATORY 25-LINE FOR THE MONTHLY DATA
REM02  FILENAME: co2_jfj_surface-insitu_42_9999-9999_monthly.txt
REM03  STATION: Jungfraujoch
REM04  CATEGORY: GAW Global
REM05  COUNTRY/TERRITORY: Switzerland
REM06  SUBMITTED BY: KUP
REM07  LATITUDE:   46 33' N
REM08  LONGITUDE:   7 59' E
REM09  ALTITUDE:     3580 m
REM10  RATIO: 1.000000 0.000000
REM11  PARAMETER: CO2
REM12  COVERING PERIOD: December 2004 - December 2017
REM13  UNIT: ppm
REM14  ANALYSIS: NDIR(2004-12-01 - 2016-12-01)
REM15  SAMPLING TYPE: surface-insitu
REM16  CLASSIFICATION: Background observation
REM17  CALIBRATION: WMO CO2 X2007(2004-12-01 - 2016-12-01)
REM18  TABLENAME: JFJ646N042iz
REM19  CALCULATION: wdcgg
REM20  REGISTRATION: 2018-06-14
REM21
REM22  COMMENT: Dataset was made from entire historical data provided from contributor from 2018 new WDCGG website open onward
REM23
REM24 M      CO2   V    ND      SD   F   RATIO_A   RATIO_B
REM25        ppm
2004 12  380.090 -99    19   1.620 -99  1.000000  0.000000
2005 01  381.180 -99    29   2.270 -99  1.000000  0.000000
2005 02  384.990 -99    28   4.100 -99  1.000000  0.000000
2005 03  383.250 -99    30   2.160 -99  1.000000  0.000000
2005 04  384.170 -99    23   1.760 -99  1.000000  0.000000
2005 05  381.990 -99    29   1.150 -99  1.000000  0.000000
2005 06  380.330 -99    30   1.110 -99  1.000000  0.000000
2005 07  375.370 -99    22   2.690 -99  1.000000  0.000000
2005 08  373.770 -99    30   1.450 -99  1.000000  0.000000
2005 09  376.520 -99    30   1.040 -99  1.000000  0.000000
2005 10  378.150 -99    31   0.910 -99  1.000000  0.000000
2005 11  383.200 -99     9   1.240 -99  1.000000  0.000000
2005 12  382.870 -99    31   2.450 -99  1.000000  0.000000
2006 01  383.440 -99    31   1.990 -99  1.000000  0.000000
2006 02  385.010 -99    28   2.630 -99  1.000000  0.000000
2006 03  386.330 -99    31   2.070 -99  1.000000  0.000000
2006 04  385.960 -99    29   1.980 -99  1.000000  0.000000
2006 05 -9999999 -99 -9999 -999999 -99  1.000000  0.000000
2006 06 -9999999 -99 -9999 -999999 -99  1.000000  0.000000
2006 07  378.880 -99    28   1.810 -99  1.000000  0.000000
2006 08  376.390 -99    30   1.650 -99  1.000000  0.000000
2006 09  379.000 -99    20   1.240 -99  1.000000  0.000000
2006 10  380.710 -99    27   1.690 -99  1.000000  0.000000
2006 11  382.570 -99    30   1.970 -99  1.000000  0.000000
2006 12  384.190 -99    30   2.110 -99  1.000000  0.000000
2007 01  385.320 -99    29   2.110 -99  1.000000  0.000000
2007 02  386.900 -99    26   1.460 -99  1.000000  0.000000
2007 03  388.990 -99    29   2.010 -99  1.000000  0.000000
2007 04  386.950 -99    30   1.240 -99  1.000000  0.000000
2007 05  386.560 -99    31   1.170 -99  1.000000  0.000000
2007 06  382.530 -99    25   1.130 -99  1.000000  0.000000
2007 07  380.160 -99    21   1.630 -99  1.000000  0.000000
2007 08  377.770 -99    25   2.450 -99  1.000000  0.000000
2007 09  378.500 -99    28   1.360 -99  1.000000  0.000000
2007 10  383.510 -99    30   3.580 -99  1.000000  0.000000
2007 11  387.250 -99    30   3.470 -99  1.000000  0.000000
2007 12  387.530 -99    23   1.870 -99  1.000000  0.000000
2008 01  388.860 -99    25   3.010 -99  1.000000  0.000000
2008 02  388.740 -99    28   1.620 -99  1.000000  0.000000
2008 03  391.000 -99    31   2.660 -99  1.000000  0.000000
2008 04  392.030 -99    30   1.670 -99  1.000000  0.000000
2008 05  388.610 -99    31   1.240 -99  1.000000  0.000000
2008 06  385.660 -99    30   1.860 -99  1.000000  0.000000
2008 07  382.150 -99    31   2.050 -99  1.000000  0.000000
2008 08  380.190 -99    30   2.200 -99  1.000000  0.000000
2008 09  382.050 -99    26   1.640 -99  1.000000  0.000000
2008 10  382.680 -99    30   2.440 -99  1.000000  0.000000
2008 11  385.550 -99    28   2.710 -99  1.000000  0.000000
2008 12  388.770 -99    31   3.190 -99  1.000000  0.000000
2009 01  388.710 -99    31   1.870 -99  1.000000  0.000000
2009 02  393.480 -99    28   2.620 -99  1.000000  0.000000
2009 03  392.800 -99    30   3.520 -99  1.000000  0.000000
2009 04  391.960 -99    29   0.900 -99  1.000000  0.000000
2009 05  390.210 -99    31   1.390 -99  1.000000  0.000000
2009 06  386.830 -99    30   2.890 -99  1.000000  0.000000
2009 07  383.890 -99    31   2.100 -99  1.000000  0.000000
2009 08  382.970 -99    31   1.700 -99  1.000000  0.000000
2009 09  383.170 -99    30   1.640 -99  1.000000  0.000000
2009 10  386.130 -99    31   1.440 -99  1.000000  0.000000
2009 11  388.900 -99    30   2.780 -99  1.000000  0.000000
2009 12  392.180 -99    25   2.000 -99  1.000000  0.000000
2010 01  392.500 -99    31   1.860 -99  1.000000  0.000000
2010 02  394.060 -99    28   2.380 -99  1.000000  0.000000
2010 03  394.050 -99    31   1.560 -99  1.000000  0.000000
2010 04  393.920 -99    28   1.230 -99  1.000000  0.000000
2010 05  392.370 -99    31   1.670 -99  1.000000  0.000000
2010 06  389.060 -99    30   1.770 -99  1.000000  0.000000
2010 07  385.800 -99    31   1.770 -99  1.000000  0.000000
2010 08  384.620 -99    26   1.770 -99  1.000000  0.000000
2010 09  385.460 -99    30   1.150 -99  1.000000  0.000000
2010 10  389.120 -99    31   2.440 -99  1.000000  0.000000
2010 11  393.090 -99    30   3.720 -99  1.000000  0.000000
2010 12  393.780 -99    31   2.250 -99  1.000000  0.000000
2011 01  393.500 -99    24   2.040 -99  1.000000  0.000000
2011 02  396.330 -99    13   1.310 -99  1.000000  0.000000
2011 03  396.420 -99    31   2.110 -99  1.000000  0.000000
2011 04  394.900 -99    30   1.070 -99  1.000000  0.000000
2011 05  393.120 -99    31   1.320 -99  1.000000  0.000000
2011 06  391.900 -99    30   1.380 -99  1.000000  0.000000
2011 07  386.580 -99    30   2.390 -99  1.000000  0.000000
2011 08  386.430 -99    31   2.130 -99  1.000000  0.000000
2011 09  386.880 -99    28   1.060 -99  1.000000  0.000000
2011 10  388.850 -99    29   0.990 -99  1.000000  0.000000
2011 11  392.040 -99    30   1.880 -99  1.000000  0.000000
2011 12  393.760 -99    25   1.470 -99  1.000000  0.000000
2012 01  395.870 -99 -9999   3.340 -99  1.000000  0.000000
2012 02  396.960 -99 -9999   2.320 -99  1.000000  0.000000
2012 03  396.760 -99 -9999   1.850 -99  1.000000  0.000000
2012 04  398.080 -99 -9999   1.530 -99  1.000000  0.000000
2012 05  395.910 -99 -9999   2.050 -99  1.000000  0.000000
2012 06  394.000 -99 -9999   1.700 -99  1.000000  0.000000
2012 07  389.860 -99 -9999   2.260 -99  1.000000  0.000000
2012 08  388.710 -99 -9999   2.350 -99  1.000000  0.000000
2012 09  389.550 -99 -9999   1.790 -99  1.000000  0.000000
2012 10  392.850 -99 -9999   3.610 -99  1.000000  0.000000
2012 11  395.870 -99 -9999   4.460 -99  1.000000  0.000000
2012 12  397.430 -99 -9999   2.220 -99  1.000000  0.000000
2013 01  398.670 -99 -9999   2.870 -99  1.000000  0.000000
2013 02  401.650 -99 -9999   3.620 -99  1.000000  0.000000
2013 03  401.140 -99 -9999   2.690 -99  1.000000  0.000000
2013 04  401.450 -99 -9999   2.370 -99  1.000000  0.000000
2013 05  399.360 -99 -9999   1.660 -99  1.000000  0.000000
2013 06  396.010 -99 -9999   2.180 -99  1.000000  0.000000
2013 07  391.680 -99 -9999   3.150 -99  1.000000  0.000000
2013 08  389.840 -99 -9999   3.080 -99  1.000000  0.000000
2013 09  391.780 -99 -9999   1.980 -99  1.000000  0.000000
2013 10  395.230 -99 -9999   2.520 -99  1.000000  0.000000
2013 11  398.890 -99 -9999   3.940 -99  1.000000  0.000000
2013 12  398.990 -99 -9999   2.650 -99  1.000000  0.000000
2014 01  401.040 -99 41615   2.620 -99  1.000000  0.000000
2014 02  402.420 -99 37593   2.250 -99  1.000000  0.000000
2014 03  402.360 -99 41492   1.840 -99  1.000000  0.000000
2014 04  401.840 -99 40369   1.100 -99  1.000000  0.000000
2014 05  401.600 -99 26053   1.540 -99  1.000000  0.000000
2014 06  396.740 -99 18592   2.360 -99  1.000000  0.000000
2014 07  394.810 -99 40346   3.110 -99  1.000000  0.000000
2014 08  391.270 -99 40287   2.250 -99  1.000000  0.000000
2014 09  394.030 -99 39442   2.100 -99  1.000000  0.000000
2014 10  397.200 -99 38277   1.810 -99  1.000000  0.000000
2014 11  400.200 -99 40225   3.140 -99  1.000000  0.000000
2014 12  401.360 -99 41600   2.170 -99  1.000000  0.000000
2015 01  402.820 -99 40635   2.370 -99  1.000000  0.000000
2015 02  404.190 -99 37494   2.750 -99  1.000000  0.000000
2015 03  404.400 -99 40568   2.180 -99  1.000000  0.000000
2015 04  404.410 -99 40234   1.720 -99  1.000000  0.000000
2015 05  402.930 -99 41543   1.950 -99  1.000000  0.000000
2015 06  399.120 -99 38845   2.330 -99  1.000000  0.000000
2015 07  397.570 -99 40212   2.420 -99  1.000000  0.000000
2015 08  394.770 -99 41689   2.100 -99  1.000000  0.000000
2015 09  395.700 -99 40172   2.420 -99  1.000000  0.000000
2015 10  399.800 -99 41634   2.460 -99  1.000000  0.000000
2015 11  401.410 -99 40269   1.950 -99  1.000000  0.000000
2015 12  402.390 -99 41644   1.110 -99  1.000000  0.000000
2016 01  405.380 -99 41298   1.580 -99  1.000000  0.000000
2016 02  406.950 -99 37642   2.230 -99  1.000000  0.000000
2016 03  407.770 -99 41323   1.680 -99  1.000000  0.000000
2016 04  407.440 -99 40048   1.170 -99  1.000000  0.000000
2016 05  405.450 -99 41866   1.980 -99  1.000000  0.000000
2016 06  402.840 -99 36298   2.180 -99  1.000000  0.000000
2016 07  400.810 -99 39286   2.480 -99  1.000000  0.000000
2016 08  398.420 -99 42159   2.680 -99  1.000000  0.000000
2016 09  399.780 -99 30646   2.080 -99  1.000000  0.000000
2016 10  403.930 -99 42330   2.310 -99  1.000000  0.000000
2016 11  406.480 -99 36094   2.730 -99  1.000000  0.000000
2016 12  406.430 -99 40912   1.470 -99  1.000000  0.000000
2017 01  409.190 -99 40955   1.840 -99  1.000000  0.000000
2017 02  409.470 -99 37080   1.930 -99  1.000000  0.000000
2017 03  409.820 -99 38720   1.340 -99  1.000000  0.000000
2017 04  410.680 -99 39861   1.690 -99  1.000000  0.000000
2017 05  409.390 -99 40450   2.270 -99  1.000000  0.000000
2017 06  406.670 -99 38609   2.100 -99  1.000000  0.000000
2017 07  402.830 -99 41106   2.420 -99  1.000000  0.000000
2017 08  401.650 -99 40917   2.280 -99  1.000000  0.000000
2017 09  400.580 -99 39897   2.080 -99  1.000000  0.000000
2017 10  404.170 -99 40769   1.260 -99  1.000000  0.000000
2017 11  407.490 -99 38142   2.760 -99  1.000000  0.000000
2017 12  409.960 -99 37034   2.380 -99  1.000000  0.000000
