REM01  EXPLANATORY 25-LINE FOR THE MONTHLY DATA
REM02  FILENAME: co2_nmb_surface-flask_2_3001-9999_monthly.txt
REM03  STATION: Gobabeb
REM04  CATEGORY: GAW Regional
REM05  COUNTRY/TERRITORY: Namibia
REM06  SUBMITTED BY: NOAA
REM07  LATITUDE:   23 34' S
REM08  LONGITUDE:  15 02' E
REM09  ALTITUDE:      408 m
REM10  RATIO: 1.000000 0.000000
REM11  PARAMETER: CO2
REM12  COVERING PERIOD: January 1997 - December 2017
REM13  UNIT: ppm
REM14  ANALYSIS: NDIR(1997-01-01 - 2017-12-01)
REM15  SAMPLING TYPE: surface-flask
REM16  CLASSIFICATION: Background observation
REM17  CALIBRATION: WMO CO2 X2007(1997-01-01 - 2017-12-01)
REM18  TABLENAME: NMB123S002f1
REM19  CALCULATION: contributor
REM20  REGISTRATION: 2018-09-25
REM21
REM22  COMMENT: Dataset was made from entire historical data provided from contributor from 2018 new WDCGG website open onward
REM23
REM24 M      CO2   V    ND      SD   F   RATIO_A   RATIO_B
REM25        ppm
1997 01  360.840 -99 -9999 -999999 -99  1.000000  0.000000
1997 02  360.390 -99 -9999 -999999 -99  1.000000  0.000000
1997 03  359.630 -99 -9999 -999999 -99  1.000000  0.000000
1997 04  360.390 -99 -9999 -999999 -99  1.000000  0.000000
1997 05  361.500 -99 -9999 -999999 -99  1.000000  0.000000
1997 06  362.750 -99 -9999 -999999 -99  1.000000  0.000000
1997 07  364.250 -99 -9999 -999999 -99  1.000000  0.000000
1997 08  363.850 -99 -9999 -999999 -99  1.000000  0.000000
1997 09  362.930 -99 -9999 -999999 -99  1.000000  0.000000
1997 10  363.010 -99 -9999 -999999 -99  1.000000  0.000000
1997 11  362.710 -99 -9999 -999999 -99  1.000000  0.000000
1998 07  366.900 -99 -9999 -999999 -99  1.000000  0.000000
1998 08  366.460 -99 -9999 -999999 -99  1.000000  0.000000
1998 09  365.050 -99 -9999 -999999 -99  1.000000  0.000000
1998 10  365.110 -99 -9999 -999999 -99  1.000000  0.000000
1998 11  365.600 -99 -9999 -999999 -99  1.000000  0.000000
1998 12  365.540 -99 -9999 -999999 -99  1.000000  0.000000
1999 01  365.380 -99 -9999 -999999 -99  1.000000  0.000000
1999 02  365.320 -99 -9999 -999999 -99  1.000000  0.000000
1999 03  365.370 -99 -9999 -999999 -99  1.000000  0.000000
1999 04  365.520 -99 -9999 -999999 -99  1.000000  0.000000
1999 05  365.600 -99 -9999 -999999 -99  1.000000  0.000000
1999 06  366.110 -99 -9999 -999999 -99  1.000000  0.000000
1999 07  367.070 -99 -9999 -999999 -99  1.000000  0.000000
1999 08  367.460 -99 -9999 -999999 -99  1.000000  0.000000
1999 09  367.280 -99 -9999 -999999 -99  1.000000  0.000000
1999 10  367.710 -99 -9999 -999999 -99  1.000000  0.000000
1999 11  368.410 -99 -9999 -999999 -99  1.000000  0.000000
1999 12  367.880 -99 -9999 -999999 -99  1.000000  0.000000
2000 01  366.850 -99 -9999 -999999 -99  1.000000  0.000000
2000 02  366.370 -99 -9999 -999999 -99  1.000000  0.000000
2000 03  367.160 -99 -9999 -999999 -99  1.000000  0.000000
2000 04  368.260 -99 -9999 -999999 -99  1.000000  0.000000
2000 05  367.490 -99 -9999 -999999 -99  1.000000  0.000000
2000 06  367.250 -99 -9999 -999999 -99  1.000000  0.000000
2000 12  368.200 -99 -9999 -999999 -99  1.000000  0.000000
2001 01  367.860 -99 -9999 -999999 -99  1.000000  0.000000
2001 02  367.660 -99 -9999 -999999 -99  1.000000  0.000000
2007 01  380.670 -99 -9999 -999999 -99  1.000000  0.000000
2007 02  380.290 -99 -9999 -999999 -99  1.000000  0.000000
2007 03  380.510 -99 -9999 -999999 -99  1.000000  0.000000
2007 04  380.760 -99 -9999 -999999 -99  1.000000  0.000000
2007 05  380.470 -99 -9999 -999999 -99  1.000000  0.000000
2007 06  381.770 -99 -9999 -999999 -99  1.000000  0.000000
2007 07  383.160 -99 -9999 -999999 -99  1.000000  0.000000
2007 08  382.690 -99 -9999 -999999 -99  1.000000  0.000000
2007 09  383.570 -99 -9999 -999999 -99  1.000000  0.000000
2007 12  382.510 -99 -9999 -999999 -99  1.000000  0.000000
2008 01  382.470 -99 -9999 -999999 -99  1.000000  0.000000
2008 06  384.090 -99 -9999 -999999 -99  1.000000  0.000000
2008 07  386.090 -99 -9999 -999999 -99  1.000000  0.000000
2008 08  385.350 -99 -9999 -999999 -99  1.000000  0.000000
2008 09  384.310 -99 -9999 -999999 -99  1.000000  0.000000
2008 10  384.150 -99 -9999 -999999 -99  1.000000  0.000000
2008 11  384.430 -99 -9999 -999999 -99  1.000000  0.000000
2008 12  384.950 -99 -9999 -999999 -99  1.000000  0.000000
2009 01  384.170 -99 -9999 -999999 -99  1.000000  0.000000
2009 02  383.560 -99 -9999 -999999 -99  1.000000  0.000000
2009 03  383.810 -99 -9999 -999999 -99  1.000000  0.000000
2009 04  384.150 -99 -9999 -999999 -99  1.000000  0.000000
2009 05  384.730 -99 -9999 -999999 -99  1.000000  0.000000
2009 06  385.160 -99 -9999 -999999 -99  1.000000  0.000000
2009 07  385.870 -99 -9999 -999999 -99  1.000000  0.000000
2009 08  386.520 -99 -9999 -999999 -99  1.000000  0.000000
2009 09  386.440 -99 -9999 -999999 -99  1.000000  0.000000
2009 10  385.800 -99 -9999 -999999 -99  1.000000  0.000000
2009 11  385.540 -99 -9999 -999999 -99  1.000000  0.000000
2009 12  385.860 -99 -9999 -999999 -99  1.000000  0.000000
2010 01  385.520 -99 -9999 -999999 -99  1.000000  0.000000
2010 02  385.440 -99 -9999 -999999 -99  1.000000  0.000000
2010 03  385.960 -99 -9999 -999999 -99  1.000000  0.000000
2010 04  386.300 -99 -9999 -999999 -99  1.000000  0.000000
2010 05  386.140 -99 -9999 -999999 -99  1.000000  0.000000
2010 06  387.210 -99 -9999 -999999 -99  1.000000  0.000000
2010 07  389.130 -99 -9999 -999999 -99  1.000000  0.000000
2010 08  389.060 -99 -9999 -999999 -99  1.000000  0.000000
2010 09  387.990 -99 -9999 -999999 -99  1.000000  0.000000
2010 10  387.890 -99 -9999 -999999 -99  1.000000  0.000000
2010 11  387.690 -99 -9999 -999999 -99  1.000000  0.000000
2010 12  387.960 -99 -9999 -999999 -99  1.000000  0.000000
2011 01  388.030 -99 -9999 -999999 -99  1.000000  0.000000
2011 08  391.460 -99 -9999 -999999 -99  1.000000  0.000000
2011 09  390.180 -99 -9999 -999999 -99  1.000000  0.000000
2011 10  389.720 -99 -9999 -999999 -99  1.000000  0.000000
2011 11  389.930 -99 -9999 -999999 -99  1.000000  0.000000
2011 12  389.950 -99 -9999 -999999 -99  1.000000  0.000000
2012 01  389.610 -99 -9999 -999999 -99  1.000000  0.000000
2012 02  389.350 -99 -9999 -999999 -99  1.000000  0.000000
2012 03  389.650 -99 -9999 -999999 -99  1.000000  0.000000
2012 04  390.810 -99 -9999 -999999 -99  1.000000  0.000000
2012 05  391.160 -99 -9999 -999999 -99  1.000000  0.000000
2012 06  391.280 -99 -9999 -999999 -99  1.000000  0.000000
2012 07  391.980 -99 -9999 -999999 -99  1.000000  0.000000
2012 08  391.950 -99 -9999 -999999 -99  1.000000  0.000000
2012 09  391.870 -99 -9999 -999999 -99  1.000000  0.000000
2012 10  392.080 -99 -9999 -999999 -99  1.000000  0.000000
2012 11  392.640 -99 -9999 -999999 -99  1.000000  0.000000
2012 12  392.790 -99 -9999 -999999 -99  1.000000  0.000000
2013 01  392.410 -99 -9999 -999999 -99  1.000000  0.000000
2013 02  392.670 -99 -9999 -999999 -99  1.000000  0.000000
2013 03  393.320 -99 -9999 -999999 -99  1.000000  0.000000
2013 04  393.710 -99 -9999 -999999 -99  1.000000  0.000000
2013 05  393.660 -99 -9999 -999999 -99  1.000000  0.000000
2013 06  394.540 -99 -9999 -999999 -99  1.000000  0.000000
2013 07  395.450 -99 -9999 -999999 -99  1.000000  0.000000
2013 08  395.230 -99 -9999 -999999 -99  1.000000  0.000000
2013 09  395.400 -99 -9999 -999999 -99  1.000000  0.000000
2013 10  395.190 -99 -9999 -999999 -99  1.000000  0.000000
2013 11  394.930 -99 -9999 -999999 -99  1.000000  0.000000
2013 12  394.960 -99 -9999 -999999 -99  1.000000  0.000000
2014 01  394.530 -99 -9999 -999999 -99  1.000000  0.000000
2014 02  394.550 -99 -9999 -999999 -99  1.000000  0.000000
2014 03  395.150 -99 -9999 -999999 -99  1.000000  0.000000
2014 04  395.250 -99 -9999 -999999 -99  1.000000  0.000000
2014 05  395.080 -99 -9999 -999999 -99  1.000000  0.000000
2014 06  396.070 -99 -9999 -999999 -99  1.000000  0.000000
2014 07  397.460 -99 -9999 -999999 -99  1.000000  0.000000
2014 08  397.420 -99 -9999 -999999 -99  1.000000  0.000000
2014 09  396.540 -99 -9999 -999999 -99  1.000000  0.000000
2014 10  396.400 -99 -9999 -999999 -99  1.000000  0.000000
2014 11  396.790 -99 -9999 -999999 -99  1.000000  0.000000
2014 12  396.860 -99 -9999 -999999 -99  1.000000  0.000000
2015 01  396.540 -99 -9999 -999999 -99  1.000000  0.000000
2015 02  396.390 -99 -9999 -999999 -99  1.000000  0.000000
2015 03  396.780 -99 -9999 -999999 -99  1.000000  0.000000
2015 04  397.590 -99 -9999 -999999 -99  1.000000  0.000000
2015 05  398.030 -99 -9999 -999999 -99  1.000000  0.000000
2015 06  398.060 -99 -9999 -999999 -99  1.000000  0.000000
2015 07  398.190 -99 -9999 -999999 -99  1.000000  0.000000
2015 08  398.980 -99 -9999 -999999 -99  1.000000  0.000000
2015 09  399.220 -99 -9999 -999999 -99  1.000000  0.000000
2015 10  398.720 -99 -9999 -999999 -99  1.000000  0.000000
2015 11  398.460 -99 -9999 -999999 -99  1.000000  0.000000
2015 12  399.830 -99 -9999 -999999 -99  1.000000  0.000000
2016 01  400.850 -99 -9999 -999999 -99  1.000000  0.000000
2016 02  400.090 -99 -9999 -999999 -99  1.000000  0.000000
2016 03  400.080 -99 -9999 -999999 -99  1.000000  0.000000
2016 04  400.670 -99 -9999 -999999 -99  1.000000  0.000000
2016 05  401.440 -99 -9999 -999999 -99  1.000000  0.000000
2016 06  402.570 -99 -9999 -999999 -99  1.000000  0.000000
2016 07  402.930 -99 -9999 -999999 -99  1.000000  0.000000
2016 08  403.220 -99 -9999 -999999 -99  1.000000  0.000000
2016 09  403.070 -99 -9999 -999999 -99  1.000000  0.000000
2016 10  402.360 -99 -9999 -999999 -99  1.000000  0.000000
2016 11  402.420 -99 -9999 -999999 -99  1.000000  0.000000
2016 12  402.360 -99 -9999 -999999 -99  1.000000  0.000000
2017 01  401.890 -99 -9999 -999999 -99  1.000000  0.000000
2017 02  401.270 -99 -9999 -999999 -99  1.000000  0.000000
2017 03  400.890 -99 -9999 -999999 -99  1.000000  0.000000
2017 04  400.510 -99 -9999 -999999 -99  1.000000  0.000000
2017 05  400.540 -99 -9999 -999999 -99  1.000000  0.000000
2017 06  403.240 -99 -9999 -999999 -99  1.000000  0.000000
2017 07  405.190 -99 -9999 -999999 -99  1.000000  0.000000
2017 08  405.080 -99 -9999 -999999 -99  1.000000  0.000000
2017 09  405.110 -99 -9999 -999999 -99  1.000000  0.000000
2017 10  404.770 -99 -9999 -999999 -99  1.000000  0.000000
2017 11  404.600 -99 -9999 -999999 -99  1.000000  0.000000
2017 12  404.520 -99 -9999 -999999 -99  1.000000  0.000000
