REM01  EXPLANATORY 25-LINE FOR THE MONTHLY DATA
REM02  FILENAME: co2_nwr_surface-flask_2_3001-9999_monthly.txt
REM03  STATION: Niwot Ridge - T-van (CO)
REM04  CATEGORY: GAW Regional
REM05  COUNTRY/TERRITORY: United States of America
REM06  SUBMITTED BY: NOAA
REM07  LATITUDE:   40 03' N
REM08  LONGITUDE: 105 35' W
REM09  ALTITUDE:     3523 m
REM10  RATIO: 1.000000 0.000000
REM11  PARAMETER: CO2
REM12  COVERING PERIOD: January 1968 - December 2017
REM13  UNIT: ppm
REM14  ANALYSIS: NDIR(1968-01-01 - 2017-12-01)
REM15  SAMPLING TYPE: surface-flask
REM16  CLASSIFICATION: Background observation
REM17  CALIBRATION: WMO CO2 X2007(1968-01-01 - 2017-12-01)
REM18  TABLENAME: NWR440N002f1
REM19  CALCULATION: contributor
REM20  REGISTRATION: 2018-09-25
REM21
REM22  COMMENT: Dataset was made from entire historical data provided from contributor from 2018 new WDCGG website open onward
REM23
REM24 M      CO2   V    ND      SD   F   RATIO_A   RATIO_B
REM25        ppm
1968 01  323.660 -99 -9999 -999999 -99  1.000000  0.000000
1968 02  325.070 -99 -9999 -999999 -99  1.000000  0.000000
1968 03  326.050 -99 -9999 -999999 -99  1.000000  0.000000
1968 04  326.560 -99 -9999 -999999 -99  1.000000  0.000000
1968 05  326.400 -99 -9999 -999999 -99  1.000000  0.000000
1968 06  324.060 -99 -9999 -999999 -99  1.000000  0.000000
1968 07  320.170 -99 -9999 -999999 -99  1.000000  0.000000
1968 08  318.200 -99 -9999 -999999 -99  1.000000  0.000000
1968 09  318.830 -99 -9999 -999999 -99  1.000000  0.000000
1968 10  321.020 -99 -9999 -999999 -99  1.000000  0.000000
1968 11  323.170 -99 -9999 -999999 -99  1.000000  0.000000
1968 12  324.080 -99 -9999 -999999 -99  1.000000  0.000000
1969 01  324.580 -99 -9999 -999999 -99  1.000000  0.000000
1969 02  325.550 -99 -9999 -999999 -99  1.000000  0.000000
1969 03  327.050 -99 -9999 -999999 -99  1.000000  0.000000
1969 04  327.930 -99 -9999 -999999 -99  1.000000  0.000000
1969 05  327.200 -99 -9999 -999999 -99  1.000000  0.000000
1969 06  325.140 -99 -9999 -999999 -99  1.000000  0.000000
1969 07  321.290 -99 -9999 -999999 -99  1.000000  0.000000
1969 08  318.530 -99 -9999 -999999 -99  1.000000  0.000000
1969 09  319.660 -99 -9999 -999999 -99  1.000000  0.000000
1969 10  322.340 -99 -9999 -999999 -99  1.000000  0.000000
1969 11  323.830 -99 -9999 -999999 -99  1.000000  0.000000
1969 12  325.360 -99 -9999 -999999 -99  1.000000  0.000000
1970 01  326.610 -99 -9999 -999999 -99  1.000000  0.000000
1970 02  327.350 -99 -9999 -999999 -99  1.000000  0.000000
1970 03  329.180 -99 -9999 -999999 -99  1.000000  0.000000
1970 04  330.540 -99 -9999 -999999 -99  1.000000  0.000000
1970 05  329.260 -99 -9999 -999999 -99  1.000000  0.000000
1970 06  325.850 -99 -9999 -999999 -99  1.000000  0.000000
1970 07  322.010 -99 -9999 -999999 -99  1.000000  0.000000
1970 08  319.520 -99 -9999 -999999 -99  1.000000  0.000000
1970 09  320.420 -99 -9999 -999999 -99  1.000000  0.000000
1970 10  324.020 -99 -9999 -999999 -99  1.000000  0.000000
1970 11  326.060 -99 -9999 -999999 -99  1.000000  0.000000
1970 12  326.370 -99 -9999 -999999 -99  1.000000  0.000000
1971 01  327.390 -99 -9999 -999999 -99  1.000000  0.000000
1971 02  328.830 -99 -9999 -999999 -99  1.000000  0.000000
1971 03  329.700 -99 -9999 -999999 -99  1.000000  0.000000
1971 04  330.180 -99 -9999 -999999 -99  1.000000  0.000000
1971 05  329.200 -99 -9999 -999999 -99  1.000000  0.000000
1971 06  324.820 -99 -9999 -999999 -99  1.000000  0.000000
1971 07  320.890 -99 -9999 -999999 -99  1.000000  0.000000
1971 08  319.760 -99 -9999 -999999 -99  1.000000  0.000000
1971 09  320.260 -99 -9999 -999999 -99  1.000000  0.000000
1971 10  322.890 -99 -9999 -999999 -99  1.000000  0.000000
1971 11  325.690 -99 -9999 -999999 -99  1.000000  0.000000
1971 12  326.300 -99 -9999 -999999 -99  1.000000  0.000000
1972 01  327.360 -99 -9999 -999999 -99  1.000000  0.000000
1972 02  328.770 -99 -9999 -999999 -99  1.000000  0.000000
1972 03  329.300 -99 -9999 -999999 -99  1.000000  0.000000
1972 04  330.320 -99 -9999 -999999 -99  1.000000  0.000000
1972 05  329.000 -99 -9999 -999999 -99  1.000000  0.000000
1972 06  323.970 -99 -9999 -999999 -99  1.000000  0.000000
1972 07  320.720 -99 -9999 -999999 -99  1.000000  0.000000
1972 08  320.360 -99 -9999 -999999 -99  1.000000  0.000000
1972 09  321.940 -99 -9999 -999999 -99  1.000000  0.000000
1972 10  325.530 -99 -9999 -999999 -99  1.000000  0.000000
1972 11  328.670 -99 -9999 -999999 -99  1.000000  0.000000
1972 12  329.790 -99 -9999 -999999 -99  1.000000  0.000000
1973 01  330.750 -99 -9999 -999999 -99  1.000000  0.000000
1973 02  331.850 -99 -9999 -999999 -99  1.000000  0.000000
1973 03  332.520 -99 -9999 -999999 -99  1.000000  0.000000
1973 04  333.200 -99 -9999 -999999 -99  1.000000  0.000000
1973 05  333.570 -99 -9999 -999999 -99  1.000000  0.000000
1973 06  331.460 -99 -9999 -999999 -99  1.000000  0.000000
1973 07  327.300 -99 -9999 -999999 -99  1.000000  0.000000
1973 08  325.430 -99 -9999 -999999 -99  1.000000  0.000000
1973 09  326.460 -99 -9999 -999999 -99  1.000000  0.000000
1973 10  328.330 -99 -9999 -999999 -99  1.000000  0.000000
1973 11  330.600 -99 -9999 -999999 -99  1.000000  0.000000
1973 12  331.820 -99 -9999 -999999 -99  1.000000  0.000000
1974 01  332.520 -99 -9999 -999999 -99  1.000000  0.000000
1974 02  333.670 -99 -9999 -999999 -99  1.000000  0.000000
1974 03  335.050 -99 -9999 -999999 -99  1.000000  0.000000
1974 04  335.990 -99 -9999 -999999 -99  1.000000  0.000000
1974 05  334.830 -99 -9999 -999999 -99  1.000000  0.000000
1974 06  332.300 -99 -9999 -999999 -99  1.000000  0.000000
1976 01  332.850 -99 -9999 -999999 -99  1.000000  0.000000
1976 02  334.180 -99 -9999 -999999 -99  1.000000  0.000000
1976 03  334.640 -99 -9999 -999999 -99  1.000000  0.000000
1976 04  335.060 -99 -9999 -999999 -99  1.000000  0.000000
1976 05  334.630 -99 -9999 -999999 -99  1.000000  0.000000
1976 06  332.270 -99 -9999 -999999 -99  1.000000  0.000000
1976 07  330.180 -99 -9999 -999999 -99  1.000000  0.000000
1976 08  328.100 -99 -9999 -999999 -99  1.000000  0.000000
1976 09  327.810 -99 -9999 -999999 -99  1.000000  0.000000
1976 10  330.010 -99 -9999 -999999 -99  1.000000  0.000000
1976 11  332.100 -99 -9999 -999999 -99  1.000000  0.000000
1976 12  333.560 -99 -9999 -999999 -99  1.000000  0.000000
1977 01  334.680 -99 -9999 -999999 -99  1.000000  0.000000
1977 02  335.640 -99 -9999 -999999 -99  1.000000  0.000000
1977 03  336.510 -99 -9999 -999999 -99  1.000000  0.000000
1977 04  337.270 -99 -9999 -999999 -99  1.000000  0.000000
1977 05  337.210 -99 -9999 -999999 -99  1.000000  0.000000
1977 06  334.930 -99 -9999 -999999 -99  1.000000  0.000000
1977 07  332.700 -99 -9999 -999999 -99  1.000000  0.000000
1977 08  331.520 -99 -9999 -999999 -99  1.000000  0.000000
1977 09  331.170 -99 -9999 -999999 -99  1.000000  0.000000
1977 10  332.480 -99 -9999 -999999 -99  1.000000  0.000000
1977 11  334.950 -99 -9999 -999999 -99  1.000000  0.000000
1977 12  336.510 -99 -9999 -999999 -99  1.000000  0.000000
1978 01  337.360 -99 -9999 -999999 -99  1.000000  0.000000
1978 02  338.120 -99 -9999 -999999 -99  1.000000  0.000000
1978 03  338.450 -99 -9999 -999999 -99  1.000000  0.000000
1978 04  338.510 -99 -9999 -999999 -99  1.000000  0.000000
1978 05  338.680 -99 -9999 -999999 -99  1.000000  0.000000
1978 06  337.440 -99 -9999 -999999 -99  1.000000  0.000000
1978 07  334.340 -99 -9999 -999999 -99  1.000000  0.000000
1978 08  331.060 -99 -9999 -999999 -99  1.000000  0.000000
1978 09  330.800 -99 -9999 -999999 -99  1.000000  0.000000
1978 10  333.410 -99 -9999 -999999 -99  1.000000  0.000000
1978 11  335.140 -99 -9999 -999999 -99  1.000000  0.000000
1978 12  336.630 -99 -9999 -999999 -99  1.000000  0.000000
1979 01  338.090 -99 -9999 -999999 -99  1.000000  0.000000
1979 02  338.860 -99 -9999 -999999 -99  1.000000  0.000000
1979 03  339.920 -99 -9999 -999999 -99  1.000000  0.000000
1979 04  340.500 -99 -9999 -999999 -99  1.000000  0.000000
1979 05  340.450 -99 -9999 -999999 -99  1.000000  0.000000
1979 06  338.130 -99 -9999 -999999 -99  1.000000  0.000000
1979 07  334.430 -99 -9999 -999999 -99  1.000000  0.000000
1979 08  332.610 -99 -9999 -999999 -99  1.000000  0.000000
1979 09  332.520 -99 -9999 -999999 -99  1.000000  0.000000
1979 10  334.050 -99 -9999 -999999 -99  1.000000  0.000000
1979 11  335.870 -99 -9999 -999999 -99  1.000000  0.000000
1979 12  336.670 -99 -9999 -999999 -99  1.000000  0.000000
1980 01  338.290 -99 -9999 -999999 -99  1.000000  0.000000
1980 02  339.920 -99 -9999 -999999 -99  1.000000  0.000000
1980 03  340.660 -99 -9999 -999999 -99  1.000000  0.000000
1980 04  340.980 -99 -9999 -999999 -99  1.000000  0.000000
1980 05  338.790 -99 -9999 -999999 -99  1.000000  0.000000
1980 06  335.470 -99 -9999 -999999 -99  1.000000  0.000000
1980 07  333.470 -99 -9999 -999999 -99  1.000000  0.000000
1980 08  333.340 -99 -9999 -999999 -99  1.000000  0.000000
1980 09  334.170 -99 -9999 -999999 -99  1.000000  0.000000
1980 10  335.770 -99 -9999 -999999 -99  1.000000  0.000000
1980 11  337.830 -99 -9999 -999999 -99  1.000000  0.000000
1980 12  339.580 -99 -9999 -999999 -99  1.000000  0.000000
1981 01  341.220 -99 -9999 -999999 -99  1.000000  0.000000
1981 02  342.920 -99 -9999 -999999 -99  1.000000  0.000000
1981 03  343.560 -99 -9999 -999999 -99  1.000000  0.000000
1981 04  343.160 -99 -9999 -999999 -99  1.000000  0.000000
1981 05  341.990 -99 -9999 -999999 -99  1.000000  0.000000
1981 06  339.620 -99 -9999 -999999 -99  1.000000  0.000000
1981 07  337.090 -99 -9999 -999999 -99  1.000000  0.000000
1981 08  335.540 -99 -9999 -999999 -99  1.000000  0.000000
1981 09  335.570 -99 -9999 -999999 -99  1.000000  0.000000
1981 10  338.120 -99 -9999 -999999 -99  1.000000  0.000000
1981 11  340.880 -99 -9999 -999999 -99  1.000000  0.000000
1981 12  341.960 -99 -9999 -999999 -99  1.000000  0.000000
1982 01  342.420 -99 -9999 -999999 -99  1.000000  0.000000
1982 02  343.660 -99 -9999 -999999 -99  1.000000  0.000000
1982 03  344.940 -99 -9999 -999999 -99  1.000000  0.000000
1982 04  345.330 -99 -9999 -999999 -99  1.000000  0.000000
1982 05  344.070 -99 -9999 -999999 -99  1.000000  0.000000
1982 06  340.520 -99 -9999 -999999 -99  1.000000  0.000000
1982 07  336.670 -99 -9999 -999999 -99  1.000000  0.000000
1982 08  334.970 -99 -9999 -999999 -99  1.000000  0.000000
1982 09  336.890 -99 -9999 -999999 -99  1.000000  0.000000
1982 10  339.700 -99 -9999 -999999 -99  1.000000  0.000000
1982 11  340.890 -99 -9999 -999999 -99  1.000000  0.000000
1982 12  341.700 -99 -9999 -999999 -99  1.000000  0.000000
1983 01  343.520 -99 -9999 -999999 -99  1.000000  0.000000
1983 02  344.830 -99 -9999 -999999 -99  1.000000  0.000000
1983 03  345.450 -99 -9999 -999999 -99  1.000000  0.000000
1983 04  346.310 -99 -9999 -999999 -99  1.000000  0.000000
1983 05  345.330 -99 -9999 -999999 -99  1.000000  0.000000
1983 06  342.370 -99 -9999 -999999 -99  1.000000  0.000000
1983 07  339.770 -99 -9999 -999999 -99  1.000000  0.000000
1983 08  336.830 -99 -9999 -999999 -99  1.000000  0.000000
1983 09  337.210 -99 -9999 -999999 -99  1.000000  0.000000
1983 10  340.540 -99 -9999 -999999 -99  1.000000  0.000000
1983 11  343.820 -99 -9999 -999999 -99  1.000000  0.000000
1983 12  346.020 -99 -9999 -999999 -99  1.000000  0.000000
1984 01  345.930 -99 -9999 -999999 -99  1.000000  0.000000
1984 02  346.520 -99 -9999 -999999 -99  1.000000  0.000000
1984 03  348.290 -99 -9999 -999999 -99  1.000000  0.000000
1984 04  349.230 -99 -9999 -999999 -99  1.000000  0.000000
1984 05  348.540 -99 -9999 -999999 -99  1.000000  0.000000
1984 06  344.900 -99 -9999 -999999 -99  1.000000  0.000000
1984 07  339.980 -99 -9999 -999999 -99  1.000000  0.000000
1984 08  338.800 -99 -9999 -999999 -99  1.000000  0.000000
1984 09  340.750 -99 -9999 -999999 -99  1.000000  0.000000
1984 10  343.260 -99 -9999 -999999 -99  1.000000  0.000000
1984 11  345.110 -99 -9999 -999999 -99  1.000000  0.000000
1984 12  345.990 -99 -9999 -999999 -99  1.000000  0.000000
1985 01  347.150 -99 -9999 -999999 -99  1.000000  0.000000
1985 02  347.950 -99 -9999 -999999 -99  1.000000  0.000000
1985 03  348.220 -99 -9999 -999999 -99  1.000000  0.000000
1985 04  348.680 -99 -9999 -999999 -99  1.000000  0.000000
1985 05  347.860 -99 -9999 -999999 -99  1.000000  0.000000
1985 06  345.960 -99 -9999 -999999 -99  1.000000  0.000000
1985 07  344.900 -99 -9999 -999999 -99  1.000000  0.000000
1985 08  343.870 -99 -9999 -999999 -99  1.000000  0.000000
1985 09  342.230 -99 -9999 -999999 -99  1.000000  0.000000
1985 10  343.530 -99 -9999 -999999 -99  1.000000  0.000000
1985 11  346.920 -99 -9999 -999999 -99  1.000000  0.000000
1985 12  347.700 -99 -9999 -999999 -99  1.000000  0.000000
1986 01  348.100 -99 -9999 -999999 -99  1.000000  0.000000
1986 02  349.300 -99 -9999 -999999 -99  1.000000  0.000000
1986 03  349.760 -99 -9999 -999999 -99  1.000000  0.000000
1986 04  349.930 -99 -9999 -999999 -99  1.000000  0.000000
1986 05  348.670 -99 -9999 -999999 -99  1.000000  0.000000
1986 06  345.910 -99 -9999 -999999 -99  1.000000  0.000000
1986 07  344.430 -99 -9999 -999999 -99  1.000000  0.000000
1986 08  344.330 -99 -9999 -999999 -99  1.000000  0.000000
1986 09  344.430 -99 -9999 -999999 -99  1.000000  0.000000
1986 10  345.310 -99 -9999 -999999 -99  1.000000  0.000000
1986 11  346.310 -99 -9999 -999999 -99  1.000000  0.000000
1986 12  347.780 -99 -9999 -999999 -99  1.000000  0.000000
1987 01  349.250 -99 -9999 -999999 -99  1.000000  0.000000
1987 02  350.640 -99 -9999 -999999 -99  1.000000  0.000000
1987 03  352.060 -99 -9999 -999999 -99  1.000000  0.000000
1987 04  351.920 -99 -9999 -999999 -99  1.000000  0.000000
1987 05  351.010 -99 -9999 -999999 -99  1.000000  0.000000
1987 06  349.820 -99 -9999 -999999 -99  1.000000  0.000000
1987 07  347.420 -99 -9999 -999999 -99  1.000000  0.000000
1987 08  345.050 -99 -9999 -999999 -99  1.000000  0.000000
1987 09  345.300 -99 -9999 -999999 -99  1.000000  0.000000
1987 10  347.440 -99 -9999 -999999 -99  1.000000  0.000000
1987 11  349.500 -99 -9999 -999999 -99  1.000000  0.000000
1987 12  351.370 -99 -9999 -999999 -99  1.000000  0.000000
1988 01  352.690 -99 -9999 -999999 -99  1.000000  0.000000
1988 02  353.740 -99 -9999 -999999 -99  1.000000  0.000000
1988 03  354.590 -99 -9999 -999999 -99  1.000000  0.000000
1988 04  355.630 -99 -9999 -999999 -99  1.000000  0.000000
1988 05  354.520 -99 -9999 -999999 -99  1.000000  0.000000
1988 06  351.490 -99 -9999 -999999 -99  1.000000  0.000000
1988 07  349.870 -99 -9999 -999999 -99  1.000000  0.000000
1988 08  348.480 -99 -9999 -999999 -99  1.000000  0.000000
1988 09  348.170 -99 -9999 -999999 -99  1.000000  0.000000
1988 10  349.550 -99 -9999 -999999 -99  1.000000  0.000000
1988 11  352.430 -99 -9999 -999999 -99  1.000000  0.000000
1988 12  354.350 -99 -9999 -999999 -99  1.000000  0.000000
1989 01  354.570 -99 -9999 -999999 -99  1.000000  0.000000
1989 02  355.270 -99 -9999 -999999 -99  1.000000  0.000000
1989 03  355.790 -99 -9999 -999999 -99  1.000000  0.000000
1989 04  356.120 -99 -9999 -999999 -99  1.000000  0.000000
1989 05  355.920 -99 -9999 -999999 -99  1.000000  0.000000
1989 06  354.930 -99 -9999 -999999 -99  1.000000  0.000000
1989 07  353.170 -99 -9999 -999999 -99  1.000000  0.000000
1989 08  350.170 -99 -9999 -999999 -99  1.000000  0.000000
1989 09  349.420 -99 -9999 -999999 -99  1.000000  0.000000
1989 10  351.450 -99 -9999 -999999 -99  1.000000  0.000000
1989 11  353.920 -99 -9999 -999999 -99  1.000000  0.000000
1989 12  354.830 -99 -9999 -999999 -99  1.000000  0.000000
1990 01  355.660 -99 -9999 -999999 -99  1.000000  0.000000
1990 02  357.300 -99 -9999 -999999 -99  1.000000  0.000000
1990 03  357.760 -99 -9999 -999999 -99  1.000000  0.000000
1990 04  358.010 -99 -9999 -999999 -99  1.000000  0.000000
1990 05  358.230 -99 -9999 -999999 -99  1.000000  0.000000
1990 06  356.080 -99 -9999 -999999 -99  1.000000  0.000000
1990 07  352.190 -99 -9999 -999999 -99  1.000000  0.000000
1990 08  350.490 -99 -9999 -999999 -99  1.000000  0.000000
1990 09  351.530 -99 -9999 -999999 -99  1.000000  0.000000
1990 10  352.530 -99 -9999 -999999 -99  1.000000  0.000000
1990 11  353.950 -99 -9999 -999999 -99  1.000000  0.000000
1990 12  355.820 -99 -9999 -999999 -99  1.000000  0.000000
1991 01  357.320 -99 -9999 -999999 -99  1.000000  0.000000
1991 02  358.590 -99 -9999 -999999 -99  1.000000  0.000000
1991 03  359.590 -99 -9999 -999999 -99  1.000000  0.000000
1991 04  360.170 -99 -9999 -999999 -99  1.000000  0.000000
1991 05  358.770 -99 -9999 -999999 -99  1.000000  0.000000
1991 06  356.850 -99 -9999 -999999 -99  1.000000  0.000000
1991 07  353.890 -99 -9999 -999999 -99  1.000000  0.000000
1991 08  351.510 -99 -9999 -999999 -99  1.000000  0.000000
1991 09  351.490 -99 -9999 -999999 -99  1.000000  0.000000
1991 10  353.350 -99 -9999 -999999 -99  1.000000  0.000000
1991 11  356.350 -99 -9999 -999999 -99  1.000000  0.000000
1991 12  357.950 -99 -9999 -999999 -99  1.000000  0.000000
1992 01  359.100 -99 -9999 -999999 -99  1.000000  0.000000
1992 02  359.590 -99 -9999 -999999 -99  1.000000  0.000000
1992 03  360.330 -99 -9999 -999999 -99  1.000000  0.000000
1992 04  359.960 -99 -9999 -999999 -99  1.000000  0.000000
1992 05  357.760 -99 -9999 -999999 -99  1.000000  0.000000
1992 06  356.860 -99 -9999 -999999 -99  1.000000  0.000000
1992 07  356.390 -99 -9999 -999999 -99  1.000000  0.000000
1992 08  354.280 -99 -9999 -999999 -99  1.000000  0.000000
1992 09  353.060 -99 -9999 -999999 -99  1.000000  0.000000
1992 10  354.400 -99 -9999 -999999 -99  1.000000  0.000000
1992 11  356.130 -99 -9999 -999999 -99  1.000000  0.000000
1992 12  357.380 -99 -9999 -999999 -99  1.000000  0.000000
1993 01  358.760 -99 -9999 -999999 -99  1.000000  0.000000
1993 02  359.580 -99 -9999 -999999 -99  1.000000  0.000000
1993 03  360.740 -99 -9999 -999999 -99  1.000000  0.000000
1993 04  361.600 -99 -9999 -999999 -99  1.000000  0.000000
1993 05  360.760 -99 -9999 -999999 -99  1.000000  0.000000
1993 06  358.870 -99 -9999 -999999 -99  1.000000  0.000000
1993 07  354.740 -99 -9999 -999999 -99  1.000000  0.000000
1993 08  351.870 -99 -9999 -999999 -99  1.000000  0.000000
1993 09  353.510 -99 -9999 -999999 -99  1.000000  0.000000
1993 10  356.240 -99 -9999 -999999 -99  1.000000  0.000000
1993 11  357.260 -99 -9999 -999999 -99  1.000000  0.000000
1993 12  358.080 -99 -9999 -999999 -99  1.000000  0.000000
1994 01  359.700 -99 -9999 -999999 -99  1.000000  0.000000
1994 02  361.080 -99 -9999 -999999 -99  1.000000  0.000000
1994 03  362.070 -99 -9999 -999999 -99  1.000000  0.000000
1994 04  362.930 -99 -9999 -999999 -99  1.000000  0.000000
1994 05  362.140 -99 -9999 -999999 -99  1.000000  0.000000
1994 06  359.320 -99 -9999 -999999 -99  1.000000  0.000000
1994 07  358.090 -99 -9999 -999999 -99  1.000000  0.000000
1994 08  357.180 -99 -9999 -999999 -99  1.000000  0.000000
1994 09  356.040 -99 -9999 -999999 -99  1.000000  0.000000
1994 10  357.270 -99 -9999 -999999 -99  1.000000  0.000000
1994 11  359.100 -99 -9999 -999999 -99  1.000000  0.000000
1994 12  360.630 -99 -9999 -999999 -99  1.000000  0.000000
1995 01  361.990 -99 -9999 -999999 -99  1.000000  0.000000
1995 02  362.260 -99 -9999 -999999 -99  1.000000  0.000000
1995 03  362.870 -99 -9999 -999999 -99  1.000000  0.000000
1995 04  364.540 -99 -9999 -999999 -99  1.000000  0.000000
1995 05  365.260 -99 -9999 -999999 -99  1.000000  0.000000
1995 06  362.790 -99 -9999 -999999 -99  1.000000  0.000000
1995 07  359.000 -99 -9999 -999999 -99  1.000000  0.000000
1995 08  357.020 -99 -9999 -999999 -99  1.000000  0.000000
1995 09  357.690 -99 -9999 -999999 -99  1.000000  0.000000
1995 10  359.450 -99 -9999 -999999 -99  1.000000  0.000000
1995 11  361.380 -99 -9999 -999999 -99  1.000000  0.000000
1995 12  362.530 -99 -9999 -999999 -99  1.000000  0.000000
1996 01  363.780 -99 -9999 -999999 -99  1.000000  0.000000
1996 02  364.920 -99 -9999 -999999 -99  1.000000  0.000000
1996 03  365.480 -99 -9999 -999999 -99  1.000000  0.000000
1996 04  366.270 -99 -9999 -999999 -99  1.000000  0.000000
1996 05  366.800 -99 -9999 -999999 -99  1.000000  0.000000
1996 06  364.230 -99 -9999 -999999 -99  1.000000  0.000000
1996 07  361.190 -99 -9999 -999999 -99  1.000000  0.000000
1996 08  360.380 -99 -9999 -999999 -99  1.000000  0.000000
1996 09  359.270 -99 -9999 -999999 -99  1.000000  0.000000
1996 10  360.410 -99 -9999 -999999 -99  1.000000  0.000000
1996 11  362.780 -99 -9999 -999999 -99  1.000000  0.000000
1996 12  364.090 -99 -9999 -999999 -99  1.000000  0.000000
1997 01  365.540 -99 -9999 -999999 -99  1.000000  0.000000
1997 02  366.600 -99 -9999 -999999 -99  1.000000  0.000000
1997 03  367.140 -99 -9999 -999999 -99  1.000000  0.000000
1997 04  367.520 -99 -9999 -999999 -99  1.000000  0.000000
1997 05  366.180 -99 -9999 -999999 -99  1.000000  0.000000
1997 06  363.210 -99 -9999 -999999 -99  1.000000  0.000000
1997 07  360.700 -99 -9999 -999999 -99  1.000000  0.000000
1997 08  360.380 -99 -9999 -999999 -99  1.000000  0.000000
1997 09  360.130 -99 -9999 -999999 -99  1.000000  0.000000
1997 10  361.310 -99 -9999 -999999 -99  1.000000  0.000000
1997 11  364.460 -99 -9999 -999999 -99  1.000000  0.000000
1997 12  366.470 -99 -9999 -999999 -99  1.000000  0.000000
1998 01  366.930 -99 -9999 -999999 -99  1.000000  0.000000
1998 02  367.770 -99 -9999 -999999 -99  1.000000  0.000000
1998 03  369.240 -99 -9999 -999999 -99  1.000000  0.000000
1998 04  369.970 -99 -9999 -999999 -99  1.000000  0.000000
1998 05  368.680 -99 -9999 -999999 -99  1.000000  0.000000
1998 06  366.750 -99 -9999 -999999 -99  1.000000  0.000000
1998 07  364.970 -99 -9999 -999999 -99  1.000000  0.000000
1998 08  362.240 -99 -9999 -999999 -99  1.000000  0.000000
1998 09  361.680 -99 -9999 -999999 -99  1.000000  0.000000
1998 10  365.630 -99 -9999 -999999 -99  1.000000  0.000000
1998 11  367.820 -99 -9999 -999999 -99  1.000000  0.000000
1998 12  368.110 -99 -9999 -999999 -99  1.000000  0.000000
1999 01  369.600 -99 -9999 -999999 -99  1.000000  0.000000
1999 02  370.880 -99 -9999 -999999 -99  1.000000  0.000000
1999 03  371.290 -99 -9999 -999999 -99  1.000000  0.000000
1999 04  371.930 -99 -9999 -999999 -99  1.000000  0.000000
1999 05  372.280 -99 -9999 -999999 -99  1.000000  0.000000
1999 06  369.520 -99 -9999 -999999 -99  1.000000  0.000000
1999 07  364.770 -99 -9999 -999999 -99  1.000000  0.000000
1999 08  362.800 -99 -9999 -999999 -99  1.000000  0.000000
1999 09  364.170 -99 -9999 -999999 -99  1.000000  0.000000
1999 10  366.160 -99 -9999 -999999 -99  1.000000  0.000000
1999 11  368.380 -99 -9999 -999999 -99  1.000000  0.000000
1999 12  370.000 -99 -9999 -999999 -99  1.000000  0.000000
2000 01  370.380 -99 -9999 -999999 -99  1.000000  0.000000
2000 02  371.900 -99 -9999 -999999 -99  1.000000  0.000000
2000 03  373.270 -99 -9999 -999999 -99  1.000000  0.000000
2000 04  373.080 -99 -9999 -999999 -99  1.000000  0.000000
2000 05  371.830 -99 -9999 -999999 -99  1.000000  0.000000
2000 06  370.170 -99 -9999 -999999 -99  1.000000  0.000000
2000 07  369.430 -99 -9999 -999999 -99  1.000000  0.000000
2000 08  367.830 -99 -9999 -999999 -99  1.000000  0.000000
2000 09  366.780 -99 -9999 -999999 -99  1.000000  0.000000
2000 10  368.460 -99 -9999 -999999 -99  1.000000  0.000000
2000 11  370.230 -99 -9999 -999999 -99  1.000000  0.000000
2000 12  371.430 -99 -9999 -999999 -99  1.000000  0.000000
2001 01  372.950 -99 -9999 -999999 -99  1.000000  0.000000
2001 02  373.550 -99 -9999 -999999 -99  1.000000  0.000000
2001 03  374.460 -99 -9999 -999999 -99  1.000000  0.000000
2001 04  375.100 -99 -9999 -999999 -99  1.000000  0.000000
2001 05  373.480 -99 -9999 -999999 -99  1.000000  0.000000
2001 06  372.830 -99 -9999 -999999 -99  1.000000  0.000000
2001 07  373.350 -99 -9999 -999999 -99  1.000000  0.000000
2001 08  370.590 -99 -9999 -999999 -99  1.000000  0.000000
2001 09  368.580 -99 -9999 -999999 -99  1.000000  0.000000
2001 10  369.390 -99 -9999 -999999 -99  1.000000  0.000000
2001 11  371.210 -99 -9999 -999999 -99  1.000000  0.000000
2001 12  373.450 -99 -9999 -999999 -99  1.000000  0.000000
2002 01  374.970 -99 -9999 -999999 -99  1.000000  0.000000
2002 02  376.120 -99 -9999 -999999 -99  1.000000  0.000000
2002 03  376.640 -99 -9999 -999999 -99  1.000000  0.000000
2002 04  376.580 -99 -9999 -999999 -99  1.000000  0.000000
2002 05  375.730 -99 -9999 -999999 -99  1.000000  0.000000
2002 06  374.100 -99 -9999 -999999 -99  1.000000  0.000000
2002 07  372.420 -99 -9999 -999999 -99  1.000000  0.000000
2002 08  370.960 -99 -9999 -999999 -99  1.000000  0.000000
2002 09  370.510 -99 -9999 -999999 -99  1.000000  0.000000
2002 10  371.890 -99 -9999 -999999 -99  1.000000  0.000000
2002 11  374.640 -99 -9999 -999999 -99  1.000000  0.000000
2002 12  376.100 -99 -9999 -999999 -99  1.000000  0.000000
2003 01  376.890 -99 -9999 -999999 -99  1.000000  0.000000
2003 02  377.800 -99 -9999 -999999 -99  1.000000  0.000000
2003 03  378.340 -99 -9999 -999999 -99  1.000000  0.000000
2003 04  379.330 -99 -9999 -999999 -99  1.000000  0.000000
2003 05  378.610 -99 -9999 -999999 -99  1.000000  0.000000
2003 06  376.470 -99 -9999 -999999 -99  1.000000  0.000000
2003 07  375.000 -99 -9999 -999999 -99  1.000000  0.000000
2003 08  372.910 -99 -9999 -999999 -99  1.000000  0.000000
2003 09  371.860 -99 -9999 -999999 -99  1.000000  0.000000
2003 10  374.000 -99 -9999 -999999 -99  1.000000  0.000000
2003 11  377.110 -99 -9999 -999999 -99  1.000000  0.000000
2003 12  378.800 -99 -9999 -999999 -99  1.000000  0.000000
2004 01  378.920 -99 -9999 -999999 -99  1.000000  0.000000
2004 02  379.980 -99 -9999 -999999 -99  1.000000  0.000000
2004 03  380.710 -99 -9999 -999999 -99  1.000000  0.000000
2004 04  380.770 -99 -9999 -999999 -99  1.000000  0.000000
2004 05  380.330 -99 -9999 -999999 -99  1.000000  0.000000
2004 06  378.090 -99 -9999 -999999 -99  1.000000  0.000000
2004 07  375.350 -99 -9999 -999999 -99  1.000000  0.000000
2004 08  373.480 -99 -9999 -999999 -99  1.000000  0.000000
2004 09  374.350 -99 -9999 -999999 -99  1.000000  0.000000
2004 10  376.200 -99 -9999 -999999 -99  1.000000  0.000000
2004 11  377.970 -99 -9999 -999999 -99  1.000000  0.000000
2004 12  379.250 -99 -9999 -999999 -99  1.000000  0.000000
2005 01  380.380 -99 -9999 -999999 -99  1.000000  0.000000
2005 02  382.730 -99 -9999 -999999 -99  1.000000  0.000000
2005 03  384.150 -99 -9999 -999999 -99  1.000000  0.000000
2005 04  384.290 -99 -9999 -999999 -99  1.000000  0.000000
2005 05  382.000 -99 -9999 -999999 -99  1.000000  0.000000
2005 06  378.750 -99 -9999 -999999 -99  1.000000  0.000000
2005 07  378.650 -99 -9999 -999999 -99  1.000000  0.000000
2005 08  377.020 -99 -9999 -999999 -99  1.000000  0.000000
2005 09  375.700 -99 -9999 -999999 -99  1.000000  0.000000
2005 10  377.190 -99 -9999 -999999 -99  1.000000  0.000000
2005 11  379.900 -99 -9999 -999999 -99  1.000000  0.000000
2005 12  383.310 -99 -9999 -999999 -99  1.000000  0.000000
2006 01  384.350 -99 -9999 -999999 -99  1.000000  0.000000
2006 02  384.380 -99 -9999 -999999 -99  1.000000  0.000000
2006 03  385.640 -99 -9999 -999999 -99  1.000000  0.000000
2006 04  386.340 -99 -9999 -999999 -99  1.000000  0.000000
2006 05  384.590 -99 -9999 -999999 -99  1.000000  0.000000
2006 06  381.470 -99 -9999 -999999 -99  1.000000  0.000000
2006 07  379.610 -99 -9999 -999999 -99  1.000000  0.000000
2006 08  378.460 -99 -9999 -999999 -99  1.000000  0.000000
2006 09  378.870 -99 -9999 -999999 -99  1.000000  0.000000
2006 10  381.570 -99 -9999 -999999 -99  1.000000  0.000000
2006 11  382.950 -99 -9999 -999999 -99  1.000000  0.000000
2006 12  383.560 -99 -9999 -999999 -99  1.000000  0.000000
2007 01  384.930 -99 -9999 -999999 -99  1.000000  0.000000
2007 02  385.670 -99 -9999 -999999 -99  1.000000  0.000000
2007 03  386.370 -99 -9999 -999999 -99  1.000000  0.000000
2007 04  388.030 -99 -9999 -999999 -99  1.000000  0.000000
2007 05  387.100 -99 -9999 -999999 -99  1.000000  0.000000
2007 06  383.320 -99 -9999 -999999 -99  1.000000  0.000000
2007 07  381.400 -99 -9999 -999999 -99  1.000000  0.000000
2007 08  380.950 -99 -9999 -999999 -99  1.000000  0.000000
2007 09  380.790 -99 -9999 -999999 -99  1.000000  0.000000
2007 10  381.930 -99 -9999 -999999 -99  1.000000  0.000000
2007 11  383.630 -99 -9999 -999999 -99  1.000000  0.000000
2007 12  385.300 -99 -9999 -999999 -99  1.000000  0.000000
2008 01  388.400 -99 -9999 -999999 -99  1.000000  0.000000
2008 02  389.880 -99 -9999 -999999 -99  1.000000  0.000000
2008 03  389.530 -99 -9999 -999999 -99  1.000000  0.000000
2008 04  390.170 -99 -9999 -999999 -99  1.000000  0.000000
2008 05  389.460 -99 -9999 -999999 -99  1.000000  0.000000
2008 06  386.430 -99 -9999 -999999 -99  1.000000  0.000000
2008 07  382.930 -99 -9999 -999999 -99  1.000000  0.000000
2008 08  380.900 -99 -9999 -999999 -99  1.000000  0.000000
2008 09  381.330 -99 -9999 -999999 -99  1.000000  0.000000
2008 10  384.030 -99 -9999 -999999 -99  1.000000  0.000000
2008 11  386.020 -99 -9999 -999999 -99  1.000000  0.000000
2008 12  387.480 -99 -9999 -999999 -99  1.000000  0.000000
2009 01  389.450 -99 -9999 -999999 -99  1.000000  0.000000
2009 02  390.440 -99 -9999 -999999 -99  1.000000  0.000000
2009 03  390.970 -99 -9999 -999999 -99  1.000000  0.000000
2009 04  391.250 -99 -9999 -999999 -99  1.000000  0.000000
2009 05  389.680 -99 -9999 -999999 -99  1.000000  0.000000
2009 06  386.960 -99 -9999 -999999 -99  1.000000  0.000000
2009 07  386.000 -99 -9999 -999999 -99  1.000000  0.000000
2009 08  385.560 -99 -9999 -999999 -99  1.000000  0.000000
2009 09  384.480 -99 -9999 -999999 -99  1.000000  0.000000
2009 10  385.340 -99 -9999 -999999 -99  1.000000  0.000000
2009 11  387.230 -99 -9999 -999999 -99  1.000000  0.000000
2009 12  388.820 -99 -9999 -999999 -99  1.000000  0.000000
2010 01  390.550 -99 -9999 -999999 -99  1.000000  0.000000
2010 02  392.290 -99 -9999 -999999 -99  1.000000  0.000000
2010 03  392.970 -99 -9999 -999999 -99  1.000000  0.000000
2010 04  393.400 -99 -9999 -999999 -99  1.000000  0.000000
2010 05  393.630 -99 -9999 -999999 -99  1.000000  0.000000
2010 06  391.290 -99 -9999 -999999 -99  1.000000  0.000000
2010 07  388.630 -99 -9999 -999999 -99  1.000000  0.000000
2010 08  386.300 -99 -9999 -999999 -99  1.000000  0.000000
2010 09  386.020 -99 -9999 -999999 -99  1.000000  0.000000
2010 10  388.610 -99 -9999 -999999 -99  1.000000  0.000000
2010 11  390.970 -99 -9999 -999999 -99  1.000000  0.000000
2010 12  392.190 -99 -9999 -999999 -99  1.000000  0.000000
2011 01  393.840 -99 -9999 -999999 -99  1.000000  0.000000
2011 02  395.470 -99 -9999 -999999 -99  1.000000  0.000000
2011 03  396.660 -99 -9999 -999999 -99  1.000000  0.000000
2011 04  397.190 -99 -9999 -999999 -99  1.000000  0.000000
2011 05  395.280 -99 -9999 -999999 -99  1.000000  0.000000
2011 06  392.820 -99 -9999 -999999 -99  1.000000  0.000000
2011 07  391.820 -99 -9999 -999999 -99  1.000000  0.000000
2011 08  389.490 -99 -9999 -999999 -99  1.000000  0.000000
2011 09  388.410 -99 -9999 -999999 -99  1.000000  0.000000
2011 10  390.490 -99 -9999 -999999 -99  1.000000  0.000000
2011 11  392.860 -99 -9999 -999999 -99  1.000000  0.000000
2011 12  393.860 -99 -9999 -999999 -99  1.000000  0.000000
2012 01  395.420 -99 -9999 -999999 -99  1.000000  0.000000
2012 02  396.820 -99 -9999 -999999 -99  1.000000  0.000000
2012 03  397.640 -99 -9999 -999999 -99  1.000000  0.000000
2012 04  397.740 -99 -9999 -999999 -99  1.000000  0.000000
2012 05  395.670 -99 -9999 -999999 -99  1.000000  0.000000
2012 06  394.270 -99 -9999 -999999 -99  1.000000  0.000000
2012 07  393.050 -99 -9999 -999999 -99  1.000000  0.000000
2012 08  390.730 -99 -9999 -999999 -99  1.000000  0.000000
2012 09  390.790 -99 -9999 -999999 -99  1.000000  0.000000
2012 10  392.460 -99 -9999 -999999 -99  1.000000  0.000000
2012 11  394.550 -99 -9999 -999999 -99  1.000000  0.000000
2012 12  396.890 -99 -9999 -999999 -99  1.000000  0.000000
2013 01  398.130 -99 -9999 -999999 -99  1.000000  0.000000
2013 02  399.250 -99 -9999 -999999 -99  1.000000  0.000000
2013 03  400.090 -99 -9999 -999999 -99  1.000000  0.000000
2013 04  400.530 -99 -9999 -999999 -99  1.000000  0.000000
2013 05  400.090 -99 -9999 -999999 -99  1.000000  0.000000
2013 06  398.050 -99 -9999 -999999 -99  1.000000  0.000000
2013 07  395.420 -99 -9999 -999999 -99  1.000000  0.000000
2013 08  393.120 -99 -9999 -999999 -99  1.000000  0.000000
2013 09  392.860 -99 -9999 -999999 -99  1.000000  0.000000
2013 10  394.880 -99 -9999 -999999 -99  1.000000  0.000000
2013 11  397.480 -99 -9999 -999999 -99  1.000000  0.000000
2013 12  399.060 -99 -9999 -999999 -99  1.000000  0.000000
2014 01  400.190 -99 -9999 -999999 -99  1.000000  0.000000
2014 02  401.390 -99 -9999 -999999 -99  1.000000  0.000000
2014 03  402.400 -99 -9999 -999999 -99  1.000000  0.000000
2014 04  403.680 -99 -9999 -999999 -99  1.000000  0.000000
2014 05  403.210 -99 -9999 -999999 -99  1.000000  0.000000
2014 06  399.160 -99 -9999 -999999 -99  1.000000  0.000000
2014 07  395.570 -99 -9999 -999999 -99  1.000000  0.000000
2014 08  394.950 -99 -9999 -999999 -99  1.000000  0.000000
2014 09  395.460 -99 -9999 -999999 -99  1.000000  0.000000
2014 10  397.030 -99 -9999 -999999 -99  1.000000  0.000000
2014 11  399.270 -99 -9999 -999999 -99  1.000000  0.000000
2014 12  400.750 -99 -9999 -999999 -99  1.000000  0.000000
2015 01  401.580 -99 -9999 -999999 -99  1.000000  0.000000
2015 02  403.470 -99 -9999 -999999 -99  1.000000  0.000000
2015 03  404.520 -99 -9999 -999999 -99  1.000000  0.000000
2015 04  404.710 -99 -9999 -999999 -99  1.000000  0.000000
2015 05  404.290 -99 -9999 -999999 -99  1.000000  0.000000
2015 06  400.910 -99 -9999 -999999 -99  1.000000  0.000000
2015 07  397.070 -99 -9999 -999999 -99  1.000000  0.000000
2015 08  395.910 -99 -9999 -999999 -99  1.000000  0.000000
2015 09  396.930 -99 -9999 -999999 -99  1.000000  0.000000
2015 10  399.000 -99 -9999 -999999 -99  1.000000  0.000000
2015 11  402.140 -99 -9999 -999999 -99  1.000000  0.000000
2015 12  404.630 -99 -9999 -999999 -99  1.000000  0.000000
2016 01  405.580 -99 -9999 -999999 -99  1.000000  0.000000
2016 02  406.640 -99 -9999 -999999 -99  1.000000  0.000000
2016 03  407.440 -99 -9999 -999999 -99  1.000000  0.000000
2016 04  408.220 -99 -9999 -999999 -99  1.000000  0.000000
2016 05  406.980 -99 -9999 -999999 -99  1.000000  0.000000
2016 06  404.950 -99 -9999 -999999 -99  1.000000  0.000000
2016 07  403.610 -99 -9999 -999999 -99  1.000000  0.000000
2016 08  401.120 -99 -9999 -999999 -99  1.000000  0.000000
2016 09  400.420 -99 -9999 -999999 -99  1.000000  0.000000
2016 10  402.670 -99 -9999 -999999 -99  1.000000  0.000000
2016 11  406.360 -99 -9999 -999999 -99  1.000000  0.000000
2016 12  408.040 -99 -9999 -999999 -99  1.000000  0.000000
2017 01  408.330 -99 -9999 -999999 -99  1.000000  0.000000
2017 02  409.550 -99 -9999 -999999 -99  1.000000  0.000000
2017 03  410.810 -99 -9999 -999999 -99  1.000000  0.000000
2017 04  410.790 -99 -9999 -999999 -99  1.000000  0.000000
2017 05  408.760 -99 -9999 -999999 -99  1.000000  0.000000
2017 06  406.770 -99 -9999 -999999 -99  1.000000  0.000000
2017 07  404.830 -99 -9999 -999999 -99  1.000000  0.000000
2017 08  402.410 -99 -9999 -999999 -99  1.000000  0.000000
2017 09  402.840 -99 -9999 -999999 -99  1.000000  0.000000
2017 10  405.490 -99 -9999 -999999 -99  1.000000  0.000000
2017 11  407.560 -99 -9999 -999999 -99  1.000000  0.000000
2017 12  408.290 -99 -9999 -999999 -99  1.000000  0.000000
