REM01  EXPLANATORY 25-LINE FOR THE MONTHLY DATA
REM02  FILENAME: co2_oxk_surface-flask_2_3001-9999_monthly.txt
REM03  STATION: Ochsenkopf
REM04  CATEGORY: GAW Other elements
REM05  COUNTRY/TERRITORY: Germany
REM06  SUBMITTED BY: NOAA
REM07  LATITUDE:   50 02' N
REM08  LONGITUDE:  11 49' E
REM09  ALTITUDE:     1185 m
REM10  RATIO: 1.000000 0.000000
REM11  PARAMETER: CO2
REM12  COVERING PERIOD: July 2006 - December 2017
REM13  UNIT: ppm
REM14  ANALYSIS: NDIR(2006-07-01 - 2017-12-01)
REM15  SAMPLING TYPE: surface-flask
REM16  CLASSIFICATION: Background observation
REM17  CALIBRATION: WMO CO2 X2007(2006-07-01 - 2017-12-01)
REM18  TABLENAME: OXK650N002f1
REM19  CALCULATION: contributor
REM20  REGISTRATION: 2018-09-25
REM21
REM22  COMMENT: Dataset was made from entire historical data provided from contributor from 2018 new WDCGG website open onward
REM23
REM24 M      CO2   V    ND      SD   F   RATIO_A   RATIO_B
REM25        ppm
2006 07  383.480 -99 -9999 -999999 -99  1.000000  0.000000
2006 08  376.650 -99 -9999 -999999 -99  1.000000  0.000000
2006 09  377.330 -99 -9999 -999999 -99  1.000000  0.000000
2006 10  382.300 -99 -9999 -999999 -99  1.000000  0.000000
2006 11  388.400 -99 -9999 -999999 -99  1.000000  0.000000
2006 12  393.440 -99 -9999 -999999 -99  1.000000  0.000000
2007 01  395.190 -99 -9999 -999999 -99  1.000000  0.000000
2007 02  394.240 -99 -9999 -999999 -99  1.000000  0.000000
2007 03  389.690 -99 -9999 -999999 -99  1.000000  0.000000
2007 04  384.780 -99 -9999 -999999 -99  1.000000  0.000000
2007 05  383.010 -99 -9999 -999999 -99  1.000000  0.000000
2007 06  382.980 -99 -9999 -999999 -99  1.000000  0.000000
2007 07  384.480 -99 -9999 -999999 -99  1.000000  0.000000
2007 08  381.220 -99 -9999 -999999 -99  1.000000  0.000000
2007 09  384.310 -99 -9999 -999999 -99  1.000000  0.000000
2007 10  395.730 -99 -9999 -999999 -99  1.000000  0.000000
2007 11  392.640 -99 -9999 -999999 -99  1.000000  0.000000
2007 12  388.830 -99 -9999 -999999 -99  1.000000  0.000000
2008 01  398.480 -99 -9999 -999999 -99  1.000000  0.000000
2008 02  403.710 -99 -9999 -999999 -99  1.000000  0.000000
2008 03  401.200 -99 -9999 -999999 -99  1.000000  0.000000
2008 04  394.410 -99 -9999 -999999 -99  1.000000  0.000000
2008 05  386.780 -99 -9999 -999999 -99  1.000000  0.000000
2008 06  383.480 -99 -9999 -999999 -99  1.000000  0.000000
2008 10  385.220 -99 -9999 -999999 -99  1.000000  0.000000
2008 11  394.070 -99 -9999 -999999 -99  1.000000  0.000000
2008 12  396.350 -99 -9999 -999999 -99  1.000000  0.000000
2009 01  393.290 -99 -9999 -999999 -99  1.000000  0.000000
2009 02  397.100 -99 -9999 -999999 -99  1.000000  0.000000
2009 03  398.660 -99 -9999 -999999 -99  1.000000  0.000000
2009 04  393.510 -99 -9999 -999999 -99  1.000000  0.000000
2009 05  387.630 -99 -9999 -999999 -99  1.000000  0.000000
2009 06  384.530 -99 -9999 -999999 -99  1.000000  0.000000
2009 07  384.100 -99 -9999 -999999 -99  1.000000  0.000000
2009 08  383.120 -99 -9999 -999999 -99  1.000000  0.000000
2009 09  386.170 -99 -9999 -999999 -99  1.000000  0.000000
2009 10  392.640 -99 -9999 -999999 -99  1.000000  0.000000
2009 11  394.370 -99 -9999 -999999 -99  1.000000  0.000000
2009 12  394.260 -99 -9999 -999999 -99  1.000000  0.000000
2010 01  396.730 -99 -9999 -999999 -99  1.000000  0.000000
2010 02  400.270 -99 -9999 -999999 -99  1.000000  0.000000
2010 03  398.860 -99 -9999 -999999 -99  1.000000  0.000000
2010 04  395.060 -99 -9999 -999999 -99  1.000000  0.000000
2010 05  391.290 -99 -9999 -999999 -99  1.000000  0.000000
2010 06  385.830 -99 -9999 -999999 -99  1.000000  0.000000
2010 07  383.870 -99 -9999 -999999 -99  1.000000  0.000000
2010 08  383.020 -99 -9999 -999999 -99  1.000000  0.000000
2010 09  385.220 -99 -9999 -999999 -99  1.000000  0.000000
2010 10  395.230 -99 -9999 -999999 -99  1.000000  0.000000
2010 11  400.170 -99 -9999 -999999 -99  1.000000  0.000000
2010 12  398.930 -99 -9999 -999999 -99  1.000000  0.000000
2011 01  398.590 -99 -9999 -999999 -99  1.000000  0.000000
2011 02  399.450 -99 -9999 -999999 -99  1.000000  0.000000
2011 03  398.970 -99 -9999 -999999 -99  1.000000  0.000000
2011 04  394.630 -99 -9999 -999999 -99  1.000000  0.000000
2011 05  392.910 -99 -9999 -999999 -99  1.000000  0.000000
2011 06  392.420 -99 -9999 -999999 -99  1.000000  0.000000
2011 07  387.450 -99 -9999 -999999 -99  1.000000  0.000000
2011 08  382.860 -99 -9999 -999999 -99  1.000000  0.000000
2011 09  385.300 -99 -9999 -999999 -99  1.000000  0.000000
2011 10  391.870 -99 -9999 -999999 -99  1.000000  0.000000
2011 11  395.290 -99 -9999 -999999 -99  1.000000  0.000000
2011 12  398.230 -99 -9999 -999999 -99  1.000000  0.000000
2012 01  399.270 -99 -9999 -999999 -99  1.000000  0.000000
2012 02  399.090 -99 -9999 -999999 -99  1.000000  0.000000
2012 03  400.140 -99 -9999 -999999 -99  1.000000  0.000000
2012 04  399.670 -99 -9999 -999999 -99  1.000000  0.000000
2012 05  395.110 -99 -9999 -999999 -99  1.000000  0.000000
2012 06  391.270 -99 -9999 -999999 -99  1.000000  0.000000
2012 07  386.500 -99 -9999 -999999 -99  1.000000  0.000000
2012 08  383.920 -99 -9999 -999999 -99  1.000000  0.000000
2012 09  389.410 -99 -9999 -999999 -99  1.000000  0.000000
2012 10  394.770 -99 -9999 -999999 -99  1.000000  0.000000
2012 11  399.550 -99 -9999 -999999 -99  1.000000  0.000000
2012 12  402.240 -99 -9999 -999999 -99  1.000000  0.000000
2013 01  403.350 -99 -9999 -999999 -99  1.000000  0.000000
2013 02  406.000 -99 -9999 -999999 -99  1.000000  0.000000
2013 03  406.660 -99 -9999 -999999 -99  1.000000  0.000000
2013 04  403.580 -99 -9999 -999999 -99  1.000000  0.000000
2013 05  398.480 -99 -9999 -999999 -99  1.000000  0.000000
2013 06  391.850 -99 -9999 -999999 -99  1.000000  0.000000
2013 07  388.560 -99 -9999 -999999 -99  1.000000  0.000000
2013 08  388.560 -99 -9999 -999999 -99  1.000000  0.000000
2013 09  393.550 -99 -9999 -999999 -99  1.000000  0.000000
2013 10  401.250 -99 -9999 -999999 -99  1.000000  0.000000
2013 11  400.740 -99 -9999 -999999 -99  1.000000  0.000000
2013 12  400.950 -99 -9999 -999999 -99  1.000000  0.000000
2014 01  405.320 -99 -9999 -999999 -99  1.000000  0.000000
2014 02  407.660 -99 -9999 -999999 -99  1.000000  0.000000
2014 03  406.730 -99 -9999 -999999 -99  1.000000  0.000000
2014 04  402.900 -99 -9999 -999999 -99  1.000000  0.000000
2014 05  397.530 -99 -9999 -999999 -99  1.000000  0.000000
2014 06  399.230 -99 -9999 -999999 -99  1.000000  0.000000
2014 07  399.460 -99 -9999 -999999 -99  1.000000  0.000000
2014 08  392.020 -99 -9999 -999999 -99  1.000000  0.000000
2014 09  393.030 -99 -9999 -999999 -99  1.000000  0.000000
2014 10  400.730 -99 -9999 -999999 -99  1.000000  0.000000
2014 11  406.000 -99 -9999 -999999 -99  1.000000  0.000000
2014 12  406.830 -99 -9999 -999999 -99  1.000000  0.000000
2015 01  407.560 -99 -9999 -999999 -99  1.000000  0.000000
2015 02  410.030 -99 -9999 -999999 -99  1.000000  0.000000
2015 03  408.400 -99 -9999 -999999 -99  1.000000  0.000000
2015 04  405.070 -99 -9999 -999999 -99  1.000000  0.000000
2015 05  400.280 -99 -9999 -999999 -99  1.000000  0.000000
2015 06  397.520 -99 -9999 -999999 -99  1.000000  0.000000
2015 07  397.020 -99 -9999 -999999 -99  1.000000  0.000000
2015 08  392.530 -99 -9999 -999999 -99  1.000000  0.000000
2015 09  394.460 -99 -9999 -999999 -99  1.000000  0.000000
2015 10  402.340 -99 -9999 -999999 -99  1.000000  0.000000
2015 11  407.180 -99 -9999 -999999 -99  1.000000  0.000000
2015 12  409.990 -99 -9999 -999999 -99  1.000000  0.000000
2016 01  410.210 -99 -9999 -999999 -99  1.000000  0.000000
2016 02  411.090 -99 -9999 -999999 -99  1.000000  0.000000
2016 03  411.330 -99 -9999 -999999 -99  1.000000  0.000000
2016 04  408.600 -99 -9999 -999999 -99  1.000000  0.000000
2016 05  406.350 -99 -9999 -999999 -99  1.000000  0.000000
2016 06  403.620 -99 -9999 -999999 -99  1.000000  0.000000
2016 07  399.880 -99 -9999 -999999 -99  1.000000  0.000000
2016 08  396.270 -99 -9999 -999999 -99  1.000000  0.000000
2016 09  397.960 -99 -9999 -999999 -99  1.000000  0.000000
2016 10  408.370 -99 -9999 -999999 -99  1.000000  0.000000
2016 11  412.300 -99 -9999 -999999 -99  1.000000  0.000000
2016 12  411.080 -99 -9999 -999999 -99  1.000000  0.000000
2017 01  416.130 -99 -9999 -999999 -99  1.000000  0.000000
2017 02  416.920 -99 -9999 -999999 -99  1.000000  0.000000
2017 03  414.520 -99 -9999 -999999 -99  1.000000  0.000000
2017 04  414.700 -99 -9999 -999999 -99  1.000000  0.000000
2017 05  410.180 -99 -9999 -999999 -99  1.000000  0.000000
2017 06  403.130 -99 -9999 -999999 -99  1.000000  0.000000
2017 07  402.080 -99 -9999 -999999 -99  1.000000  0.000000
2017 08  400.060 -99 -9999 -999999 -99  1.000000  0.000000
2017 09  402.100 -99 -9999 -999999 -99  1.000000  0.000000
2017 10  409.360 -99 -9999 -999999 -99  1.000000  0.000000
2017 11  413.470 -99 -9999 -999999 -99  1.000000  0.000000
2017 12  414.050 -99 -9999 -999999 -99  1.000000  0.000000
