REM01  EXPLANATORY 25-LINE FOR THE MONTHLY DATA
REM02  FILENAME: co2_poc_ship-flask_2_3001-3017_monthly.txt
REM03  STATION: Pacific Ocean
REM04  CATEGORY: Mobile
REM05  COUNTRY/TERRITORY: United States of America
REM06  SUBMITTED BY: NOAA
REM07  LATITUDE:   30 00' S
REM08  LONGITUDE: 176 00' W
REM09  ALTITUDE:       10 m
REM10  RATIO: 1.000000 0.000000
REM11  PARAMETER: CO2
REM12  COVERING PERIOD: December 1986 - July 2017
REM13  UNIT: ppm
REM14  ANALYSIS: NDIR(1986-12-01 - 2017-07-01)
REM15  SAMPLING TYPE: ship-flask
REM16  CLASSIFICATION: Background observation
REM17  CALIBRATION: WMO CO2 X2007(1986-12-01 - 2017-07-01)
REM18  TABLENAME: POC830S002f1
REM19  CALCULATION: contributor
REM20  REGISTRATION: 2018-09-25
REM21
REM22  COMMENT: Dataset was made from entire historical data provided from contributor from 2018 new WDCGG website open onward
REM23
REM24 M      CO2   V    ND      SD   F   RATIO_A   RATIO_B
REM25        ppm
1986 12  345.880 -99 -9999 -999999 -99  1.000000  0.000000
1987 01  345.910 -99 -9999 -999999 -99  1.000000  0.000000
1987 02  345.950 -99 -9999 -999999 -99  1.000000  0.000000
1987 03  346.050 -99 -9999 -999999 -99  1.000000  0.000000
1987 04  346.310 -99 -9999 -999999 -99  1.000000  0.000000
1987 05  346.730 -99 -9999 -999999 -99  1.000000  0.000000
1987 06  347.340 -99 -9999 -999999 -99  1.000000  0.000000
1987 07  347.920 -99 -9999 -999999 -99  1.000000  0.000000
1987 08  348.350 -99 -9999 -999999 -99  1.000000  0.000000
1987 09  348.640 -99 -9999 -999999 -99  1.000000  0.000000
1987 10  348.880 -99 -9999 -999999 -99  1.000000  0.000000
1987 11  349.200 -99 -9999 -999999 -99  1.000000  0.000000
1987 12  349.460 -99 -9999 -999999 -99  1.000000  0.000000
1988 01  349.500 -99 -9999 -999999 -99  1.000000  0.000000
1988 02  349.250 -99 -9999 -999999 -99  1.000000  0.000000
1988 03  348.850 -99 -9999 -999999 -99  1.000000  0.000000
1988 04  348.640 -99 -9999 -999999 -99  1.000000  0.000000
1988 05  348.780 -99 -9999 -999999 -99  1.000000  0.000000
1988 06  349.290 -99 -9999 -999999 -99  1.000000  0.000000
1988 07  349.850 -99 -9999 -999999 -99  1.000000  0.000000
1988 08  350.320 -99 -9999 -999999 -99  1.000000  0.000000
1988 09  350.540 -99 -9999 -999999 -99  1.000000  0.000000
1988 10  350.610 -99 -9999 -999999 -99  1.000000  0.000000
1988 11  350.700 -99 -9999 -999999 -99  1.000000  0.000000
1988 12  350.870 -99 -9999 -999999 -99  1.000000  0.000000
1989 01  351.040 -99 -9999 -999999 -99  1.000000  0.000000
1989 02  351.080 -99 -9999 -999999 -99  1.000000  0.000000
1989 03  350.990 -99 -9999 -999999 -99  1.000000  0.000000
1989 04  350.880 -99 -9999 -999999 -99  1.000000  0.000000
1989 05  350.890 -99 -9999 -999999 -99  1.000000  0.000000
1989 06  351.090 -99 -9999 -999999 -99  1.000000  0.000000
1989 07  351.380 -99 -9999 -999999 -99  1.000000  0.000000
1989 08  351.610 -99 -9999 -999999 -99  1.000000  0.000000
1989 09  351.710 -99 -9999 -999999 -99  1.000000  0.000000
1989 10  351.760 -99 -9999 -999999 -99  1.000000  0.000000
1989 11  351.820 -99 -9999 -999999 -99  1.000000  0.000000
1989 12  351.920 -99 -9999 -999999 -99  1.000000  0.000000
1990 01  352.020 -99 -9999 -999999 -99  1.000000  0.000000
1990 02  352.040 -99 -9999 -999999 -99  1.000000  0.000000
1990 03  352.010 -99 -9999 -999999 -99  1.000000  0.000000
1990 04  352.040 -99 -9999 -999999 -99  1.000000  0.000000
1990 05  352.220 -99 -9999 -999999 -99  1.000000  0.000000
1990 06  352.490 -99 -9999 -999999 -99  1.000000  0.000000
1990 07  352.770 -99 -9999 -999999 -99  1.000000  0.000000
1990 08  352.890 -99 -9999 -999999 -99  1.000000  0.000000
1990 09  352.860 -99 -9999 -999999 -99  1.000000  0.000000
1990 10  352.810 -99 -9999 -999999 -99  1.000000  0.000000
1990 11  352.910 -99 -9999 -999999 -99  1.000000  0.000000
1990 12  353.140 -99 -9999 -999999 -99  1.000000  0.000000
1991 01  353.340 -99 -9999 -999999 -99  1.000000  0.000000
1991 02  353.370 -99 -9999 -999999 -99  1.000000  0.000000
1991 03  353.240 -99 -9999 -999999 -99  1.000000  0.000000
1991 04  353.080 -99 -9999 -999999 -99  1.000000  0.000000
1991 05  353.100 -99 -9999 -999999 -99  1.000000  0.000000
1991 06  353.350 -99 -9999 -999999 -99  1.000000  0.000000
1991 07  353.750 -99 -9999 -999999 -99  1.000000  0.000000
1991 08  354.050 -99 -9999 -999999 -99  1.000000  0.000000
1991 09  354.120 -99 -9999 -999999 -99  1.000000  0.000000
1991 10  354.040 -99 -9999 -999999 -99  1.000000  0.000000
1991 11  353.970 -99 -9999 -999999 -99  1.000000  0.000000
1991 12  353.970 -99 -9999 -999999 -99  1.000000  0.000000
1992 01  354.010 -99 -9999 -999999 -99  1.000000  0.000000
1992 02  354.010 -99 -9999 -999999 -99  1.000000  0.000000
1992 03  353.990 -99 -9999 -999999 -99  1.000000  0.000000
1992 04  354.070 -99 -9999 -999999 -99  1.000000  0.000000
1992 05  354.340 -99 -9999 -999999 -99  1.000000  0.000000
1992 06  354.820 -99 -9999 -999999 -99  1.000000  0.000000
1992 07  355.280 -99 -9999 -999999 -99  1.000000  0.000000
1992 08  355.460 -99 -9999 -999999 -99  1.000000  0.000000
1992 09  355.330 -99 -9999 -999999 -99  1.000000  0.000000
1992 10  355.110 -99 -9999 -999999 -99  1.000000  0.000000
1992 11  354.990 -99 -9999 -999999 -99  1.000000  0.000000
1992 12  355.060 -99 -9999 -999999 -99  1.000000  0.000000
1993 01  355.190 -99 -9999 -999999 -99  1.000000  0.000000
1993 02  355.230 -99 -9999 -999999 -99  1.000000  0.000000
1993 03  355.140 -99 -9999 -999999 -99  1.000000  0.000000
1993 04  355.040 -99 -9999 -999999 -99  1.000000  0.000000
1993 05  355.120 -99 -9999 -999999 -99  1.000000  0.000000
1993 06  355.380 -99 -9999 -999999 -99  1.000000  0.000000
1993 07  355.650 -99 -9999 -999999 -99  1.000000  0.000000
1993 08  355.800 -99 -9999 -999999 -99  1.000000  0.000000
1993 09  355.780 -99 -9999 -999999 -99  1.000000  0.000000
1993 10  355.770 -99 -9999 -999999 -99  1.000000  0.000000
1993 11  355.920 -99 -9999 -999999 -99  1.000000  0.000000
1993 12  356.210 -99 -9999 -999999 -99  1.000000  0.000000
1994 01  356.430 -99 -9999 -999999 -99  1.000000  0.000000
1994 02  356.420 -99 -9999 -999999 -99  1.000000  0.000000
1994 12  358.030 -99 -9999 -999999 -99  1.000000  0.000000
1995 01  358.260 -99 -9999 -999999 -99  1.000000  0.000000
1995 02  358.370 -99 -9999 -999999 -99  1.000000  0.000000
1995 03  358.310 -99 -9999 -999999 -99  1.000000  0.000000
1995 04  358.190 -99 -9999 -999999 -99  1.000000  0.000000
1995 05  358.160 -99 -9999 -999999 -99  1.000000  0.000000
1995 06  358.310 -99 -9999 -999999 -99  1.000000  0.000000
1995 07  358.610 -99 -9999 -999999 -99  1.000000  0.000000
1995 08  358.920 -99 -9999 -999999 -99  1.000000  0.000000
1995 09  359.150 -99 -9999 -999999 -99  1.000000  0.000000
1995 10  359.380 -99 -9999 -999999 -99  1.000000  0.000000
1995 11  359.630 -99 -9999 -999999 -99  1.000000  0.000000
1995 12  359.850 -99 -9999 -999999 -99  1.000000  0.000000
1996 01  359.980 -99 -9999 -999999 -99  1.000000  0.000000
1996 02  359.960 -99 -9999 -999999 -99  1.000000  0.000000
1996 03  359.880 -99 -9999 -999999 -99  1.000000  0.000000
1996 04  359.890 -99 -9999 -999999 -99  1.000000  0.000000
1996 05  360.120 -99 -9999 -999999 -99  1.000000  0.000000
1996 06  360.460 -99 -9999 -999999 -99  1.000000  0.000000
1996 07  360.740 -99 -9999 -999999 -99  1.000000  0.000000
1996 08  360.790 -99 -9999 -999999 -99  1.000000  0.000000
1996 09  360.650 -99 -9999 -999999 -99  1.000000  0.000000
1996 10  360.570 -99 -9999 -999999 -99  1.000000  0.000000
1996 11  360.680 -99 -9999 -999999 -99  1.000000  0.000000
1996 12  360.930 -99 -9999 -999999 -99  1.000000  0.000000
1997 01  361.100 -99 -9999 -999999 -99  1.000000  0.000000
1997 02  361.020 -99 -9999 -999999 -99  1.000000  0.000000
1997 03  360.740 -99 -9999 -999999 -99  1.000000  0.000000
1997 04  360.540 -99 -9999 -999999 -99  1.000000  0.000000
1997 05  360.630 -99 -9999 -999999 -99  1.000000  0.000000
1997 06  361.020 -99 -9999 -999999 -99  1.000000  0.000000
1997 07  361.480 -99 -9999 -999999 -99  1.000000  0.000000
1997 08  361.740 -99 -9999 -999999 -99  1.000000  0.000000
1997 09  361.810 -99 -9999 -999999 -99  1.000000  0.000000
1997 10  361.830 -99 -9999 -999999 -99  1.000000  0.000000
1998 07  364.360 -99 -9999 -999999 -99  1.000000  0.000000
1998 08  364.880 -99 -9999 -999999 -99  1.000000  0.000000
1998 09  365.190 -99 -9999 -999999 -99  1.000000  0.000000
1998 10  365.300 -99 -9999 -999999 -99  1.000000  0.000000
1998 11  365.380 -99 -9999 -999999 -99  1.000000  0.000000
1998 12  365.450 -99 -9999 -999999 -99  1.000000  0.000000
1999 01  365.460 -99 -9999 -999999 -99  1.000000  0.000000
1999 02  365.390 -99 -9999 -999999 -99  1.000000  0.000000
1999 03  365.250 -99 -9999 -999999 -99  1.000000  0.000000
1999 04  365.190 -99 -9999 -999999 -99  1.000000  0.000000
1999 05  365.370 -99 -9999 -999999 -99  1.000000  0.000000
1999 06  365.750 -99 -9999 -999999 -99  1.000000  0.000000
1999 07  366.140 -99 -9999 -999999 -99  1.000000  0.000000
1999 08  366.490 -99 -9999 -999999 -99  1.000000  0.000000
1999 09  366.730 -99 -9999 -999999 -99  1.000000  0.000000
1999 10  366.890 -99 -9999 -999999 -99  1.000000  0.000000
1999 11  367.090 -99 -9999 -999999 -99  1.000000  0.000000
1999 12  367.260 -99 -9999 -999999 -99  1.000000  0.000000
2002 07  371.040 -99 -9999 -999999 -99  1.000000  0.000000
2002 08  371.500 -99 -9999 -999999 -99  1.000000  0.000000
2002 09  371.760 -99 -9999 -999999 -99  1.000000  0.000000
2002 10  371.950 -99 -9999 -999999 -99  1.000000  0.000000
2002 11  372.160 -99 -9999 -999999 -99  1.000000  0.000000
2002 12  372.470 -99 -9999 -999999 -99  1.000000  0.000000
2003 01  372.720 -99 -9999 -999999 -99  1.000000  0.000000
2003 02  372.750 -99 -9999 -999999 -99  1.000000  0.000000
2003 03  372.620 -99 -9999 -999999 -99  1.000000  0.000000
2003 04  372.510 -99 -9999 -999999 -99  1.000000  0.000000
2003 05  372.620 -99 -9999 -999999 -99  1.000000  0.000000
2003 06  372.980 -99 -9999 -999999 -99  1.000000  0.000000
2003 07  373.410 -99 -9999 -999999 -99  1.000000  0.000000
2003 08  373.640 -99 -9999 -999999 -99  1.000000  0.000000
2003 09  373.690 -99 -9999 -999999 -99  1.000000  0.000000
2003 10  373.670 -99 -9999 -999999 -99  1.000000  0.000000
2003 11  373.790 -99 -9999 -999999 -99  1.000000  0.000000
2003 12  374.110 -99 -9999 -999999 -99  1.000000  0.000000
2004 01  374.470 -99 -9999 -999999 -99  1.000000  0.000000
2004 02  374.630 -99 -9999 -999999 -99  1.000000  0.000000
2004 03  374.590 -99 -9999 -999999 -99  1.000000  0.000000
2004 04  374.480 -99 -9999 -999999 -99  1.000000  0.000000
2004 05  374.530 -99 -9999 -999999 -99  1.000000  0.000000
2004 06  374.810 -99 -9999 -999999 -99  1.000000  0.000000
2004 07  375.170 -99 -9999 -999999 -99  1.000000  0.000000
2004 08  375.510 -99 -9999 -999999 -99  1.000000  0.000000
2004 09  375.710 -99 -9999 -999999 -99  1.000000  0.000000
2004 10  375.840 -99 -9999 -999999 -99  1.000000  0.000000
2004 11  376.030 -99 -9999 -999999 -99  1.000000  0.000000
2004 12  376.260 -99 -9999 -999999 -99  1.000000  0.000000
2005 01  376.400 -99 -9999 -999999 -99  1.000000  0.000000
2005 02  376.360 -99 -9999 -999999 -99  1.000000  0.000000
2005 03  376.250 -99 -9999 -999999 -99  1.000000  0.000000
2005 04  376.210 -99 -9999 -999999 -99  1.000000  0.000000
2005 05  376.430 -99 -9999 -999999 -99  1.000000  0.000000
2005 06  376.850 -99 -9999 -999999 -99  1.000000  0.000000
2005 07  377.230 -99 -9999 -999999 -99  1.000000  0.000000
2005 08  377.430 -99 -9999 -999999 -99  1.000000  0.000000
2005 09  377.430 -99 -9999 -999999 -99  1.000000  0.000000
2005 10  377.420 -99 -9999 -999999 -99  1.000000  0.000000
2005 11  377.630 -99 -9999 -999999 -99  1.000000  0.000000
2005 12  378.000 -99 -9999 -999999 -99  1.000000  0.000000
2006 01  378.420 -99 -9999 -999999 -99  1.000000  0.000000
2006 02  378.590 -99 -9999 -999999 -99  1.000000  0.000000
2006 03  378.490 -99 -9999 -999999 -99  1.000000  0.000000
2006 04  378.310 -99 -9999 -999999 -99  1.000000  0.000000
2006 05  378.280 -99 -9999 -999999 -99  1.000000  0.000000
2006 06  378.510 -99 -9999 -999999 -99  1.000000  0.000000
2006 07  378.880 -99 -9999 -999999 -99  1.000000  0.000000
2006 08  379.150 -99 -9999 -999999 -99  1.000000  0.000000
2006 09  379.220 -99 -9999 -999999 -99  1.000000  0.000000
2006 10  379.230 -99 -9999 -999999 -99  1.000000  0.000000
2006 11  379.350 -99 -9999 -999999 -99  1.000000  0.000000
2006 12  379.600 -99 -9999 -999999 -99  1.000000  0.000000
2007 01  379.930 -99 -9999 -999999 -99  1.000000  0.000000
2007 02  380.120 -99 -9999 -999999 -99  1.000000  0.000000
2007 03  380.120 -99 -9999 -999999 -99  1.000000  0.000000
2007 04  380.060 -99 -9999 -999999 -99  1.000000  0.000000
2007 05  380.150 -99 -9999 -999999 -99  1.000000  0.000000
2007 06  380.440 -99 -9999 -999999 -99  1.000000  0.000000
2007 07  380.910 -99 -9999 -999999 -99  1.000000  0.000000
2007 08  381.330 -99 -9999 -999999 -99  1.000000  0.000000
2007 09  381.570 -99 -9999 -999999 -99  1.000000  0.000000
2007 10  381.710 -99 -9999 -999999 -99  1.000000  0.000000
2007 11  381.850 -99 -9999 -999999 -99  1.000000  0.000000
2007 12  382.020 -99 -9999 -999999 -99  1.000000  0.000000
2008 01  382.150 -99 -9999 -999999 -99  1.000000  0.000000
2008 02  382.150 -99 -9999 -999999 -99  1.000000  0.000000
2008 03  382.060 -99 -9999 -999999 -99  1.000000  0.000000
2008 04  381.980 -99 -9999 -999999 -99  1.000000  0.000000
2008 05  382.060 -99 -9999 -999999 -99  1.000000  0.000000
2008 06  382.320 -99 -9999 -999999 -99  1.000000  0.000000
2008 07  382.620 -99 -9999 -999999 -99  1.000000  0.000000
2008 08  382.830 -99 -9999 -999999 -99  1.000000  0.000000
2008 09  383.030 -99 -9999 -999999 -99  1.000000  0.000000
2008 10  383.330 -99 -9999 -999999 -99  1.000000  0.000000
2008 11  383.750 -99 -9999 -999999 -99  1.000000  0.000000
2008 12  384.300 -99 -9999 -999999 -99  1.000000  0.000000
2009 01  384.670 -99 -9999 -999999 -99  1.000000  0.000000
2009 02  384.650 -99 -9999 -999999 -99  1.000000  0.000000
2009 03  384.290 -99 -9999 -999999 -99  1.000000  0.000000
2009 04  383.890 -99 -9999 -999999 -99  1.000000  0.000000
2009 05  383.770 -99 -9999 -999999 -99  1.000000  0.000000
2009 06  384.000 -99 -9999 -999999 -99  1.000000  0.000000
2009 07  384.410 -99 -9999 -999999 -99  1.000000  0.000000
2009 08  384.760 -99 -9999 -999999 -99  1.000000  0.000000
2009 09  384.990 -99 -9999 -999999 -99  1.000000  0.000000
2009 10  385.170 -99 -9999 -999999 -99  1.000000  0.000000
2009 11  385.470 -99 -9999 -999999 -99  1.000000  0.000000
2009 12  385.810 -99 -9999 -999999 -99  1.000000  0.000000
2011 01  387.600 -99 -9999 -999999 -99  1.000000  0.000000
2011 02  387.860 -99 -9999 -999999 -99  1.000000  0.000000
2011 03  388.010 -99 -9999 -999999 -99  1.000000  0.000000
2011 04  388.100 -99 -9999 -999999 -99  1.000000  0.000000
2011 05  388.200 -99 -9999 -999999 -99  1.000000  0.000000
2011 06  388.320 -99 -9999 -999999 -99  1.000000  0.000000
2011 07  388.380 -99 -9999 -999999 -99  1.000000  0.000000
2011 08  388.370 -99 -9999 -999999 -99  1.000000  0.000000
2011 09  388.330 -99 -9999 -999999 -99  1.000000  0.000000
2011 10  388.380 -99 -9999 -999999 -99  1.000000  0.000000
2011 11  388.620 -99 -9999 -999999 -99  1.000000  0.000000
2011 12  388.960 -99 -9999 -999999 -99  1.000000  0.000000
2012 01  389.290 -99 -9999 -999999 -99  1.000000  0.000000
2014 11  395.980 -99 -9999 -999999 -99  1.000000  0.000000
2014 12  396.530 -99 -9999 -999999 -99  1.000000  0.000000
2015 01  397.050 -99 -9999 -999999 -99  1.000000  0.000000
2015 02  397.260 -99 -9999 -999999 -99  1.000000  0.000000
2015 03  397.130 -99 -9999 -999999 -99  1.000000  0.000000
2015 04  396.840 -99 -9999 -999999 -99  1.000000  0.000000
2015 05  396.740 -99 -9999 -999999 -99  1.000000  0.000000
2015 06  396.970 -99 -9999 -999999 -99  1.000000  0.000000
2015 07  397.450 -99 -9999 -999999 -99  1.000000  0.000000
2015 08  397.920 -99 -9999 -999999 -99  1.000000  0.000000
2015 09  398.230 -99 -9999 -999999 -99  1.000000  0.000000
2015 10  398.420 -99 -9999 -999999 -99  1.000000  0.000000
2015 11  398.680 -99 -9999 -999999 -99  1.000000  0.000000
2015 12  399.060 -99 -9999 -999999 -99  1.000000  0.000000
2016 01  399.430 -99 -9999 -999999 -99  1.000000  0.000000
2016 02  399.710 -99 -9999 -999999 -99  1.000000  0.000000
2016 03  399.830 -99 -9999 -999999 -99  1.000000  0.000000
2016 04  399.890 -99 -9999 -999999 -99  1.000000  0.000000
2016 05  400.080 -99 -9999 -999999 -99  1.000000  0.000000
2016 06  400.450 -99 -9999 -999999 -99  1.000000  0.000000
2016 07  400.810 -99 -9999 -999999 -99  1.000000  0.000000
2016 08  401.030 -99 -9999 -999999 -99  1.000000  0.000000
2016 09  400.980 -99 -9999 -999999 -99  1.000000  0.000000
2016 10  400.780 -99 -9999 -999999 -99  1.000000  0.000000
2016 11  400.680 -99 -9999 -999999 -99  1.000000  0.000000
2016 12  400.790 -99 -9999 -999999 -99  1.000000  0.000000
2017 01  401.080 -99 -9999 -999999 -99  1.000000  0.000000
2017 02  401.370 -99 -9999 -999999 -99  1.000000  0.000000
2017 03  401.550 -99 -9999 -999999 -99  1.000000  0.000000
2017 04  401.670 -99 -9999 -999999 -99  1.000000  0.000000
2017 05  401.890 -99 -9999 -999999 -99  1.000000  0.000000
2017 06  402.230 -99 -9999 -999999 -99  1.000000  0.000000
2017 07  402.460 -99 -9999 -999999 -99  1.000000  0.000000
