REM01  EXPLANATORY 25-LINE FOR THE MONTHLY DATA
REM02  FILENAME: co2_poc_ship-flask_2_3001-3015_monthly.txt
REM03  STATION: Pacific Ocean
REM04  CATEGORY: Mobile
REM05  COUNTRY/TERRITORY: United States of America
REM06  SUBMITTED BY: NOAA
REM07  LATITUDE:   20 00' S
REM08  LONGITUDE: 174 00' W
REM09  ALTITUDE:       10 m
REM10  RATIO: 1.000000 0.000000
REM11  PARAMETER: CO2
REM12  COVERING PERIOD: February 1987 - June 2017
REM13  UNIT: ppm
REM14  ANALYSIS: NDIR(1987-02-01 - 2017-06-01)
REM15  SAMPLING TYPE: ship-flask
REM16  CLASSIFICATION: Background observation
REM17  CALIBRATION: WMO CO2 X2007(1987-02-01 - 2017-06-01)
REM18  TABLENAME: POC820S002f1
REM19  CALCULATION: contributor
REM20  REGISTRATION: 2018-09-25
REM21
REM22  COMMENT: Dataset was made from entire historical data provided from contributor from 2018 new WDCGG website open onward
REM23
REM24 M      CO2   V    ND      SD   F   RATIO_A   RATIO_B
REM25        ppm
1987 02  346.560 -99 -9999 -999999 -99  1.000000  0.000000
1987 03  346.370 -99 -9999 -999999 -99  1.000000  0.000000
1987 04  346.270 -99 -9999 -999999 -99  1.000000  0.000000
1987 05  346.500 -99 -9999 -999999 -99  1.000000  0.000000
1987 06  347.080 -99 -9999 -999999 -99  1.000000  0.000000
1987 07  347.700 -99 -9999 -999999 -99  1.000000  0.000000
1987 08  348.130 -99 -9999 -999999 -99  1.000000  0.000000
1987 09  348.470 -99 -9999 -999999 -99  1.000000  0.000000
1987 10  348.830 -99 -9999 -999999 -99  1.000000  0.000000
1987 11  349.220 -99 -9999 -999999 -99  1.000000  0.000000
1987 12  349.570 -99 -9999 -999999 -99  1.000000  0.000000
1988 01  349.610 -99 -9999 -999999 -99  1.000000  0.000000
1988 02  349.330 -99 -9999 -999999 -99  1.000000  0.000000
1988 03  348.920 -99 -9999 -999999 -99  1.000000  0.000000
1988 04  348.780 -99 -9999 -999999 -99  1.000000  0.000000
1988 05  349.130 -99 -9999 -999999 -99  1.000000  0.000000
1988 06  349.740 -99 -9999 -999999 -99  1.000000  0.000000
1988 07  350.180 -99 -9999 -999999 -99  1.000000  0.000000
1988 08  350.350 -99 -9999 -999999 -99  1.000000  0.000000
1988 09  350.340 -99 -9999 -999999 -99  1.000000  0.000000
1988 10  350.450 -99 -9999 -999999 -99  1.000000  0.000000
1988 11  350.930 -99 -9999 -999999 -99  1.000000  0.000000
1988 12  351.650 -99 -9999 -999999 -99  1.000000  0.000000
1989 01  352.170 -99 -9999 -999999 -99  1.000000  0.000000
1989 02  352.200 -99 -9999 -999999 -99  1.000000  0.000000
1989 03  351.830 -99 -9999 -999999 -99  1.000000  0.000000
1989 04  351.350 -99 -9999 -999999 -99  1.000000  0.000000
1989 05  351.060 -99 -9999 -999999 -99  1.000000  0.000000
1989 06  351.120 -99 -9999 -999999 -99  1.000000  0.000000
1989 07  351.370 -99 -9999 -999999 -99  1.000000  0.000000
1989 08  351.640 -99 -9999 -999999 -99  1.000000  0.000000
1989 09  351.830 -99 -9999 -999999 -99  1.000000  0.000000
1989 10  352.010 -99 -9999 -999999 -99  1.000000  0.000000
1989 11  352.260 -99 -9999 -999999 -99  1.000000  0.000000
1989 12  352.480 -99 -9999 -999999 -99  1.000000  0.000000
1990 01  352.570 -99 -9999 -999999 -99  1.000000  0.000000
1990 02  352.430 -99 -9999 -999999 -99  1.000000  0.000000
1990 03  352.220 -99 -9999 -999999 -99  1.000000  0.000000
1990 04  352.120 -99 -9999 -999999 -99  1.000000  0.000000
1990 05  352.310 -99 -9999 -999999 -99  1.000000  0.000000
1990 06  352.750 -99 -9999 -999999 -99  1.000000  0.000000
1990 07  353.170 -99 -9999 -999999 -99  1.000000  0.000000
1990 08  353.370 -99 -9999 -999999 -99  1.000000  0.000000
1990 09  353.360 -99 -9999 -999999 -99  1.000000  0.000000
1990 10  353.330 -99 -9999 -999999 -99  1.000000  0.000000
1990 11  353.440 -99 -9999 -999999 -99  1.000000  0.000000
1990 12  353.640 -99 -9999 -999999 -99  1.000000  0.000000
1991 01  353.790 -99 -9999 -999999 -99  1.000000  0.000000
1991 02  353.760 -99 -9999 -999999 -99  1.000000  0.000000
1991 03  353.630 -99 -9999 -999999 -99  1.000000  0.000000
1991 04  353.590 -99 -9999 -999999 -99  1.000000  0.000000
1991 05  353.800 -99 -9999 -999999 -99  1.000000  0.000000
1991 06  354.120 -99 -9999 -999999 -99  1.000000  0.000000
1991 07  354.410 -99 -9999 -999999 -99  1.000000  0.000000
1991 08  354.460 -99 -9999 -999999 -99  1.000000  0.000000
1991 09  354.310 -99 -9999 -999999 -99  1.000000  0.000000
1991 10  354.180 -99 -9999 -999999 -99  1.000000  0.000000
1991 11  354.240 -99 -9999 -999999 -99  1.000000  0.000000
1991 12  354.460 -99 -9999 -999999 -99  1.000000  0.000000
1992 01  354.660 -99 -9999 -999999 -99  1.000000  0.000000
1992 02  354.680 -99 -9999 -999999 -99  1.000000  0.000000
1992 03  354.590 -99 -9999 -999999 -99  1.000000  0.000000
1992 04  354.580 -99 -9999 -999999 -99  1.000000  0.000000
1992 05  354.750 -99 -9999 -999999 -99  1.000000  0.000000
1992 06  355.100 -99 -9999 -999999 -99  1.000000  0.000000
1992 07  355.380 -99 -9999 -999999 -99  1.000000  0.000000
1992 08  355.440 -99 -9999 -999999 -99  1.000000  0.000000
1992 09  355.340 -99 -9999 -999999 -99  1.000000  0.000000
1992 10  355.250 -99 -9999 -999999 -99  1.000000  0.000000
1992 11  355.320 -99 -9999 -999999 -99  1.000000  0.000000
1992 12  355.510 -99 -9999 -999999 -99  1.000000  0.000000
1993 01  355.630 -99 -9999 -999999 -99  1.000000  0.000000
1993 02  355.550 -99 -9999 -999999 -99  1.000000  0.000000
1993 03  355.340 -99 -9999 -999999 -99  1.000000  0.000000
1993 04  355.230 -99 -9999 -999999 -99  1.000000  0.000000
1993 05  355.400 -99 -9999 -999999 -99  1.000000  0.000000
1993 06  355.840 -99 -9999 -999999 -99  1.000000  0.000000
1993 07  356.280 -99 -9999 -999999 -99  1.000000  0.000000
1993 08  356.460 -99 -9999 -999999 -99  1.000000  0.000000
1993 09  356.400 -99 -9999 -999999 -99  1.000000  0.000000
1993 10  356.360 -99 -9999 -999999 -99  1.000000  0.000000
1993 11  356.570 -99 -9999 -999999 -99  1.000000  0.000000
1993 12  357.030 -99 -9999 -999999 -99  1.000000  0.000000
1994 01  357.470 -99 -9999 -999999 -99  1.000000  0.000000
1994 02  357.740 -99 -9999 -999999 -99  1.000000  0.000000
1994 03  357.780 -99 -9999 -999999 -99  1.000000  0.000000
1995 03  358.720 -99 -9999 -999999 -99  1.000000  0.000000
1995 04  358.610 -99 -9999 -999999 -99  1.000000  0.000000
1995 09  359.640 -99 -9999 -999999 -99  1.000000  0.000000
1995 10  359.860 -99 -9999 -999999 -99  1.000000  0.000000
1995 11  360.290 -99 -9999 -999999 -99  1.000000  0.000000
1995 12  360.680 -99 -9999 -999999 -99  1.000000  0.000000
1996 01  360.830 -99 -9999 -999999 -99  1.000000  0.000000
1996 02  360.540 -99 -9999 -999999 -99  1.000000  0.000000
1996 03  360.040 -99 -9999 -999999 -99  1.000000  0.000000
1996 04  359.620 -99 -9999 -999999 -99  1.000000  0.000000
1996 05  359.640 -99 -9999 -999999 -99  1.000000  0.000000
1996 06  360.040 -99 -9999 -999999 -99  1.000000  0.000000
1996 07  360.610 -99 -9999 -999999 -99  1.000000  0.000000
1996 08  360.980 -99 -9999 -999999 -99  1.000000  0.000000
1996 09  361.040 -99 -9999 -999999 -99  1.000000  0.000000
1996 10  361.000 -99 -9999 -999999 -99  1.000000  0.000000
1996 11  361.080 -99 -9999 -999999 -99  1.000000  0.000000
1996 12  361.340 -99 -9999 -999999 -99  1.000000  0.000000
1997 01  361.570 -99 -9999 -999999 -99  1.000000  0.000000
1997 02  361.560 -99 -9999 -999999 -99  1.000000  0.000000
1997 03  361.320 -99 -9999 -999999 -99  1.000000  0.000000
1997 04  360.990 -99 -9999 -999999 -99  1.000000  0.000000
1997 05  360.880 -99 -9999 -999999 -99  1.000000  0.000000
1997 06  361.050 -99 -9999 -999999 -99  1.000000  0.000000
1997 07  361.430 -99 -9999 -999999 -99  1.000000  0.000000
1997 08  361.790 -99 -9999 -999999 -99  1.000000  0.000000
1997 09  362.080 -99 -9999 -999999 -99  1.000000  0.000000
1997 10  362.400 -99 -9999 -999999 -99  1.000000  0.000000
1998 04  363.130 -99 -9999 -999999 -99  1.000000  0.000000
1998 05  363.420 -99 -9999 -999999 -99  1.000000  0.000000
1998 06  364.080 -99 -9999 -999999 -99  1.000000  0.000000
1998 07  364.790 -99 -9999 -999999 -99  1.000000  0.000000
1998 08  365.230 -99 -9999 -999999 -99  1.000000  0.000000
1998 09  365.470 -99 -9999 -999999 -99  1.000000  0.000000
1998 10  365.670 -99 -9999 -999999 -99  1.000000  0.000000
1998 11  365.950 -99 -9999 -999999 -99  1.000000  0.000000
1998 12  366.320 -99 -9999 -999999 -99  1.000000  0.000000
1999 01  366.530 -99 -9999 -999999 -99  1.000000  0.000000
1999 02  366.460 -99 -9999 -999999 -99  1.000000  0.000000
1999 03  366.190 -99 -9999 -999999 -99  1.000000  0.000000
1999 04  366.020 -99 -9999 -999999 -99  1.000000  0.000000
1999 05  366.100 -99 -9999 -999999 -99  1.000000  0.000000
1999 06  366.370 -99 -9999 -999999 -99  1.000000  0.000000
1999 07  366.610 -99 -9999 -999999 -99  1.000000  0.000000
1999 08  366.690 -99 -9999 -999999 -99  1.000000  0.000000
1999 09  366.790 -99 -9999 -999999 -99  1.000000  0.000000
1999 10  367.130 -99 -9999 -999999 -99  1.000000  0.000000
1999 11  367.880 -99 -9999 -999999 -99  1.000000  0.000000
1999 12  368.700 -99 -9999 -999999 -99  1.000000  0.000000
2002 06  371.600 -99 -9999 -999999 -99  1.000000  0.000000
2002 07  371.870 -99 -9999 -999999 -99  1.000000  0.000000
2002 08  371.940 -99 -9999 -999999 -99  1.000000  0.000000
2002 09  371.910 -99 -9999 -999999 -99  1.000000  0.000000
2002 10  371.970 -99 -9999 -999999 -99  1.000000  0.000000
2002 11  372.230 -99 -9999 -999999 -99  1.000000  0.000000
2002 12  372.630 -99 -9999 -999999 -99  1.000000  0.000000
2003 01  372.950 -99 -9999 -999999 -99  1.000000  0.000000
2003 02  373.030 -99 -9999 -999999 -99  1.000000  0.000000
2003 03  372.970 -99 -9999 -999999 -99  1.000000  0.000000
2003 04  372.910 -99 -9999 -999999 -99  1.000000  0.000000
2003 05  373.030 -99 -9999 -999999 -99  1.000000  0.000000
2003 06  373.290 -99 -9999 -999999 -99  1.000000  0.000000
2003 07  373.600 -99 -9999 -999999 -99  1.000000  0.000000
2003 08  373.790 -99 -9999 -999999 -99  1.000000  0.000000
2003 09  373.860 -99 -9999 -999999 -99  1.000000  0.000000
2003 10  374.020 -99 -9999 -999999 -99  1.000000  0.000000
2003 11  374.340 -99 -9999 -999999 -99  1.000000  0.000000
2003 12  374.830 -99 -9999 -999999 -99  1.000000  0.000000
2004 01  375.240 -99 -9999 -999999 -99  1.000000  0.000000
2004 02  375.360 -99 -9999 -999999 -99  1.000000  0.000000
2004 03  375.250 -99 -9999 -999999 -99  1.000000  0.000000
2004 04  375.110 -99 -9999 -999999 -99  1.000000  0.000000
2004 05  375.140 -99 -9999 -999999 -99  1.000000  0.000000
2004 06  375.360 -99 -9999 -999999 -99  1.000000  0.000000
2004 07  375.590 -99 -9999 -999999 -99  1.000000  0.000000
2004 08  375.690 -99 -9999 -999999 -99  1.000000  0.000000
2004 09  375.720 -99 -9999 -999999 -99  1.000000  0.000000
2004 10  375.860 -99 -9999 -999999 -99  1.000000  0.000000
2004 11  376.230 -99 -9999 -999999 -99  1.000000  0.000000
2004 12  376.690 -99 -9999 -999999 -99  1.000000  0.000000
2005 01  376.930 -99 -9999 -999999 -99  1.000000  0.000000
2005 02  376.910 -99 -9999 -999999 -99  1.000000  0.000000
2005 03  376.690 -99 -9999 -999999 -99  1.000000  0.000000
2005 04  376.560 -99 -9999 -999999 -99  1.000000  0.000000
2005 05  376.770 -99 -9999 -999999 -99  1.000000  0.000000
2005 06  377.220 -99 -9999 -999999 -99  1.000000  0.000000
2005 07  377.590 -99 -9999 -999999 -99  1.000000  0.000000
2005 08  377.790 -99 -9999 -999999 -99  1.000000  0.000000
2005 09  377.840 -99 -9999 -999999 -99  1.000000  0.000000
2005 10  377.990 -99 -9999 -999999 -99  1.000000  0.000000
2005 11  378.470 -99 -9999 -999999 -99  1.000000  0.000000
2005 12  379.170 -99 -9999 -999999 -99  1.000000  0.000000
2006 01  379.790 -99 -9999 -999999 -99  1.000000  0.000000
2006 02  380.050 -99 -9999 -999999 -99  1.000000  0.000000
2006 03  379.950 -99 -9999 -999999 -99  1.000000  0.000000
2006 04  379.700 -99 -9999 -999999 -99  1.000000  0.000000
2006 05  379.460 -99 -9999 -999999 -99  1.000000  0.000000
2006 06  379.320 -99 -9999 -999999 -99  1.000000  0.000000
2006 07  379.240 -99 -9999 -999999 -99  1.000000  0.000000
2006 08  379.150 -99 -9999 -999999 -99  1.000000  0.000000
2006 09  379.160 -99 -9999 -999999 -99  1.000000  0.000000
2006 10  379.440 -99 -9999 -999999 -99  1.000000  0.000000
2006 11  379.990 -99 -9999 -999999 -99  1.000000  0.000000
2006 12  380.570 -99 -9999 -999999 -99  1.000000  0.000000
2007 01  380.970 -99 -9999 -999999 -99  1.000000  0.000000
2007 02  380.980 -99 -9999 -999999 -99  1.000000  0.000000
2007 03  380.760 -99 -9999 -999999 -99  1.000000  0.000000
2007 04  380.590 -99 -9999 -999999 -99  1.000000  0.000000
2007 05  380.710 -99 -9999 -999999 -99  1.000000  0.000000
2007 06  381.110 -99 -9999 -999999 -99  1.000000  0.000000
2007 07  381.540 -99 -9999 -999999 -99  1.000000  0.000000
2007 08  381.780 -99 -9999 -999999 -99  1.000000  0.000000
2007 09  381.850 -99 -9999 -999999 -99  1.000000  0.000000
2007 10  381.990 -99 -9999 -999999 -99  1.000000  0.000000
2007 11  382.300 -99 -9999 -999999 -99  1.000000  0.000000
2007 12  382.650 -99 -9999 -999999 -99  1.000000  0.000000
2008 01  382.900 -99 -9999 -999999 -99  1.000000  0.000000
2008 02  382.880 -99 -9999 -999999 -99  1.000000  0.000000
2008 03  382.740 -99 -9999 -999999 -99  1.000000  0.000000
2008 04  382.720 -99 -9999 -999999 -99  1.000000  0.000000
2008 05  383.020 -99 -9999 -999999 -99  1.000000  0.000000
2008 06  383.450 -99 -9999 -999999 -99  1.000000  0.000000
2008 07  383.860 -99 -9999 -999999 -99  1.000000  0.000000
2008 08  383.980 -99 -9999 -999999 -99  1.000000  0.000000
2008 09  383.870 -99 -9999 -999999 -99  1.000000  0.000000
2008 10  383.850 -99 -9999 -999999 -99  1.000000  0.000000
2008 11  384.060 -99 -9999 -999999 -99  1.000000  0.000000
2008 12  384.530 -99 -9999 -999999 -99  1.000000  0.000000
2009 01  384.940 -99 -9999 -999999 -99  1.000000  0.000000
2009 02  385.060 -99 -9999 -999999 -99  1.000000  0.000000
2009 03  384.870 -99 -9999 -999999 -99  1.000000  0.000000
2009 04  384.580 -99 -9999 -999999 -99  1.000000  0.000000
2009 05  384.430 -99 -9999 -999999 -99  1.000000  0.000000
2009 06  384.490 -99 -9999 -999999 -99  1.000000  0.000000
2009 07  384.690 -99 -9999 -999999 -99  1.000000  0.000000
2009 08  384.880 -99 -9999 -999999 -99  1.000000  0.000000
2009 09  385.110 -99 -9999 -999999 -99  1.000000  0.000000
2009 10  385.450 -99 -9999 -999999 -99  1.000000  0.000000
2009 11  385.910 -99 -9999 -999999 -99  1.000000  0.000000
2009 12  386.490 -99 -9999 -999999 -99  1.000000  0.000000
2011 01  389.050 -99 -9999 -999999 -99  1.000000  0.000000
2011 02  388.840 -99 -9999 -999999 -99  1.000000  0.000000
2011 03  388.340 -99 -9999 -999999 -99  1.000000  0.000000
2011 04  387.920 -99 -9999 -999999 -99  1.000000  0.000000
2011 05  387.910 -99 -9999 -999999 -99  1.000000  0.000000
2011 06  388.260 -99 -9999 -999999 -99  1.000000  0.000000
2011 07  388.690 -99 -9999 -999999 -99  1.000000  0.000000
2011 08  389.020 -99 -9999 -999999 -99  1.000000  0.000000
2011 09  389.170 -99 -9999 -999999 -99  1.000000  0.000000
2011 10  389.260 -99 -9999 -999999 -99  1.000000  0.000000
2011 11  389.440 -99 -9999 -999999 -99  1.000000  0.000000
2011 12  389.660 -99 -9999 -999999 -99  1.000000  0.000000
2012 01  389.740 -99 -9999 -999999 -99  1.000000  0.000000
2014 11  396.720 -99 -9999 -999999 -99  1.000000  0.000000
2014 12  397.210 -99 -9999 -999999 -99  1.000000  0.000000
2015 01  397.610 -99 -9999 -999999 -99  1.000000  0.000000
2015 02  397.690 -99 -9999 -999999 -99  1.000000  0.000000
2015 03  397.480 -99 -9999 -999999 -99  1.000000  0.000000
2015 04  397.230 -99 -9999 -999999 -99  1.000000  0.000000
2015 05  397.210 -99 -9999 -999999 -99  1.000000  0.000000
2015 06  397.480 -99 -9999 -999999 -99  1.000000  0.000000
2015 07  397.870 -99 -9999 -999999 -99  1.000000  0.000000
2015 08  398.140 -99 -9999 -999999 -99  1.000000  0.000000
2015 09  398.270 -99 -9999 -999999 -99  1.000000  0.000000
2015 10  398.360 -99 -9999 -999999 -99  1.000000  0.000000
2015 11  398.570 -99 -9999 -999999 -99  1.000000  0.000000
2015 12  398.970 -99 -9999 -999999 -99  1.000000  0.000000
2016 01  399.460 -99 -9999 -999999 -99  1.000000  0.000000
2016 02  399.830 -99 -9999 -999999 -99  1.000000  0.000000
2016 03  400.180 -99 -9999 -999999 -99  1.000000  0.000000
2016 04  400.580 -99 -9999 -999999 -99  1.000000  0.000000
2016 05  401.110 -99 -9999 -999999 -99  1.000000  0.000000
2016 06  401.630 -99 -9999 -999999 -99  1.000000  0.000000
2016 07  401.890 -99 -9999 -999999 -99  1.000000  0.000000
2016 08  401.820 -99 -9999 -999999 -99  1.000000  0.000000
2016 09  401.540 -99 -9999 -999999 -99  1.000000  0.000000
2016 10  401.390 -99 -9999 -999999 -99  1.000000  0.000000
2016 11  401.560 -99 -9999 -999999 -99  1.000000  0.000000
2016 12  402.000 -99 -9999 -999999 -99  1.000000  0.000000
2017 01  402.380 -99 -9999 -999999 -99  1.000000  0.000000
2017 02  402.440 -99 -9999 -999999 -99  1.000000  0.000000
2017 03  402.270 -99 -9999 -999999 -99  1.000000  0.000000
2017 04  402.100 -99 -9999 -999999 -99  1.000000  0.000000
2017 05  402.180 -99 -9999 -999999 -99  1.000000  0.000000
2017 06  402.450 -99 -9999 -999999 -99  1.000000  0.000000
