REM01  EXPLANATORY 25-LINE FOR THE MONTHLY DATA
REM02  FILENAME: co2_poc_ship-flask_2_3001-3006_monthly.txt
REM03  STATION: Pacific Ocean
REM04  CATEGORY: Mobile
REM05  COUNTRY/TERRITORY: United States of America
REM06  SUBMITTED BY: NOAA
REM07  LATITUDE:   25 00' N
REM08  LONGITUDE: 139 00' W
REM09  ALTITUDE:       10 m
REM10  RATIO: 1.000000 0.000000
REM11  PARAMETER: CO2
REM12  COVERING PERIOD: December 1986 - July 2017
REM13  UNIT: ppm
REM14  ANALYSIS: NDIR(1986-12-01 - 2017-07-01)
REM15  SAMPLING TYPE: ship-flask
REM16  CLASSIFICATION: Background observation
REM17  CALIBRATION: WMO CO2 X2007(1986-12-01 - 2017-07-01)
REM18  TABLENAME: POC825N002f1
REM19  CALCULATION: contributor
REM20  REGISTRATION: 2018-09-25
REM21
REM22  COMMENT: Dataset was made from entire historical data provided from contributor from 2018 new WDCGG website open onward
REM23
REM24 M      CO2   V    ND      SD   F   RATIO_A   RATIO_B
REM25        ppm
1986 12  347.740 -99 -9999 -999999 -99  1.000000  0.000000
1987 01  348.400 -99 -9999 -999999 -99  1.000000  0.000000
1987 02  349.320 -99 -9999 -999999 -99  1.000000  0.000000
1987 03  351.050 -99 -9999 -999999 -99  1.000000  0.000000
1987 04  352.730 -99 -9999 -999999 -99  1.000000  0.000000
1987 05  352.920 -99 -9999 -999999 -99  1.000000  0.000000
1987 06  350.960 -99 -9999 -999999 -99  1.000000  0.000000
1987 07  347.810 -99 -9999 -999999 -99  1.000000  0.000000
1987 08  345.660 -99 -9999 -999999 -99  1.000000  0.000000
1987 09  345.830 -99 -9999 -999999 -99  1.000000  0.000000
1987 10  347.700 -99 -9999 -999999 -99  1.000000  0.000000
1987 11  350.080 -99 -9999 -999999 -99  1.000000  0.000000
1987 12  351.510 -99 -9999 -999999 -99  1.000000  0.000000
1988 01  352.070 -99 -9999 -999999 -99  1.000000  0.000000
1988 02  353.010 -99 -9999 -999999 -99  1.000000  0.000000
1988 03  354.780 -99 -9999 -999999 -99  1.000000  0.000000
1988 04  356.330 -99 -9999 -999999 -99  1.000000  0.000000
1988 05  356.360 -99 -9999 -999999 -99  1.000000  0.000000
1988 06  353.910 -99 -9999 -999999 -99  1.000000  0.000000
1988 07  350.420 -99 -9999 -999999 -99  1.000000  0.000000
1988 08  347.440 -99 -9999 -999999 -99  1.000000  0.000000
1988 09  347.080 -99 -9999 -999999 -99  1.000000  0.000000
1988 10  349.260 -99 -9999 -999999 -99  1.000000  0.000000
1988 11  351.950 -99 -9999 -999999 -99  1.000000  0.000000
1988 12  353.380 -99 -9999 -999999 -99  1.000000  0.000000
1989 01  353.810 -99 -9999 -999999 -99  1.000000  0.000000
1989 02  354.230 -99 -9999 -999999 -99  1.000000  0.000000
1989 03  355.380 -99 -9999 -999999 -99  1.000000  0.000000
1989 04  356.860 -99 -9999 -999999 -99  1.000000  0.000000
1989 05  357.410 -99 -9999 -999999 -99  1.000000  0.000000
1989 06  355.780 -99 -9999 -999999 -99  1.000000  0.000000
1989 07  352.570 -99 -9999 -999999 -99  1.000000  0.000000
1989 08  349.940 -99 -9999 -999999 -99  1.000000  0.000000
1989 09  349.520 -99 -9999 -999999 -99  1.000000  0.000000
1989 10  351.080 -99 -9999 -999999 -99  1.000000  0.000000
1989 11  353.170 -99 -9999 -999999 -99  1.000000  0.000000
1989 12  354.270 -99 -9999 -999999 -99  1.000000  0.000000
1990 01  354.670 -99 -9999 -999999 -99  1.000000  0.000000
1990 02  355.240 -99 -9999 -999999 -99  1.000000  0.000000
1990 03  356.500 -99 -9999 -999999 -99  1.000000  0.000000
1990 04  358.040 -99 -9999 -999999 -99  1.000000  0.000000
1990 05  358.180 -99 -9999 -999999 -99  1.000000  0.000000
1990 06  356.310 -99 -9999 -999999 -99  1.000000  0.000000
1990 07  352.960 -99 -9999 -999999 -99  1.000000  0.000000
1990 08  350.460 -99 -9999 -999999 -99  1.000000  0.000000
1990 09  350.380 -99 -9999 -999999 -99  1.000000  0.000000
1990 10  352.400 -99 -9999 -999999 -99  1.000000  0.000000
1990 11  354.850 -99 -9999 -999999 -99  1.000000  0.000000
1990 12  356.140 -99 -9999 -999999 -99  1.000000  0.000000
1991 01  356.470 -99 -9999 -999999 -99  1.000000  0.000000
1991 02  356.950 -99 -9999 -999999 -99  1.000000  0.000000
1991 03  358.260 -99 -9999 -999999 -99  1.000000  0.000000
1991 04  360.000 -99 -9999 -999999 -99  1.000000  0.000000
1991 05  360.350 -99 -9999 -999999 -99  1.000000  0.000000
1991 06  358.490 -99 -9999 -999999 -99  1.000000  0.000000
1991 07  354.790 -99 -9999 -999999 -99  1.000000  0.000000
1991 08  351.660 -99 -9999 -999999 -99  1.000000  0.000000
1991 09  351.150 -99 -9999 -999999 -99  1.000000  0.000000
1991 10  353.050 -99 -9999 -999999 -99  1.000000  0.000000
1991 11  355.500 -99 -9999 -999999 -99  1.000000  0.000000
1991 12  357.490 -99 -9999 -999999 -99  1.000000  0.000000
1992 01  358.490 -99 -9999 -999999 -99  1.000000  0.000000
1992 02  359.220 -99 -9999 -999999 -99  1.000000  0.000000
1992 03  360.520 -99 -9999 -999999 -99  1.000000  0.000000
1992 04  361.710 -99 -9999 -999999 -99  1.000000  0.000000
1992 05  361.510 -99 -9999 -999999 -99  1.000000  0.000000
1992 06  359.120 -99 -9999 -999999 -99  1.000000  0.000000
1992 07  355.460 -99 -9999 -999999 -99  1.000000  0.000000
1992 08  352.690 -99 -9999 -999999 -99  1.000000  0.000000
1992 09  352.250 -99 -9999 -999999 -99  1.000000  0.000000
1992 10  353.750 -99 -9999 -999999 -99  1.000000  0.000000
1992 11  355.960 -99 -9999 -999999 -99  1.000000  0.000000
1992 12  357.410 -99 -9999 -999999 -99  1.000000  0.000000
1993 01  357.980 -99 -9999 -999999 -99  1.000000  0.000000
1993 02  358.690 -99 -9999 -999999 -99  1.000000  0.000000
1993 03  360.250 -99 -9999 -999999 -99  1.000000  0.000000
1993 04  361.910 -99 -9999 -999999 -99  1.000000  0.000000
1993 05  361.940 -99 -9999 -999999 -99  1.000000  0.000000
1993 06  359.590 -99 -9999 -999999 -99  1.000000  0.000000
1993 07  356.220 -99 -9999 -999999 -99  1.000000  0.000000
1993 08  353.310 -99 -9999 -999999 -99  1.000000  0.000000
1993 09  352.960 -99 -9999 -999999 -99  1.000000  0.000000
1993 10  354.830 -99 -9999 -999999 -99  1.000000  0.000000
1993 11  357.730 -99 -9999 -999999 -99  1.000000  0.000000
1993 12  359.840 -99 -9999 -999999 -99  1.000000  0.000000
1994 01  360.810 -99 -9999 -999999 -99  1.000000  0.000000
1994 02  361.560 -99 -9999 -999999 -99  1.000000  0.000000
1994 03  362.510 -99 -9999 -999999 -99  1.000000  0.000000
1994 07  357.390 -99 -9999 -999999 -99  1.000000  0.000000
1994 08  355.240 -99 -9999 -999999 -99  1.000000  0.000000
1994 09  355.470 -99 -9999 -999999 -99  1.000000  0.000000
1994 10  357.700 -99 -9999 -999999 -99  1.000000  0.000000
1994 11  360.010 -99 -9999 -999999 -99  1.000000  0.000000
1994 12  361.020 -99 -9999 -999999 -99  1.000000  0.000000
1995 01  361.220 -99 -9999 -999999 -99  1.000000  0.000000
1995 02  361.700 -99 -9999 -999999 -99  1.000000  0.000000
1995 03  363.010 -99 -9999 -999999 -99  1.000000  0.000000
1995 04  364.660 -99 -9999 -999999 -99  1.000000  0.000000
1995 05  365.370 -99 -9999 -999999 -99  1.000000  0.000000
1995 06  363.970 -99 -9999 -999999 -99  1.000000  0.000000
1995 07  361.040 -99 -9999 -999999 -99  1.000000  0.000000
1995 08  358.580 -99 -9999 -999999 -99  1.000000  0.000000
1995 09  358.060 -99 -9999 -999999 -99  1.000000  0.000000
1995 10  359.250 -99 -9999 -999999 -99  1.000000  0.000000
1995 11  360.880 -99 -9999 -999999 -99  1.000000  0.000000
1995 12  361.710 -99 -9999 -999999 -99  1.000000  0.000000
1996 01  362.070 -99 -9999 -999999 -99  1.000000  0.000000
1996 02  362.870 -99 -9999 -999999 -99  1.000000  0.000000
1996 03  364.470 -99 -9999 -999999 -99  1.000000  0.000000
1996 04  366.440 -99 -9999 -999999 -99  1.000000  0.000000
1996 05  366.960 -99 -9999 -999999 -99  1.000000  0.000000
1996 06  365.280 -99 -9999 -999999 -99  1.000000  0.000000
1996 07  361.860 -99 -9999 -999999 -99  1.000000  0.000000
1996 08  359.020 -99 -9999 -999999 -99  1.000000  0.000000
1996 09  358.670 -99 -9999 -999999 -99  1.000000  0.000000
1996 10  360.510 -99 -9999 -999999 -99  1.000000  0.000000
1996 11  362.660 -99 -9999 -999999 -99  1.000000  0.000000
1996 12  364.170 -99 -9999 -999999 -99  1.000000  0.000000
1997 01  364.700 -99 -9999 -999999 -99  1.000000  0.000000
1997 02  365.200 -99 -9999 -999999 -99  1.000000  0.000000
1997 03  366.510 -99 -9999 -999999 -99  1.000000  0.000000
1997 04  367.850 -99 -9999 -999999 -99  1.000000  0.000000
1997 05  367.690 -99 -9999 -999999 -99  1.000000  0.000000
1997 06  365.150 -99 -9999 -999999 -99  1.000000  0.000000
1997 07  361.330 -99 -9999 -999999 -99  1.000000  0.000000
1997 08  358.810 -99 -9999 -999999 -99  1.000000  0.000000
1997 09  358.740 -99 -9999 -999999 -99  1.000000  0.000000
1997 10  361.110 -99 -9999 -999999 -99  1.000000  0.000000
1997 11  363.740 -99 -9999 -999999 -99  1.000000  0.000000
1998 05  371.950 -99 -9999 -999999 -99  1.000000  0.000000
1998 06  370.730 -99 -9999 -999999 -99  1.000000  0.000000
1998 07  367.530 -99 -9999 -999999 -99  1.000000  0.000000
1998 08  364.460 -99 -9999 -999999 -99  1.000000  0.000000
1998 09  363.490 -99 -9999 -999999 -99  1.000000  0.000000
1998 10  364.750 -99 -9999 -999999 -99  1.000000  0.000000
1998 11  367.250 -99 -9999 -999999 -99  1.000000  0.000000
1998 12  369.490 -99 -9999 -999999 -99  1.000000  0.000000
1999 01  370.880 -99 -9999 -999999 -99  1.000000  0.000000
1999 02  372.140 -99 -9999 -999999 -99  1.000000  0.000000
1999 03  373.720 -99 -9999 -999999 -99  1.000000  0.000000
1999 04  374.870 -99 -9999 -999999 -99  1.000000  0.000000
1999 05  374.220 -99 -9999 -999999 -99  1.000000  0.000000
1999 06  371.450 -99 -9999 -999999 -99  1.000000  0.000000
1999 07  368.070 -99 -9999 -999999 -99  1.000000  0.000000
1999 08  365.350 -99 -9999 -999999 -99  1.000000  0.000000
1999 09  365.140 -99 -9999 -999999 -99  1.000000  0.000000
1999 10  366.980 -99 -9999 -999999 -99  1.000000  0.000000
1999 11  369.710 -99 -9999 -999999 -99  1.000000  0.000000
1999 12  371.700 -99 -9999 -999999 -99  1.000000  0.000000
2002 08  368.760 -99 -9999 -999999 -99  1.000000  0.000000
2002 09  368.930 -99 -9999 -999999 -99  1.000000  0.000000
2002 10  371.260 -99 -9999 -999999 -99  1.000000  0.000000
2002 11  373.700 -99 -9999 -999999 -99  1.000000  0.000000
2002 12  375.350 -99 -9999 -999999 -99  1.000000  0.000000
2003 01  375.990 -99 -9999 -999999 -99  1.000000  0.000000
2003 02  376.700 -99 -9999 -999999 -99  1.000000  0.000000
2003 03  378.430 -99 -9999 -999999 -99  1.000000  0.000000
2003 04  380.340 -99 -9999 -999999 -99  1.000000  0.000000
2003 05  380.730 -99 -9999 -999999 -99  1.000000  0.000000
2003 06  378.690 -99 -9999 -999999 -99  1.000000  0.000000
2003 07  375.100 -99 -9999 -999999 -99  1.000000  0.000000
2003 08  372.470 -99 -9999 -999999 -99  1.000000  0.000000
2003 09  371.960 -99 -9999 -999999 -99  1.000000  0.000000
2003 10  373.790 -99 -9999 -999999 -99  1.000000  0.000000
2003 11  376.100 -99 -9999 -999999 -99  1.000000  0.000000
2003 12  377.900 -99 -9999 -999999 -99  1.000000  0.000000
2004 01  378.700 -99 -9999 -999999 -99  1.000000  0.000000
2004 02  379.310 -99 -9999 -999999 -99  1.000000  0.000000
2004 03  380.550 -99 -9999 -999999 -99  1.000000  0.000000
2004 04  381.720 -99 -9999 -999999 -99  1.000000  0.000000
2004 05  381.250 -99 -9999 -999999 -99  1.000000  0.000000
2004 06  378.640 -99 -9999 -999999 -99  1.000000  0.000000
2004 07  375.390 -99 -9999 -999999 -99  1.000000  0.000000
2004 08  372.890 -99 -9999 -999999 -99  1.000000  0.000000
2004 09  372.950 -99 -9999 -999999 -99  1.000000  0.000000
2004 10  374.970 -99 -9999 -999999 -99  1.000000  0.000000
2004 11  377.690 -99 -9999 -999999 -99  1.000000  0.000000
2004 12  379.470 -99 -9999 -999999 -99  1.000000  0.000000
2005 01  380.250 -99 -9999 -999999 -99  1.000000  0.000000
2005 02  381.200 -99 -9999 -999999 -99  1.000000  0.000000
2005 03  382.690 -99 -9999 -999999 -99  1.000000  0.000000
2005 04  384.150 -99 -9999 -999999 -99  1.000000  0.000000
2005 05  384.210 -99 -9999 -999999 -99  1.000000  0.000000
2005 06  381.910 -99 -9999 -999999 -99  1.000000  0.000000
2005 07  378.570 -99 -9999 -999999 -99  1.000000  0.000000
2005 08  375.660 -99 -9999 -999999 -99  1.000000  0.000000
2005 09  375.240 -99 -9999 -999999 -99  1.000000  0.000000
2005 10  377.360 -99 -9999 -999999 -99  1.000000  0.000000
2005 11  380.190 -99 -9999 -999999 -99  1.000000  0.000000
2005 12  382.010 -99 -9999 -999999 -99  1.000000  0.000000
2006 01  383.120 -99 -9999 -999999 -99  1.000000  0.000000
2006 02  384.200 -99 -9999 -999999 -99  1.000000  0.000000
2006 03  385.620 -99 -9999 -999999 -99  1.000000  0.000000
2006 04  386.950 -99 -9999 -999999 -99  1.000000  0.000000
2006 05  386.890 -99 -9999 -999999 -99  1.000000  0.000000
2006 06  384.510 -99 -9999 -999999 -99  1.000000  0.000000
2006 07  380.780 -99 -9999 -999999 -99  1.000000  0.000000
2006 08  378.060 -99 -9999 -999999 -99  1.000000  0.000000
2006 09  377.950 -99 -9999 -999999 -99  1.000000  0.000000
2006 10  380.130 -99 -9999 -999999 -99  1.000000  0.000000
2006 11  382.870 -99 -9999 -999999 -99  1.000000  0.000000
2006 12  384.420 -99 -9999 -999999 -99  1.000000  0.000000
2007 01  385.050 -99 -9999 -999999 -99  1.000000  0.000000
2007 02  385.580 -99 -9999 -999999 -99  1.000000  0.000000
2007 03  386.620 -99 -9999 -999999 -99  1.000000  0.000000
2007 04  387.760 -99 -9999 -999999 -99  1.000000  0.000000
2007 05  387.420 -99 -9999 -999999 -99  1.000000  0.000000
2007 06  385.140 -99 -9999 -999999 -99  1.000000  0.000000
2007 07  381.420 -99 -9999 -999999 -99  1.000000  0.000000
2007 08  378.750 -99 -9999 -999999 -99  1.000000  0.000000
2007 09  378.720 -99 -9999 -999999 -99  1.000000  0.000000
2007 10  381.000 -99 -9999 -999999 -99  1.000000  0.000000
2007 11  383.840 -99 -9999 -999999 -99  1.000000  0.000000
2007 12  385.560 -99 -9999 -999999 -99  1.000000  0.000000
2008 01  386.250 -99 -9999 -999999 -99  1.000000  0.000000
2008 02  386.950 -99 -9999 -999999 -99  1.000000  0.000000
2008 03  388.540 -99 -9999 -999999 -99  1.000000  0.000000
2008 04  390.200 -99 -9999 -999999 -99  1.000000  0.000000
2008 05  390.320 -99 -9999 -999999 -99  1.000000  0.000000
2008 06  388.000 -99 -9999 -999999 -99  1.000000  0.000000
2008 07  384.200 -99 -9999 -999999 -99  1.000000  0.000000
2008 08  381.430 -99 -9999 -999999 -99  1.000000  0.000000
2008 09  380.870 -99 -9999 -999999 -99  1.000000  0.000000
2008 10  382.840 -99 -9999 -999999 -99  1.000000  0.000000
2008 11  385.490 -99 -9999 -999999 -99  1.000000  0.000000
2008 12  387.840 -99 -9999 -999999 -99  1.000000  0.000000
2009 01  389.200 -99 -9999 -999999 -99  1.000000  0.000000
2009 02  390.140 -99 -9999 -999999 -99  1.000000  0.000000
2009 03  391.460 -99 -9999 -999999 -99  1.000000  0.000000
2009 04  392.460 -99 -9999 -999999 -99  1.000000  0.000000
2009 05  391.880 -99 -9999 -999999 -99  1.000000  0.000000
2009 06  388.920 -99 -9999 -999999 -99  1.000000  0.000000
2009 07  384.770 -99 -9999 -999999 -99  1.000000  0.000000
2009 08  381.850 -99 -9999 -999999 -99  1.000000  0.000000
2009 09  381.810 -99 -9999 -999999 -99  1.000000  0.000000
2009 10  384.090 -99 -9999 -999999 -99  1.000000  0.000000
2009 11  387.370 -99 -9999 -999999 -99  1.000000  0.000000
2009 12  389.740 -99 -9999 -999999 -99  1.000000  0.000000
2011 01  392.140 -99 -9999 -999999 -99  1.000000  0.000000
2011 02  393.020 -99 -9999 -999999 -99  1.000000  0.000000
2011 03  394.340 -99 -9999 -999999 -99  1.000000  0.000000
2011 04  395.510 -99 -9999 -999999 -99  1.000000  0.000000
2011 05  395.120 -99 -9999 -999999 -99  1.000000  0.000000
2011 06  392.390 -99 -9999 -999999 -99  1.000000  0.000000
2011 07  388.930 -99 -9999 -999999 -99  1.000000  0.000000
2011 08  386.310 -99 -9999 -999999 -99  1.000000  0.000000
2011 09  386.540 -99 -9999 -999999 -99  1.000000  0.000000
2011 10  389.350 -99 -9999 -999999 -99  1.000000  0.000000
2011 11  392.540 -99 -9999 -999999 -99  1.000000  0.000000
2011 12  394.290 -99 -9999 -999999 -99  1.000000  0.000000
2012 01  395.040 -99 -9999 -999999 -99  1.000000  0.000000
2014 11  398.560 -99 -9999 -999999 -99  1.000000  0.000000
2014 12  400.510 -99 -9999 -999999 -99  1.000000  0.000000
2015 01  401.460 -99 -9999 -999999 -99  1.000000  0.000000
2015 02  402.190 -99 -9999 -999999 -99  1.000000  0.000000
2015 03  403.560 -99 -9999 -999999 -99  1.000000  0.000000
2015 04  404.860 -99 -9999 -999999 -99  1.000000  0.000000
2015 05  404.710 -99 -9999 -999999 -99  1.000000  0.000000
2015 06  402.340 -99 -9999 -999999 -99  1.000000  0.000000
2015 07  398.750 -99 -9999 -999999 -99  1.000000  0.000000
2015 08  396.260 -99 -9999 -999999 -99  1.000000  0.000000
2015 09  396.400 -99 -9999 -999999 -99  1.000000  0.000000
2015 10  398.560 -99 -9999 -999999 -99  1.000000  0.000000
2015 11  401.470 -99 -9999 -999999 -99  1.000000  0.000000
2015 12  403.390 -99 -9999 -999999 -99  1.000000  0.000000
2016 01  404.180 -99 -9999 -999999 -99  1.000000  0.000000
2016 02  405.100 -99 -9999 -999999 -99  1.000000  0.000000
2016 03  406.650 -99 -9999 -999999 -99  1.000000  0.000000
2016 04  407.970 -99 -9999 -999999 -99  1.000000  0.000000
2016 05  407.820 -99 -9999 -999999 -99  1.000000  0.000000
2016 06  405.380 -99 -9999 -999999 -99  1.000000  0.000000
2016 07  402.140 -99 -9999 -999999 -99  1.000000  0.000000
2016 08  399.620 -99 -9999 -999999 -99  1.000000  0.000000
2016 09  399.770 -99 -9999 -999999 -99  1.000000  0.000000
2016 10  402.400 -99 -9999 -999999 -99  1.000000  0.000000
2016 11  405.430 -99 -9999 -999999 -99  1.000000  0.000000
2016 12  407.130 -99 -9999 -999999 -99  1.000000  0.000000
2017 01  407.900 -99 -9999 -999999 -99  1.000000  0.000000
2017 02  408.630 -99 -9999 -999999 -99  1.000000  0.000000
2017 03  409.900 -99 -9999 -999999 -99  1.000000  0.000000
2017 04  411.280 -99 -9999 -999999 -99  1.000000  0.000000
2017 05  411.470 -99 -9999 -999999 -99  1.000000  0.000000
2017 06  409.400 -99 -9999 -999999 -99  1.000000  0.000000
2017 07  407.070 -99 -9999 -999999 -99  1.000000  0.000000
