REM01  EXPLANATORY 25-LINE FOR THE MONTHLY DATA
REM02  FILENAME: co2_poc_ship-flask_2_3001-3005_monthly.txt
REM03  STATION: Pacific Ocean
REM04  CATEGORY: Mobile
REM05  COUNTRY/TERRITORY: United States of America
REM06  SUBMITTED BY: NOAA
REM07  LATITUDE:   20 00' N
REM08  LONGITUDE: 141 00' W
REM09  ALTITUDE:       10 m
REM10  RATIO: 1.000000 0.000000
REM11  PARAMETER: CO2
REM12  COVERING PERIOD: December 1986 - July 2017
REM13  UNIT: ppm
REM14  ANALYSIS: NDIR(1986-12-01 - 2017-07-01)
REM15  SAMPLING TYPE: ship-flask
REM16  CLASSIFICATION: Background observation
REM17  CALIBRATION: WMO CO2 X2007(1986-12-01 - 2017-07-01)
REM18  TABLENAME: POC820N002f1
REM19  CALCULATION: contributor
REM20  REGISTRATION: 2018-09-25
REM21
REM22  COMMENT: Dataset was made from entire historical data provided from contributor from 2018 new WDCGG website open onward
REM23
REM24 M      CO2   V    ND      SD   F   RATIO_A   RATIO_B
REM25        ppm
1986 12  348.350 -99 -9999 -999999 -99  1.000000  0.000000
1987 01  348.780 -99 -9999 -999999 -99  1.000000  0.000000
1987 02  349.160 -99 -9999 -999999 -99  1.000000  0.000000
1987 03  350.190 -99 -9999 -999999 -99  1.000000  0.000000
1987 04  351.700 -99 -9999 -999999 -99  1.000000  0.000000
1987 05  352.520 -99 -9999 -999999 -99  1.000000  0.000000
1987 06  351.850 -99 -9999 -999999 -99  1.000000  0.000000
1987 07  349.780 -99 -9999 -999999 -99  1.000000  0.000000
1987 08  347.850 -99 -9999 -999999 -99  1.000000  0.000000
1987 09  347.030 -99 -9999 -999999 -99  1.000000  0.000000
1987 10  347.880 -99 -9999 -999999 -99  1.000000  0.000000
1987 11  349.350 -99 -9999 -999999 -99  1.000000  0.000000
1987 12  350.690 -99 -9999 -999999 -99  1.000000  0.000000
1988 01  351.420 -99 -9999 -999999 -99  1.000000  0.000000
1988 02  352.050 -99 -9999 -999999 -99  1.000000  0.000000
1988 03  353.300 -99 -9999 -999999 -99  1.000000  0.000000
1988 04  354.750 -99 -9999 -999999 -99  1.000000  0.000000
1988 05  355.120 -99 -9999 -999999 -99  1.000000  0.000000
1988 06  353.620 -99 -9999 -999999 -99  1.000000  0.000000
1988 07  351.070 -99 -9999 -999999 -99  1.000000  0.000000
1988 08  348.470 -99 -9999 -999999 -99  1.000000  0.000000
1988 09  347.610 -99 -9999 -999999 -99  1.000000  0.000000
1988 10  348.580 -99 -9999 -999999 -99  1.000000  0.000000
1988 11  350.530 -99 -9999 -999999 -99  1.000000  0.000000
1988 12  352.110 -99 -9999 -999999 -99  1.000000  0.000000
1989 01  352.960 -99 -9999 -999999 -99  1.000000  0.000000
1989 02  353.760 -99 -9999 -999999 -99  1.000000  0.000000
1989 03  354.920 -99 -9999 -999999 -99  1.000000  0.000000
1989 04  356.180 -99 -9999 -999999 -99  1.000000  0.000000
1989 05  356.600 -99 -9999 -999999 -99  1.000000  0.000000
1989 06  355.210 -99 -9999 -999999 -99  1.000000  0.000000
1989 07  352.750 -99 -9999 -999999 -99  1.000000  0.000000
1989 08  350.240 -99 -9999 -999999 -99  1.000000  0.000000
1989 09  349.490 -99 -9999 -999999 -99  1.000000  0.000000
1989 10  350.910 -99 -9999 -999999 -99  1.000000  0.000000
1989 11  353.250 -99 -9999 -999999 -99  1.000000  0.000000
1989 12  354.980 -99 -9999 -999999 -99  1.000000  0.000000
1990 01  356.020 -99 -9999 -999999 -99  1.000000  0.000000
1990 02  356.650 -99 -9999 -999999 -99  1.000000  0.000000
1990 03  357.320 -99 -9999 -999999 -99  1.000000  0.000000
1990 04  357.980 -99 -9999 -999999 -99  1.000000  0.000000
1990 05  357.910 -99 -9999 -999999 -99  1.000000  0.000000
1990 06  356.440 -99 -9999 -999999 -99  1.000000  0.000000
1990 07  353.960 -99 -9999 -999999 -99  1.000000  0.000000
1990 08  351.960 -99 -9999 -999999 -99  1.000000  0.000000
1990 09  351.640 -99 -9999 -999999 -99  1.000000  0.000000
1990 10  352.920 -99 -9999 -999999 -99  1.000000  0.000000
1990 11  354.760 -99 -9999 -999999 -99  1.000000  0.000000
1990 12  355.930 -99 -9999 -999999 -99  1.000000  0.000000
1991 01  356.570 -99 -9999 -999999 -99  1.000000  0.000000
1991 02  357.240 -99 -9999 -999999 -99  1.000000  0.000000
1991 03  358.370 -99 -9999 -999999 -99  1.000000  0.000000
1991 04  359.790 -99 -9999 -999999 -99  1.000000  0.000000
1991 05  360.130 -99 -9999 -999999 -99  1.000000  0.000000
1991 06  358.720 -99 -9999 -999999 -99  1.000000  0.000000
1991 07  355.710 -99 -9999 -999999 -99  1.000000  0.000000
1991 08  352.880 -99 -9999 -999999 -99  1.000000  0.000000
1991 09  351.870 -99 -9999 -999999 -99  1.000000  0.000000
1991 10  352.740 -99 -9999 -999999 -99  1.000000  0.000000
1991 11  354.640 -99 -9999 -999999 -99  1.000000  0.000000
1991 12  356.310 -99 -9999 -999999 -99  1.000000  0.000000
1992 01  357.410 -99 -9999 -999999 -99  1.000000  0.000000
1992 02  358.320 -99 -9999 -999999 -99  1.000000  0.000000
1992 03  359.710 -99 -9999 -999999 -99  1.000000  0.000000
1992 04  360.980 -99 -9999 -999999 -99  1.000000  0.000000
1992 05  361.050 -99 -9999 -999999 -99  1.000000  0.000000
1992 06  359.230 -99 -9999 -999999 -99  1.000000  0.000000
1992 07  356.120 -99 -9999 -999999 -99  1.000000  0.000000
1992 08  353.640 -99 -9999 -999999 -99  1.000000  0.000000
1992 09  352.710 -99 -9999 -999999 -99  1.000000  0.000000
1992 10  353.760 -99 -9999 -999999 -99  1.000000  0.000000
1992 11  355.510 -99 -9999 -999999 -99  1.000000  0.000000
1992 12  357.050 -99 -9999 -999999 -99  1.000000  0.000000
1993 01  357.810 -99 -9999 -999999 -99  1.000000  0.000000
1993 02  358.360 -99 -9999 -999999 -99  1.000000  0.000000
1993 03  359.520 -99 -9999 -999999 -99  1.000000  0.000000
1993 04  360.900 -99 -9999 -999999 -99  1.000000  0.000000
1993 05  361.250 -99 -9999 -999999 -99  1.000000  0.000000
1993 06  359.660 -99 -9999 -999999 -99  1.000000  0.000000
1993 07  356.480 -99 -9999 -999999 -99  1.000000  0.000000
1993 08  353.480 -99 -9999 -999999 -99  1.000000  0.000000
1993 09  352.450 -99 -9999 -999999 -99  1.000000  0.000000
1993 10  353.630 -99 -9999 -999999 -99  1.000000  0.000000
1993 11  356.220 -99 -9999 -999999 -99  1.000000  0.000000
1993 12  358.670 -99 -9999 -999999 -99  1.000000  0.000000
1994 01  360.140 -99 -9999 -999999 -99  1.000000  0.000000
1994 02  361.250 -99 -9999 -999999 -99  1.000000  0.000000
1994 03  362.520 -99 -9999 -999999 -99  1.000000  0.000000
1994 07  358.570 -99 -9999 -999999 -99  1.000000  0.000000
1994 08  355.880 -99 -9999 -999999 -99  1.000000  0.000000
1994 09  355.110 -99 -9999 -999999 -99  1.000000  0.000000
1994 10  356.300 -99 -9999 -999999 -99  1.000000  0.000000
1994 11  358.570 -99 -9999 -999999 -99  1.000000  0.000000
1994 12  360.490 -99 -9999 -999999 -99  1.000000  0.000000
1995 01  361.580 -99 -9999 -999999 -99  1.000000  0.000000
1995 02  362.480 -99 -9999 -999999 -99  1.000000  0.000000
1995 03  363.560 -99 -9999 -999999 -99  1.000000  0.000000
1995 04  364.630 -99 -9999 -999999 -99  1.000000  0.000000
1995 05  364.740 -99 -9999 -999999 -99  1.000000  0.000000
1995 06  363.000 -99 -9999 -999999 -99  1.000000  0.000000
1995 07  360.270 -99 -9999 -999999 -99  1.000000  0.000000
1995 08  357.590 -99 -9999 -999999 -99  1.000000  0.000000
1995 09  356.800 -99 -9999 -999999 -99  1.000000  0.000000
1995 10  358.250 -99 -9999 -999999 -99  1.000000  0.000000
1995 11  360.510 -99 -9999 -999999 -99  1.000000  0.000000
1995 12  362.040 -99 -9999 -999999 -99  1.000000  0.000000
1996 01  362.820 -99 -9999 -999999 -99  1.000000  0.000000
1996 02  363.360 -99 -9999 -999999 -99  1.000000  0.000000
1996 03  364.290 -99 -9999 -999999 -99  1.000000  0.000000
1996 04  365.650 -99 -9999 -999999 -99  1.000000  0.000000
1996 05  366.270 -99 -9999 -999999 -99  1.000000  0.000000
1996 06  365.380 -99 -9999 -999999 -99  1.000000  0.000000
1996 07  363.050 -99 -9999 -999999 -99  1.000000  0.000000
1996 08  360.730 -99 -9999 -999999 -99  1.000000  0.000000
1996 09  359.870 -99 -9999 -999999 -99  1.000000  0.000000
1996 10  360.540 -99 -9999 -999999 -99  1.000000  0.000000
1996 11  361.990 -99 -9999 -999999 -99  1.000000  0.000000
1996 12  363.170 -99 -9999 -999999 -99  1.000000  0.000000
1997 01  363.900 -99 -9999 -999999 -99  1.000000  0.000000
1997 02  364.680 -99 -9999 -999999 -99  1.000000  0.000000
1997 03  365.930 -99 -9999 -999999 -99  1.000000  0.000000
1997 04  367.370 -99 -9999 -999999 -99  1.000000  0.000000
1997 05  367.630 -99 -9999 -999999 -99  1.000000  0.000000
1997 06  366.050 -99 -9999 -999999 -99  1.000000  0.000000
1997 07  362.840 -99 -9999 -999999 -99  1.000000  0.000000
1997 08  359.920 -99 -9999 -999999 -99  1.000000  0.000000
1997 09  359.140 -99 -9999 -999999 -99  1.000000  0.000000
1997 10  360.610 -99 -9999 -999999 -99  1.000000  0.000000
1997 11  362.920 -99 -9999 -999999 -99  1.000000  0.000000
1998 04  369.700 -99 -9999 -999999 -99  1.000000  0.000000
1998 05  369.830 -99 -9999 -999999 -99  1.000000  0.000000
1998 06  368.370 -99 -9999 -999999 -99  1.000000  0.000000
1998 07  365.830 -99 -9999 -999999 -99  1.000000  0.000000
1998 08  363.910 -99 -9999 -999999 -99  1.000000  0.000000
1998 09  363.500 -99 -9999 -999999 -99  1.000000  0.000000
1998 10  364.910 -99 -9999 -999999 -99  1.000000  0.000000
1998 11  366.850 -99 -9999 -999999 -99  1.000000  0.000000
1998 12  368.550 -99 -9999 -999999 -99  1.000000  0.000000
1999 01  369.510 -99 -9999 -999999 -99  1.000000  0.000000
1999 02  370.210 -99 -9999 -999999 -99  1.000000  0.000000
1999 03  371.400 -99 -9999 -999999 -99  1.000000  0.000000
1999 04  372.600 -99 -9999 -999999 -99  1.000000  0.000000
1999 05  372.750 -99 -9999 -999999 -99  1.000000  0.000000
1999 06  371.140 -99 -9999 -999999 -99  1.000000  0.000000
1999 07  368.350 -99 -9999 -999999 -99  1.000000  0.000000
1999 08  366.030 -99 -9999 -999999 -99  1.000000  0.000000
1999 09  365.510 -99 -9999 -999999 -99  1.000000  0.000000
1999 10  366.590 -99 -9999 -999999 -99  1.000000  0.000000
1999 11  368.320 -99 -9999 -999999 -99  1.000000  0.000000
1999 12  369.450 -99 -9999 -999999 -99  1.000000  0.000000
2000 01  369.870 -99 -9999 -999999 -99  1.000000  0.000000
2000 02  370.530 -99 -9999 -999999 -99  1.000000  0.000000
2000 03  371.930 -99 -9999 -999999 -99  1.000000  0.000000
2000 04  373.330 -99 -9999 -999999 -99  1.000000  0.000000
2000 05  373.630 -99 -9999 -999999 -99  1.000000  0.000000
2000 06  371.740 -99 -9999 -999999 -99  1.000000  0.000000
2000 07  368.600 -99 -9999 -999999 -99  1.000000  0.000000
2002 06  375.720 -99 -9999 -999999 -99  1.000000  0.000000
2002 07  373.070 -99 -9999 -999999 -99  1.000000  0.000000
2002 08  370.530 -99 -9999 -999999 -99  1.000000  0.000000
2002 09  369.740 -99 -9999 -999999 -99  1.000000  0.000000
2002 10  370.840 -99 -9999 -999999 -99  1.000000  0.000000
2002 11  372.980 -99 -9999 -999999 -99  1.000000  0.000000
2002 12  374.820 -99 -9999 -999999 -99  1.000000  0.000000
2003 01  375.920 -99 -9999 -999999 -99  1.000000  0.000000
2003 02  376.750 -99 -9999 -999999 -99  1.000000  0.000000
2003 03  377.930 -99 -9999 -999999 -99  1.000000  0.000000
2003 04  379.430 -99 -9999 -999999 -99  1.000000  0.000000
2003 05  380.050 -99 -9999 -999999 -99  1.000000  0.000000
2003 06  379.030 -99 -9999 -999999 -99  1.000000  0.000000
2003 07  376.450 -99 -9999 -999999 -99  1.000000  0.000000
2003 08  373.900 -99 -9999 -999999 -99  1.000000  0.000000
2003 09  373.080 -99 -9999 -999999 -99  1.000000  0.000000
2003 10  374.180 -99 -9999 -999999 -99  1.000000  0.000000
2003 11  376.000 -99 -9999 -999999 -99  1.000000  0.000000
2003 12  377.710 -99 -9999 -999999 -99  1.000000  0.000000
2004 01  378.690 -99 -9999 -999999 -99  1.000000  0.000000
2004 02  379.340 -99 -9999 -999999 -99  1.000000  0.000000
2004 03  380.370 -99 -9999 -999999 -99  1.000000  0.000000
2004 04  381.340 -99 -9999 -999999 -99  1.000000  0.000000
2004 05  381.220 -99 -9999 -999999 -99  1.000000  0.000000
2004 06  379.240 -99 -9999 -999999 -99  1.000000  0.000000
2004 07  376.040 -99 -9999 -999999 -99  1.000000  0.000000
2004 08  373.450 -99 -9999 -999999 -99  1.000000  0.000000
2004 09  372.980 -99 -9999 -999999 -99  1.000000  0.000000
2004 10  374.540 -99 -9999 -999999 -99  1.000000  0.000000
2004 11  377.200 -99 -9999 -999999 -99  1.000000  0.000000
2004 12  379.350 -99 -9999 -999999 -99  1.000000  0.000000
2005 01  380.440 -99 -9999 -999999 -99  1.000000  0.000000
2005 02  381.210 -99 -9999 -999999 -99  1.000000  0.000000
2005 03  382.360 -99 -9999 -999999 -99  1.000000  0.000000
2005 04  383.530 -99 -9999 -999999 -99  1.000000  0.000000
2005 05  383.540 -99 -9999 -999999 -99  1.000000  0.000000
2005 06  381.670 -99 -9999 -999999 -99  1.000000  0.000000
2005 07  378.820 -99 -9999 -999999 -99  1.000000  0.000000
2005 08  376.030 -99 -9999 -999999 -99  1.000000  0.000000
2005 09  375.200 -99 -9999 -999999 -99  1.000000  0.000000
2005 10  376.430 -99 -9999 -999999 -99  1.000000  0.000000
2005 11  378.880 -99 -9999 -999999 -99  1.000000  0.000000
2005 12  381.080 -99 -9999 -999999 -99  1.000000  0.000000
2006 01  382.540 -99 -9999 -999999 -99  1.000000  0.000000
2006 02  383.800 -99 -9999 -999999 -99  1.000000  0.000000
2006 03  385.140 -99 -9999 -999999 -99  1.000000  0.000000
2006 04  386.310 -99 -9999 -999999 -99  1.000000  0.000000
2006 05  386.300 -99 -9999 -999999 -99  1.000000  0.000000
2006 06  384.280 -99 -9999 -999999 -99  1.000000  0.000000
2006 07  381.280 -99 -9999 -999999 -99  1.000000  0.000000
2006 08  378.450 -99 -9999 -999999 -99  1.000000  0.000000
2006 09  377.770 -99 -9999 -999999 -99  1.000000  0.000000
2006 10  379.470 -99 -9999 -999999 -99  1.000000  0.000000
2006 11  381.970 -99 -9999 -999999 -99  1.000000  0.000000
2006 12  383.570 -99 -9999 -999999 -99  1.000000  0.000000
2007 01  384.290 -99 -9999 -999999 -99  1.000000  0.000000
2007 02  384.750 -99 -9999 -999999 -99  1.000000  0.000000
2007 03  385.670 -99 -9999 -999999 -99  1.000000  0.000000
2007 04  386.900 -99 -9999 -999999 -99  1.000000  0.000000
2007 05  387.470 -99 -9999 -999999 -99  1.000000  0.000000
2007 06  386.170 -99 -9999 -999999 -99  1.000000  0.000000
2007 07  383.230 -99 -9999 -999999 -99  1.000000  0.000000
2007 08  380.470 -99 -9999 -999999 -99  1.000000  0.000000
2007 09  379.660 -99 -9999 -999999 -99  1.000000  0.000000
2007 10  380.970 -99 -9999 -999999 -99  1.000000  0.000000
2007 11  383.370 -99 -9999 -999999 -99  1.000000  0.000000
2007 12  385.210 -99 -9999 -999999 -99  1.000000  0.000000
2008 01  386.410 -99 -9999 -999999 -99  1.000000  0.000000
2008 02  387.310 -99 -9999 -999999 -99  1.000000  0.000000
2008 03  388.460 -99 -9999 -999999 -99  1.000000  0.000000
2008 04  389.930 -99 -9999 -999999 -99  1.000000  0.000000
2008 05  390.420 -99 -9999 -999999 -99  1.000000  0.000000
2008 06  389.140 -99 -9999 -999999 -99  1.000000  0.000000
2008 07  386.120 -99 -9999 -999999 -99  1.000000  0.000000
2008 08  383.120 -99 -9999 -999999 -99  1.000000  0.000000
2008 09  382.010 -99 -9999 -999999 -99  1.000000  0.000000
2008 10  383.110 -99 -9999 -999999 -99  1.000000  0.000000
2008 11  385.200 -99 -9999 -999999 -99  1.000000  0.000000
2008 12  387.360 -99 -9999 -999999 -99  1.000000  0.000000
2009 01  388.780 -99 -9999 -999999 -99  1.000000  0.000000
2009 02  389.660 -99 -9999 -999999 -99  1.000000  0.000000
2009 03  390.740 -99 -9999 -999999 -99  1.000000  0.000000
2009 04  391.590 -99 -9999 -999999 -99  1.000000  0.000000
2009 05  391.300 -99 -9999 -999999 -99  1.000000  0.000000
2009 06  389.170 -99 -9999 -999999 -99  1.000000  0.000000
2009 07  385.860 -99 -9999 -999999 -99  1.000000  0.000000
2009 08  383.370 -99 -9999 -999999 -99  1.000000  0.000000
2009 09  382.660 -99 -9999 -999999 -99  1.000000  0.000000
2009 10  384.220 -99 -9999 -999999 -99  1.000000  0.000000
2009 11  386.610 -99 -9999 -999999 -99  1.000000  0.000000
2009 12  388.960 -99 -9999 -999999 -99  1.000000  0.000000
2011 01  392.630 -99 -9999 -999999 -99  1.000000  0.000000
2011 02  393.430 -99 -9999 -999999 -99  1.000000  0.000000
2011 03  394.460 -99 -9999 -999999 -99  1.000000  0.000000
2011 04  395.400 -99 -9999 -999999 -99  1.000000  0.000000
2011 05  395.190 -99 -9999 -999999 -99  1.000000  0.000000
2011 06  393.310 -99 -9999 -999999 -99  1.000000  0.000000
2011 07  390.710 -99 -9999 -999999 -99  1.000000  0.000000
2011 08  388.430 -99 -9999 -999999 -99  1.000000  0.000000
2011 09  388.110 -99 -9999 -999999 -99  1.000000  0.000000
2011 10  389.560 -99 -9999 -999999 -99  1.000000  0.000000
2011 11  391.890 -99 -9999 -999999 -99  1.000000  0.000000
2011 12  393.610 -99 -9999 -999999 -99  1.000000  0.000000
2012 01  394.380 -99 -9999 -999999 -99  1.000000  0.000000
2014 11  397.770 -99 -9999 -999999 -99  1.000000  0.000000
2014 12  399.730 -99 -9999 -999999 -99  1.000000  0.000000
2015 01  400.980 -99 -9999 -999999 -99  1.000000  0.000000
2015 02  401.890 -99 -9999 -999999 -99  1.000000  0.000000
2015 03  403.220 -99 -9999 -999999 -99  1.000000  0.000000
2015 04  404.480 -99 -9999 -999999 -99  1.000000  0.000000
2015 05  404.630 -99 -9999 -999999 -99  1.000000  0.000000
2015 06  402.960 -99 -9999 -999999 -99  1.000000  0.000000
2015 07  400.020 -99 -9999 -999999 -99  1.000000  0.000000
2015 08  397.720 -99 -9999 -999999 -99  1.000000  0.000000
2015 09  397.070 -99 -9999 -999999 -99  1.000000  0.000000
2015 10  398.590 -99 -9999 -999999 -99  1.000000  0.000000
2015 11  400.950 -99 -9999 -999999 -99  1.000000  0.000000
2015 12  403.340 -99 -9999 -999999 -99  1.000000  0.000000
2016 01  404.950 -99 -9999 -999999 -99  1.000000  0.000000
2016 02  406.020 -99 -9999 -999999 -99  1.000000  0.000000
2016 03  407.300 -99 -9999 -999999 -99  1.000000  0.000000
2016 04  408.370 -99 -9999 -999999 -99  1.000000  0.000000
2016 05  408.140 -99 -9999 -999999 -99  1.000000  0.000000
2016 06  406.110 -99 -9999 -999999 -99  1.000000  0.000000
2016 07  403.330 -99 -9999 -999999 -99  1.000000  0.000000
2016 08  400.860 -99 -9999 -999999 -99  1.000000  0.000000
2016 09  400.440 -99 -9999 -999999 -99  1.000000  0.000000
2016 10  401.960 -99 -9999 -999999 -99  1.000000  0.000000
2016 11  404.470 -99 -9999 -999999 -99  1.000000  0.000000
2016 12  406.430 -99 -9999 -999999 -99  1.000000  0.000000
2017 01  407.390 -99 -9999 -999999 -99  1.000000  0.000000
2017 02  408.120 -99 -9999 -999999 -99  1.000000  0.000000
2017 03  409.150 -99 -9999 -999999 -99  1.000000  0.000000
2017 04  410.300 -99 -9999 -999999 -99  1.000000  0.000000
2017 05  410.620 -99 -9999 -999999 -99  1.000000  0.000000
2017 06  409.140 -99 -9999 -999999 -99  1.000000  0.000000
2017 07  407.270 -99 -9999 -999999 -99  1.000000  0.000000
