REM01  EXPLANATORY 25-LINE FOR THE MONTHLY DATA
REM02  FILENAME: co2_ryo_surface-insitu_1_9999-9999_monthly.txt
REM03  STATION: Ryori
REM04  CATEGORY: GAW Regional
REM05  COUNTRY/TERRITORY: Japan
REM06  SUBMITTED BY: JMA
REM07  LATITUDE:   39 02' N
REM08  LONGITUDE: 141 49' E
REM09  ALTITUDE:      260 m
REM10  RATIO: 1.000000 0.000000
REM11  PARAMETER: CO2
REM12  COVERING PERIOD: January 1987 - May 2018
REM13  UNIT: ppm
REM14  ANALYSIS: NDIR(1987-01-01 - 2003-12-31), NDIR(2004-01-01 - 2008-12-31), NDIR(2009-01-01 - 2018-05-01)
REM15  SAMPLING TYPE: surface-insitu
REM16  CLASSIFICATION: Background observation
REM17  CALIBRATION: WMO CO2 X2007(1987-01-01 - 2018-05-01)
REM18  TABLENAME: RYO239N001iz
REM19  CALCULATION: contributor
REM20  REGISTRATION: 2018-09-27
REM21
REM22  COMMENT: Dataset was made from entire historical data provided from contributor from 2018 new WDCGG website open onward
REM23
REM24 M      CO2   V    ND      SD   F   RATIO_A   RATIO_B
REM25        ppm
1987 01  353.150 -99   227   0.959   3  1.000000  0.000000
1987 02  354.000 -99   263   1.031   3  1.000000  0.000000
1987 03  354.800 -99   231   1.024   3  1.000000  0.000000
1987 04  356.530 -99   126   1.198   3  1.000000  0.000000
1987 05  354.700 -99   141   1.692   3  1.000000  0.000000
1987 06  349.590 -99   138   2.846   3  1.000000  0.000000
1987 07  345.910 -99    64   2.122   3  1.000000  0.000000
1987 08  345.580 -99   102   4.835   3  1.000000  0.000000
1987 09  344.810 -99   289   2.346   3  1.000000  0.000000
1987 10  350.020 -99   215   2.378   3  1.000000  0.000000
1987 11  352.780 -99   369   1.958   3  1.000000  0.000000
1987 12  354.550 -99   395   1.250   3  1.000000  0.000000
1988 01  355.950 -99   351   0.986   3  1.000000  0.000000
1988 02  356.900 -99   294   0.715   3  1.000000  0.000000
1988 03  357.570 -99   483   1.068   3  1.000000  0.000000
1988 04  358.540 -99   418   1.628   3  1.000000  0.000000
1988 05  357.960 -99   324   1.846   3  1.000000  0.000000
1988 06  351.650 -99   245   3.657   3  1.000000  0.000000
1988 07  347.180 -99   303   2.343   3  1.000000  0.000000
1988 08  348.630 -99   156   2.522   3  1.000000  0.000000
1988 09  348.450 -99   293   2.338   3  1.000000  0.000000
1988 10  354.130 -99   245   2.247   3  1.000000  0.000000
1988 11  356.540 -99   361   1.962   3  1.000000  0.000000
1988 12  357.140 -99   400   1.369   3  1.000000  0.000000
1989 01  358.320 -99   355   1.174   3  1.000000  0.000000
1989 02  359.520 -99   355   1.248   3  1.000000  0.000000
1989 03  359.510 -99   419   1.212   3  1.000000  0.000000
1989 04  360.510 -99   506   1.747   3  1.000000  0.000000
1989 05  360.240 -99   306   2.243   3  1.000000  0.000000
1989 06  354.340 -99   303   2.102   3  1.000000  0.000000
1989 07  350.390 -99   257   2.443   3  1.000000  0.000000
1989 08  348.050 -99   146   5.637   3  1.000000  0.000000
1989 09  351.340 -99   235   2.976   3  1.000000  0.000000
1989 10  354.870 -99   320   2.473   3  1.000000  0.000000
1989 11  357.660 -99   395   2.109   3  1.000000  0.000000
1989 12  358.470 -99   388   1.083   3  1.000000  0.000000
1990 01  359.950 -99   355   1.478   3  1.000000  0.000000
1990 02  360.630 -99   459   1.455   3  1.000000  0.000000
1990 03  361.860 -99   367   1.267   3  1.000000  0.000000
1990 04  361.670 -99   442   1.746   3  1.000000  0.000000
1990 05  360.010 -99   251   2.339   3  1.000000  0.000000
1990 06  354.190 -99   169   3.238   3  1.000000  0.000000
1990 07  350.620 -99   197   2.527   3  1.000000  0.000000
1990 08  350.530 -99   127   4.474   3  1.000000  0.000000
1990 09  351.800 -99   289   2.320   3  1.000000  0.000000
1990 10  355.010 -99   315   2.234   3  1.000000  0.000000
1990 11  358.140 -99   400   1.759   3  1.000000  0.000000
1990 12  358.850 -99   352   1.572   3  1.000000  0.000000
1991 01  361.020 -99   277   1.543   3  1.000000  0.000000
1991 02  362.030 -99   391   1.215   3  1.000000  0.000000
1991 03  363.350 -99   215   0.952   3  1.000000  0.000000
1991 04  363.560 -99   358   1.749   3  1.000000  0.000000
1991 05  362.250 -99   261   2.324   3  1.000000  0.000000
1991 06  356.250 -99   231   2.438   3  1.000000  0.000000
1991 07  352.270 -99   204   1.995   3  1.000000  0.000000
1991 08  351.180 -99   226   3.602   3  1.000000  0.000000
1991 09  351.360 -99   220   2.167   3  1.000000  0.000000
1991 10  356.510 -99   340   2.082   3  1.000000  0.000000
1991 11  359.020 -99   300   2.187   3  1.000000  0.000000
1991 12  361.200 -99   323   1.757   3  1.000000  0.000000
1992 01  361.880 -99   314   1.470   3  1.000000  0.000000
1992 02  363.200 -99   303   1.050   3  1.000000  0.000000
1992 03  363.340 -99   363   1.070   3  1.000000  0.000000
1992 04  364.650 -99   391   1.768   3  1.000000  0.000000
1992 05  364.150 -99   281   1.783   3  1.000000  0.000000
1992 06  355.800 -99   169   2.462   3  1.000000  0.000000
1992 07  348.670 -99   150   4.687   3  1.000000  0.000000
1992 08  351.430 -99   199   3.868   3  1.000000  0.000000
1992 09  351.750 -99   240   3.125   3  1.000000  0.000000
1992 10  357.120 -99   338   2.332   3  1.000000  0.000000
1992 11  359.570 -99   273   2.004   3  1.000000  0.000000
1992 12  361.760 -99   336   1.739   3  1.000000  0.000000
1993 01  361.840 -99   428   1.021   3  1.000000  0.000000
1993 02  363.190 -99   397   1.130   3  1.000000  0.000000
1993 03  364.030 -99   405   1.354   3  1.000000  0.000000
1993 04  365.000 -99   394   1.390   3  1.000000  0.000000
1993 05  363.950 -99   309   1.684   3  1.000000  0.000000
1993 06  358.890 -99   173   2.651   3  1.000000  0.000000
1993 07  352.530 -99   230   1.962   3  1.000000  0.000000
1993 08  351.490 -99   199   3.228   3  1.000000  0.000000
1993 09  352.320 -99   234   2.929   3  1.000000  0.000000
1993 10  358.250 -99   219   2.818   3  1.000000  0.000000
1993 11  359.990 -99   328   2.018   3  1.000000  0.000000
1993 12  362.120 -99   385   1.388   3  1.000000  0.000000
1994 01  364.100 -99   386   1.227   3  1.000000  0.000000
1994 02  363.980 -99   243   1.086   3  1.000000  0.000000
1994 03  365.350 -99   292   1.099   3  1.000000  0.000000
1994 04  367.360 -99   318   1.476   3  1.000000  0.000000
1994 05  365.770 -99   304   2.269   3  1.000000  0.000000
1994 06  358.820 -99   154   3.123   3  1.000000  0.000000
1994 07  356.530 -99   170   2.524   3  1.000000  0.000000
1994 08  356.490 -99   177   3.595   3  1.000000  0.000000
1994 09  355.790 -99   290   1.794   3  1.000000  0.000000
1994 10  359.750 -99   270   2.189   3  1.000000  0.000000
1994 11  363.820 -99   271   2.430   3  1.000000  0.000000
1994 12  364.850 -99   349   1.146   3  1.000000  0.000000
1995 01  366.090 -99   264   1.396   3  1.000000  0.000000
1995 02  366.210 -99   310   1.210   3  1.000000  0.000000
1995 03  366.700 -99   364   2.086   3  1.000000  0.000000
1995 04  367.600 -99   238   1.390   3  1.000000  0.000000
1995 05  366.650 -99   292   1.750   3  1.000000  0.000000
1995 06  362.960 -99   271   1.819   3  1.000000  0.000000
1995 07  361.590 -99    62   5.173   3  1.000000  0.000000
1995 08  354.670 -99   134   4.112   3  1.000000  0.000000
1995 09  357.530 -99   195   2.865   3  1.000000  0.000000
1995 10  363.450 -99   259   2.224   3  1.000000  0.000000
1995 11  365.550 -99   326   1.995   3  1.000000  0.000000
1995 12  366.730 -99   213   1.534   3  1.000000  0.000000
1996 01  367.570 -99   258   2.052   3  1.000000  0.000000
1996 02  368.830 -99   305   1.400   3  1.000000  0.000000
1996 03  369.530 -99   409   1.499   3  1.000000  0.000000
1996 04  369.570 -99   390   1.565   3  1.000000  0.000000
1996 05  369.450 -99   356   1.844   3  1.000000  0.000000
1996 06  364.690 -99   211   1.888   3  1.000000  0.000000
1996 07  361.070 -99    86   3.222   3  1.000000  0.000000
1996 08  356.450 -99   225   4.447   3  1.000000  0.000000
1996 09  357.710 -99   275   3.118   3  1.000000  0.000000
1996 10  363.820 -99   311   1.664   3  1.000000  0.000000
1996 11  366.440 -99   359   1.642   3  1.000000  0.000000
1996 12  368.110 -99   379   1.526   3  1.000000  0.000000
1997 01  368.250 -99   348   1.830   3  1.000000  0.000000
1997 02  369.800 -99   325   1.056   3  1.000000  0.000000
1997 03  370.820 -99   446   1.764   3  1.000000  0.000000
1997 04  371.420 -99   379   1.997   3  1.000000  0.000000
1997 05  369.650 -99   375   2.437   3  1.000000  0.000000
1997 06  365.510 -99   127   3.133   3  1.000000  0.000000
1997 07  363.360 -99   131   3.933   3  1.000000  0.000000
1997 08  355.630 -99   180   3.844   3  1.000000  0.000000
1997 09  359.890 -99   227   2.669   3  1.000000  0.000000
1997 10  366.740 -99   239   3.354   3  1.000000  0.000000
1997 11  367.890 -99   357   1.778   3  1.000000  0.000000
1997 12  369.120 -99   375   1.242   3  1.000000  0.000000
1998 01  370.360 -99   386   1.256   3  1.000000  0.000000
1998 02  371.320 -99   415   1.080   3  1.000000  0.000000
1998 03  372.400 -99   363   1.930   3  1.000000  0.000000
1998 04  373.610 -99   317   1.669   3  1.000000  0.000000
1998 05  371.660 -99   241   2.173   3  1.000000  0.000000
1998 06  368.820 -99   301   1.833   3  1.000000  0.000000
1998 07  364.750 -99   158   3.517   3  1.000000  0.000000
1998 08  362.560 -99   170   2.952   3  1.000000  0.000000
1998 09  363.910 -99   248   3.768   3  1.000000  0.000000
1998 10  369.410 -99   324   2.803   3  1.000000  0.000000
1998 11  372.270 -99   336   1.965   3  1.000000  0.000000
1998 12  373.090 -99   412   1.636   3  1.000000  0.000000
1999 01  374.240 -99   410   1.315   3  1.000000  0.000000
1999 02  375.000 -99   300   1.034   3  1.000000  0.000000
1999 03  375.270 -99   423   1.436   3  1.000000  0.000000
1999 04  375.510 -99   442   1.915   3  1.000000  0.000000
1999 05  375.490 -99   298   2.170   3  1.000000  0.000000
1999 06  367.180 -99   183   3.995   3  1.000000  0.000000
1999 07  368.250 -99   155   2.910   3  1.000000  0.000000
1999 08  365.070 -99   289   4.660   3  1.000000  0.000000
1999 09  363.890 -99   249   2.101   3  1.000000  0.000000
1999 10  369.700 -99   356   2.122   3  1.000000  0.000000
1999 11  372.850 -99   283   1.768   3  1.000000  0.000000
1999 12  373.730 -99   384   1.705   3  1.000000  0.000000
2000 01  373.920 -99   305   0.891   3  1.000000  0.000000
2000 02  375.730 -99   222   0.891   3  1.000000  0.000000
2000 03  376.840 -99   509   1.123   3  1.000000  0.000000
2000 04  378.000 -99   494   1.424   3  1.000000  0.000000
2000 05  375.360 -99   351   1.965   3  1.000000  0.000000
2000 06  369.480 -99   149   2.572   3  1.000000  0.000000
2000 07  369.770 -99    79   2.830   3  1.000000  0.000000
2000 08  364.920 -99   111   4.065   3  1.000000  0.000000
2000 09  367.300 -99   313   2.842   3  1.000000  0.000000
2000 10  371.490 -99   299   2.566   3  1.000000  0.000000
2000 11  374.400 -99   370   1.399   3  1.000000  0.000000
2000 12  376.210 -99   413   1.230   3  1.000000  0.000000
2001 01  376.430 -99   399   1.125   3  1.000000  0.000000
2001 02  377.930 -99   322   1.261   3  1.000000  0.000000
2001 03  378.980 -99   503   1.788   3  1.000000  0.000000
2001 04  378.980 -99   405   1.622   3  1.000000  0.000000
2001 05  377.090 -99   333   2.290   3  1.000000  0.000000
2001 06  370.510 -99   189   3.147   3  1.000000  0.000000
2001 07  366.620 -99    53   5.177   3  1.000000  0.000000
2001 08  363.720 -99   215   2.726   3  1.000000  0.000000
2001 09  367.680 -99   300   2.675   3  1.000000  0.000000
2001 10  372.240 -99   321   3.156   3  1.000000  0.000000
2001 11  375.690 -99   287   1.989   3  1.000000  0.000000
2001 12  376.710 -99   391   1.363   3  1.000000  0.000000
2002 01  378.290 -99   471   1.324   3  1.000000  0.000000
2002 02  380.260 -99   335   1.414   3  1.000000  0.000000
2002 03  380.510 -99   339   1.478   3  1.000000  0.000000
2002 04  380.750 -99   457   1.677   3  1.000000  0.000000
2002 05  378.170 -99   243   1.793   3  1.000000  0.000000
2002 06  371.550 -99   243   2.608   3  1.000000  0.000000
2002 07  371.770 -99    74   3.405   3  1.000000  0.000000
2002 08  368.740 -99   150   4.361   3  1.000000  0.000000
2002 09  369.310 -99   251   3.028   3  1.000000  0.000000
2002 10  376.080 -99   279   2.568   3  1.000000  0.000000
2002 11  377.750 -99   367   2.060   3  1.000000  0.000000
2002 12  379.020 -99   409   1.101   3  1.000000  0.000000
2003 01  380.420 -99   525   1.671   3  1.000000  0.000000
2003 02  381.570 -99   368   1.070   3  1.000000  0.000000
2003 03  382.480 -99   474   1.954   3  1.000000  0.000000
2003 04  384.380 -99   473   1.643   3  1.000000  0.000000
2003 05  383.020 -99   361   2.533   3  1.000000  0.000000
2003 06  377.510 -99   197   2.966   3  1.000000  0.000000
2003 07  372.080 -99   239   2.726   3  1.000000  0.000000
2003 08  370.050 -99   154   4.226   3  1.000000  0.000000
2003 09  372.810 -99   246   3.484   3  1.000000  0.000000
2003 10  378.350 -99   373   2.723   3  1.000000  0.000000
2003 11  380.350 -99   363   2.137   3  1.000000  0.000000
2003 12  382.390 -99   356   1.777   3  1.000000  0.000000
2004 01  382.850 -99   466   1.221   3  1.000000  0.000000
2004 02  384.960 -99   420   1.730   3  1.000000  0.000000
2004 03  385.240 -99   499   1.731   3  1.000000  0.000000
2004 04  385.680 -99   467   1.770   3  1.000000  0.000000
2004 05  385.370 -99   323   2.227   3  1.000000  0.000000
2004 06  378.610 -99   140   2.847   3  1.000000  0.000000
2004 07  374.600 -99    98   3.111   3  1.000000  0.000000
2004 08  370.230 -99   189   5.194   3  1.000000  0.000000
2004 09  373.890 -99   202   3.000   3  1.000000  0.000000
2004 10  378.290 -99   399   2.091   3  1.000000  0.000000
2004 11  382.200 -99   408   2.659   3  1.000000  0.000000
2004 12  383.530 -99   495   1.565   3  1.000000  0.000000
2005 01  384.900 -99   492   1.660   3  1.000000  0.000000
2005 02  385.040 -99   318   1.095   3  1.000000  0.000000
2005 03  386.980 -99   467   1.512   3  1.000000  0.000000
2005 04  388.140 -99   458   1.867   3  1.000000  0.000000
2005 05  386.450 -99   376   1.709   3  1.000000  0.000000
2005 06  381.490 -99    93   2.642   3  1.000000  0.000000
2005 07  374.740 -99   151   3.787   3  1.000000  0.000000
2005 08  375.220 -99   100   3.578   3  1.000000  0.000000
2005 09  377.030 -99   263   2.843   3  1.000000  0.000000
2005 10  380.670 -99   343   2.607   3  1.000000  0.000000
2005 11  384.580 -99   279   1.687   3  1.000000  0.000000
2005 12  385.850 -99   505   1.340   3  1.000000  0.000000
2006 01  387.440 -99   535   1.351   3  1.000000  0.000000
2006 02  388.380 -99   485   1.162   3  1.000000  0.000000
2006 03  389.280 -99   544   1.344   3  1.000000  0.000000
2006 04  390.160 -99   571   1.620   3  1.000000  0.000000
2006 05  390.220 -99   308   2.516   3  1.000000  0.000000
2006 06  384.670 -99   219   2.794   3  1.000000  0.000000
2006 07  377.630 -99   149   5.838   3  1.000000  0.000000
2006 08  378.730 -99   153   3.837   3  1.000000  0.000000
2006 09  378.930 -99   279   2.824   3  1.000000  0.000000
2006 10  384.000 -99   364   2.849   3  1.000000  0.000000
2006 11  387.110 -99   379   3.153   3  1.000000  0.000000
2006 12  388.390 -99   404   1.847   3  1.000000  0.000000
2007 01  388.910 -99   619   1.380   3  1.000000  0.000000
2007 02  390.480 -99   448   1.332   3  1.000000  0.000000
2007 03  391.430 -99   478   1.716   3  1.000000  0.000000
2007 04  391.250 -99   520   1.433   3  1.000000  0.000000
2007 05  390.150 -99   271   1.995   3  1.000000  0.000000
2007 06  385.540 -99   176   3.224   3  1.000000  0.000000
2007 07  378.000 -99   216   3.680   3  1.000000  0.000000
2007 08  378.870 -99   121   5.304   3  1.000000  0.000000
2007 09  381.700 -99   228   2.356   3  1.000000  0.000000
2007 10  384.650 -99   344   2.963   3  1.000000  0.000000
2007 11  388.750 -99   373   1.917   3  1.000000  0.000000
2007 12  390.000 -99   373   2.141   3  1.000000  0.000000
2008 01  390.890 -99   515   1.072   3  1.000000  0.000000
2008 02  392.300 -99   478   1.563   3  1.000000  0.000000
2008 03  393.960 -99   576   1.859   3  1.000000  0.000000
2008 04  394.440 -99   537   1.951   3  1.000000  0.000000
2008 05  391.920 -99   415   2.324   3  1.000000  0.000000
2008 06  388.130 -99   179   3.281   3  1.000000  0.000000
2008 07  381.040 -99   131   1.986   3  1.000000  0.000000
2008 08  377.640 -99   252   3.627   3  1.000000  0.000000
2008 09  382.260 -99   177   3.049   3  1.000000  0.000000
2008 10  387.390 -99   331   3.107   3  1.000000  0.000000
2008 11  390.050 -99   456   2.115   3  1.000000  0.000000
2008 12  392.150 -99   516   1.605   3  1.000000  0.000000
2009 01  392.530 -99   594   1.743   3  1.000000  0.000000
2009 02  393.770 -99   387   1.352   3  1.000000  0.000000
2009 03  394.180 -99   559   1.327   3  1.000000  0.000000
2009 04  395.540 -99   499   1.826   3  1.000000  0.000000
2009 05  393.200 -99   328   2.317   3  1.000000  0.000000
2009 06  388.190 -99   252   2.665   3  1.000000  0.000000
2009 07  384.890 -99   121   4.775   3  1.000000  0.000000
2009 08  379.730 -99   238   3.853   3  1.000000  0.000000
2009 09  382.170 -99   320   3.279   3  1.000000  0.000000
2009 10  388.910 -99   308   2.668   3  1.000000  0.000000
2009 11  391.350 -99   382   2.113   3  1.000000  0.000000
2009 12  393.310 -99   562   1.510   3  1.000000  0.000000
2010 01  394.150 -99   485   1.648   3  1.000000  0.000000
2010 02  395.630 -99   459   1.483   3  1.000000  0.000000
2010 03  396.670 -99   547   2.001   3  1.000000  0.000000
2010 04  396.910 -99   517   1.756   3  1.000000  0.000000
2010 05  397.650 -99   368   3.202   3  1.000000  0.000000
2010 06  390.810 -99   146   5.071   3  1.000000  0.000000
2010 07  392.450 -99    70   5.025   3  1.000000  0.000000
2010 08  386.810 -99   110   7.037   3  1.000000  0.000000
2010 09  387.610 -99   262   3.462   3  1.000000  0.000000
2010 10  392.060 -99   344   2.226   3  1.000000  0.000000
2010 11  395.060 -99   423   2.085   3  1.000000  0.000000
2010 12  396.830 -99   470   1.945   3  1.000000  0.000000
2011 01  397.050 -99   573   1.366   3  1.000000  0.000000
2011 02  399.310 -99   415   2.403   3  1.000000  0.000000
2011 03  399.340 -99   172   1.148   3  1.000000  0.000000
2011 04 -9999999 -99     0 -999999   2  1.000000  0.000000
2011 05  398.350 -99   338   2.824   3  1.000000  0.000000
2011 06  393.770 -99   212   5.718   3  1.000000  0.000000
2011 07  388.040 -99   152   6.210   3  1.000000  0.000000
2011 08  385.460 -99   222   4.581   3  1.000000  0.000000
2011 09  388.750 -99   337   2.735   3  1.000000  0.000000
2011 10  393.120 -99   455   3.204   3  1.000000  0.000000
2011 11  396.830 -99   532   2.072   3  1.000000  0.000000
2011 12  398.020 -99   640   1.471   3  1.000000  0.000000
2012 01  399.030 -99   533   1.422   3  1.000000  0.000000
2012 02  399.990 -99   405   1.287   3  1.000000  0.000000
2012 03  401.240 -99   568   1.601   3  1.000000  0.000000
2012 04  402.220 -99   510   2.359   3  1.000000  0.000000
2012 05  400.270 -99   465   2.495   3  1.000000  0.000000
2012 06  394.240 -99   283   2.824   3  1.000000  0.000000
2012 07  392.560 -99   116   5.480   3  1.000000  0.000000
2012 08  389.690 -99    88   6.173   3  1.000000  0.000000
2012 09  391.080 -99   395   2.315   3  1.000000  0.000000
2012 10  396.290 -99   342   2.914   3  1.000000  0.000000
2012 11  399.340 -99   473   2.961   3  1.000000  0.000000
2012 12  400.820 -99   507   1.686   3  1.000000  0.000000
2013 01  401.450 -99   507   1.654   3  1.000000  0.000000
2013 02  403.670 -99   452   2.157   3  1.000000  0.000000
2013 03  404.100 -99   507   1.942   3  1.000000  0.000000
2013 04  404.850 -99   489   1.852   3  1.000000  0.000000
2013 05  402.890 -99   362   2.072   3  1.000000  0.000000
2013 06  397.690 -99   229   4.222   3  1.000000  0.000000
2013 07  391.460 -99   181   4.072   3  1.000000  0.000000
2013 08  392.480 -99    87   5.003   3  1.000000  0.000000
2013 09  392.710 -99   325   3.833   3  1.000000  0.000000
2013 10  398.080 -99   383   2.828   3  1.000000  0.000000
2013 11  402.660 -99   371   3.198   3  1.000000  0.000000
2013 12  402.890 -99   576   1.756   3  1.000000  0.000000
2014 01  405.280 -99   413   1.798   3  1.000000  0.000000
2014 02  405.590 -99   431   2.203   3  1.000000  0.000000
2014 03  406.240 -99   510   1.777   3  1.000000  0.000000
2014 04  407.040 -99   455   2.276   3  1.000000  0.000000
2014 05  405.350 -99   310   2.439   3  1.000000  0.000000
2014 06  399.800 -99   340   2.474   3  1.000000  0.000000
2014 07  392.640 -99   155   5.461   3  1.000000  0.000000
2014 08  391.190 -99   226   5.183   3  1.000000  0.000000
2014 09  393.100 -99   300   3.108   3  1.000000  0.000000
2014 10  400.440 -99   359   4.019   3  1.000000  0.000000
2014 11  402.870 -99   410   1.792   3  1.000000  0.000000
2014 12  405.660 -99   530   2.062   3  1.000000  0.000000
2015 01  406.220 -99   358   1.476   3  1.000000  0.000000
2015 02  406.570 -99   447   1.666   3  1.000000  0.000000
2015 03  408.640 -99   526   2.046   3  1.000000  0.000000
2015 04  408.810 -99   446   2.118   3  1.000000  0.000000
2015 05  407.100 -99   303   2.878   3  1.000000  0.000000
2015 06  401.230 -99   324   3.209   3  1.000000  0.000000
2015 07  396.280 -99    82   8.184   3  1.000000  0.000000
2015 08  394.080 -99   272   4.397   3  1.000000  0.000000
2015 09  395.670 -99   303   3.296   3  1.000000  0.000000
2015 10  402.940 -99   403   2.942   3  1.000000  0.000000
2015 11  404.990 -99   406   2.058   3  1.000000  0.000000
2015 12  407.790 -99   480   1.946   3  1.000000  0.000000
2016 01  409.380 -99   486   1.844   3  1.000000  0.000000
2016 02  410.520 -99   431   1.794   3  1.000000  0.000000
2016 03  411.810 -99   515   1.846   3  1.000000  0.000000
2016 04  412.020 -99   467   2.268   3  1.000000  0.000000
2016 05  409.840 -99   366   2.427   3  1.000000  0.000000
2016 06  403.990 -99   338   3.019   3  1.000000  0.000000
2016 07  399.360 -99   172   3.592   3  1.000000  0.000000
2016 08  400.450 -99   275   4.030   3  1.000000  0.000000
2016 09  401.060 -99   224   4.347   3  1.000000  0.000000
2016 10  406.980 -99   301   3.634   3  1.000000  0.000000
2016 11  409.430 -99   353   2.575   3  1.000000  0.000000
2016 12  411.930 -99   525   2.214   3  1.000000  0.000000
2017 01  412.780 -99   475   1.857  -3  1.000000  0.000000
2017 02  412.810 -99   483   1.226  -3  1.000000  0.000000
2017 03  414.320 -99   475   1.387  -3  1.000000  0.000000
2017 04  415.430 -99   445   2.089  -3  1.000000  0.000000
2017 05  414.070 -99   279   2.526  -3  1.000000  0.000000
2017 06  406.740 -99   277   3.327  -3  1.000000  0.000000
2017 07  400.500 -99    73   8.489  -3  1.000000  0.000000
2017 08  398.630 -99   324   3.552  -3  1.000000  0.000000
2017 09  401.130 -99   252   4.445  -3  1.000000  0.000000
2017 10  408.380 -99   384   2.649  -3  1.000000  0.000000
2017 11  412.420 -99   322   2.121  -3  1.000000  0.000000
2017 12  413.780 -99   503   1.584  -3  1.000000  0.000000
2018 01  414.890 -99   470   1.553  -3  1.000000  0.000000
2018 02  415.790 -99   448   1.659  -3  1.000000  0.000000
2018 03  416.840 -99   505   2.747  -3  1.000000  0.000000
2018 04  417.410 -99   353   2.007  -3  1.000000  0.000000
2018 05  415.850 -99   296   3.296  -3  1.000000  0.000000
