REM01  EXPLANATORY 25-LINE FOR THE MONTHLY DATA
REM02  FILENAME: co2_shm_surface-flask_2_3001-9999_monthly.txt
REM03  STATION: Shemya Island
REM04  CATEGORY: GAW Regional
REM05  COUNTRY/TERRITORY: United States of America
REM06  SUBMITTED BY: NOAA
REM07  LATITUDE:   52 43' N
REM08  LONGITUDE: 174 06' E
REM09  ALTITUDE:       40 m
REM10  RATIO: 1.000000 0.000000
REM11  PARAMETER: CO2
REM12  COVERING PERIOD: September 1985 - November 2017
REM13  UNIT: ppm
REM14  ANALYSIS: NDIR(1985-09-01 - 2017-11-01)
REM15  SAMPLING TYPE: surface-flask
REM16  CLASSIFICATION: Background observation
REM17  CALIBRATION: WMO CO2 X2007(1985-09-01 - 2017-11-01)
REM18  TABLENAME: SHM452N002f1
REM19  CALCULATION: contributor
REM20  REGISTRATION: 2018-09-25
REM21
REM22  COMMENT: Dataset was made from entire historical data provided from contributor from 2018 new WDCGG website open onward
REM23
REM24 M      CO2   V    ND      SD   F   RATIO_A   RATIO_B
REM25        ppm
1985 09  340.130 -99 -9999 -999999 -99  1.000000  0.000000
1985 10  345.770 -99 -9999 -999999 -99  1.000000  0.000000
1985 11  348.770 -99 -9999 -999999 -99  1.000000  0.000000
1985 12  350.400 -99 -9999 -999999 -99  1.000000  0.000000
1986 01  351.030 -99 -9999 -999999 -99  1.000000  0.000000
1986 02  351.630 -99 -9999 -999999 -99  1.000000  0.000000
1986 03  353.400 -99 -9999 -999999 -99  1.000000  0.000000
1986 04  354.740 -99 -9999 -999999 -99  1.000000  0.000000
1986 05  353.960 -99 -9999 -999999 -99  1.000000  0.000000
1986 06  348.960 -99 -9999 -999999 -99  1.000000  0.000000
1986 07  340.220 -99 -9999 -999999 -99  1.000000  0.000000
1986 08  338.260 -99 -9999 -999999 -99  1.000000  0.000000
1986 09  343.750 -99 -9999 -999999 -99  1.000000  0.000000
1986 10  350.420 -99 -9999 -999999 -99  1.000000  0.000000
1986 11  353.260 -99 -9999 -999999 -99  1.000000  0.000000
1986 12  352.910 -99 -9999 -999999 -99  1.000000  0.000000
1987 01  353.650 -99 -9999 -999999 -99  1.000000  0.000000
1987 02  354.720 -99 -9999 -999999 -99  1.000000  0.000000
1987 03  355.420 -99 -9999 -999999 -99  1.000000  0.000000
1987 04  356.700 -99 -9999 -999999 -99  1.000000  0.000000
1987 05  356.900 -99 -9999 -999999 -99  1.000000  0.000000
1987 06  353.010 -99 -9999 -999999 -99  1.000000  0.000000
1987 07  342.820 -99 -9999 -999999 -99  1.000000  0.000000
1987 08  337.300 -99 -9999 -999999 -99  1.000000  0.000000
1987 09  342.910 -99 -9999 -999999 -99  1.000000  0.000000
1987 10  348.770 -99 -9999 -999999 -99  1.000000  0.000000
1987 11  351.400 -99 -9999 -999999 -99  1.000000  0.000000
1987 12  354.200 -99 -9999 -999999 -99  1.000000  0.000000
1988 01  355.960 -99 -9999 -999999 -99  1.000000  0.000000
1988 02  356.480 -99 -9999 -999999 -99  1.000000  0.000000
1988 03  357.420 -99 -9999 -999999 -99  1.000000  0.000000
1988 04  358.670 -99 -9999 -999999 -99  1.000000  0.000000
1988 05  358.580 -99 -9999 -999999 -99  1.000000  0.000000
1988 06  354.980 -99 -9999 -999999 -99  1.000000  0.000000
1988 07  347.090 -99 -9999 -999999 -99  1.000000  0.000000
1988 08  341.940 -99 -9999 -999999 -99  1.000000  0.000000
1988 09  345.560 -99 -9999 -999999 -99  1.000000  0.000000
1988 10  351.410 -99 -9999 -999999 -99  1.000000  0.000000
1988 11  354.980 -99 -9999 -999999 -99  1.000000  0.000000
1988 12  357.440 -99 -9999 -999999 -99  1.000000  0.000000
1989 01  358.900 -99 -9999 -999999 -99  1.000000  0.000000
1989 02  358.890 -99 -9999 -999999 -99  1.000000  0.000000
1989 03  359.260 -99 -9999 -999999 -99  1.000000  0.000000
1989 04  360.540 -99 -9999 -999999 -99  1.000000  0.000000
1989 05  360.190 -99 -9999 -999999 -99  1.000000  0.000000
1989 06  355.010 -99 -9999 -999999 -99  1.000000  0.000000
1989 07  347.050 -99 -9999 -999999 -99  1.000000  0.000000
1989 08  342.760 -99 -9999 -999999 -99  1.000000  0.000000
1989 09  346.760 -99 -9999 -999999 -99  1.000000  0.000000
1989 10  353.020 -99 -9999 -999999 -99  1.000000  0.000000
1989 11  356.380 -99 -9999 -999999 -99  1.000000  0.000000
1989 12  357.790 -99 -9999 -999999 -99  1.000000  0.000000
1990 01  360.180 -99 -9999 -999999 -99  1.000000  0.000000
1990 02  361.000 -99 -9999 -999999 -99  1.000000  0.000000
1990 03  360.610 -99 -9999 -999999 -99  1.000000  0.000000
1990 04  360.920 -99 -9999 -999999 -99  1.000000  0.000000
1990 05  359.560 -99 -9999 -999999 -99  1.000000  0.000000
1990 06  353.790 -99 -9999 -999999 -99  1.000000  0.000000
1990 07  346.500 -99 -9999 -999999 -99  1.000000  0.000000
1990 08  342.590 -99 -9999 -999999 -99  1.000000  0.000000
1990 09  347.100 -99 -9999 -999999 -99  1.000000  0.000000
1990 10  353.840 -99 -9999 -999999 -99  1.000000  0.000000
1990 11  357.660 -99 -9999 -999999 -99  1.000000  0.000000
1990 12  360.270 -99 -9999 -999999 -99  1.000000  0.000000
1991 01  361.030 -99 -9999 -999999 -99  1.000000  0.000000
1991 02  361.000 -99 -9999 -999999 -99  1.000000  0.000000
1991 03  362.100 -99 -9999 -999999 -99  1.000000  0.000000
1991 04  363.460 -99 -9999 -999999 -99  1.000000  0.000000
1991 05  363.210 -99 -9999 -999999 -99  1.000000  0.000000
1991 06  357.700 -99 -9999 -999999 -99  1.000000  0.000000
1991 07  348.280 -99 -9999 -999999 -99  1.000000  0.000000
1991 08  344.430 -99 -9999 -999999 -99  1.000000  0.000000
1991 09  348.850 -99 -9999 -999999 -99  1.000000  0.000000
1991 10  355.190 -99 -9999 -999999 -99  1.000000  0.000000
1991 11  358.600 -99 -9999 -999999 -99  1.000000  0.000000
1991 12  360.050 -99 -9999 -999999 -99  1.000000  0.000000
1992 01  361.320 -99 -9999 -999999 -99  1.000000  0.000000
1992 02  361.890 -99 -9999 -999999 -99  1.000000  0.000000
1992 03  362.340 -99 -9999 -999999 -99  1.000000  0.000000
1992 04  363.150 -99 -9999 -999999 -99  1.000000  0.000000
1992 05  362.330 -99 -9999 -999999 -99  1.000000  0.000000
1992 06  358.190 -99 -9999 -999999 -99  1.000000  0.000000
1992 07  350.610 -99 -9999 -999999 -99  1.000000  0.000000
1992 08  346.430 -99 -9999 -999999 -99  1.000000  0.000000
1992 09  349.500 -99 -9999 -999999 -99  1.000000  0.000000
1992 10  355.470 -99 -9999 -999999 -99  1.000000  0.000000
1992 11  359.060 -99 -9999 -999999 -99  1.000000  0.000000
1992 12  360.590 -99 -9999 -999999 -99  1.000000  0.000000
1993 01  361.750 -99 -9999 -999999 -99  1.000000  0.000000
1993 02  362.230 -99 -9999 -999999 -99  1.000000  0.000000
1993 03  362.450 -99 -9999 -999999 -99  1.000000  0.000000
1993 04  363.120 -99 -9999 -999999 -99  1.000000  0.000000
1993 05  363.500 -99 -9999 -999999 -99  1.000000  0.000000
1993 06  358.770 -99 -9999 -999999 -99  1.000000  0.000000
1993 07  349.700 -99 -9999 -999999 -99  1.000000  0.000000
1993 08  346.290 -99 -9999 -999999 -99  1.000000  0.000000
1993 09  349.900 -99 -9999 -999999 -99  1.000000  0.000000
1993 10  355.640 -99 -9999 -999999 -99  1.000000  0.000000
1993 11  359.180 -99 -9999 -999999 -99  1.000000  0.000000
1993 12  361.210 -99 -9999 -999999 -99  1.000000  0.000000
1994 01  362.870 -99 -9999 -999999 -99  1.000000  0.000000
1994 02  363.510 -99 -9999 -999999 -99  1.000000  0.000000
1994 03  364.180 -99 -9999 -999999 -99  1.000000  0.000000
1994 04  366.000 -99 -9999 -999999 -99  1.000000  0.000000
1994 05  365.920 -99 -9999 -999999 -99  1.000000  0.000000
1994 06  361.710 -99 -9999 -999999 -99  1.000000  0.000000
1994 07  355.230 -99 -9999 -999999 -99  1.000000  0.000000
1994 08  351.010 -99 -9999 -999999 -99  1.000000  0.000000
1994 09  353.450 -99 -9999 -999999 -99  1.000000  0.000000
1994 10  358.340 -99 -9999 -999999 -99  1.000000  0.000000
1994 11  362.310 -99 -9999 -999999 -99  1.000000  0.000000
1994 12  365.110 -99 -9999 -999999 -99  1.000000  0.000000
1995 01  365.190 -99 -9999 -999999 -99  1.000000  0.000000
1995 02  364.530 -99 -9999 -999999 -99  1.000000  0.000000
1995 03  365.270 -99 -9999 -999999 -99  1.000000  0.000000
1995 04  366.120 -99 -9999 -999999 -99  1.000000  0.000000
1995 05  365.940 -99 -9999 -999999 -99  1.000000  0.000000
1995 06  362.250 -99 -9999 -999999 -99  1.000000  0.000000
1995 07  355.020 -99 -9999 -999999 -99  1.000000  0.000000
1995 08  349.950 -99 -9999 -999999 -99  1.000000  0.000000
1995 09  354.020 -99 -9999 -999999 -99  1.000000  0.000000
1995 10  360.000 -99 -9999 -999999 -99  1.000000  0.000000
1995 11  362.630 -99 -9999 -999999 -99  1.000000  0.000000
1995 12  364.220 -99 -9999 -999999 -99  1.000000  0.000000
1996 01  366.200 -99 -9999 -999999 -99  1.000000  0.000000
1996 02  367.530 -99 -9999 -999999 -99  1.000000  0.000000
1996 03  367.870 -99 -9999 -999999 -99  1.000000  0.000000
1996 04  368.150 -99 -9999 -999999 -99  1.000000  0.000000
1996 05  368.090 -99 -9999 -999999 -99  1.000000  0.000000
1996 06  365.360 -99 -9999 -999999 -99  1.000000  0.000000
1996 07  358.750 -99 -9999 -999999 -99  1.000000  0.000000
1996 08  353.280 -99 -9999 -999999 -99  1.000000  0.000000
1996 09  354.800 -99 -9999 -999999 -99  1.000000  0.000000
1996 10  360.720 -99 -9999 -999999 -99  1.000000  0.000000
1996 11  365.420 -99 -9999 -999999 -99  1.000000  0.000000
1996 12  367.160 -99 -9999 -999999 -99  1.000000  0.000000
1997 01  367.610 -99 -9999 -999999 -99  1.000000  0.000000
1997 02  368.300 -99 -9999 -999999 -99  1.000000  0.000000
1997 03  369.170 -99 -9999 -999999 -99  1.000000  0.000000
1997 04  370.480 -99 -9999 -999999 -99  1.000000  0.000000
1997 05  368.890 -99 -9999 -999999 -99  1.000000  0.000000
1997 06  363.970 -99 -9999 -999999 -99  1.000000  0.000000
1997 07  356.830 -99 -9999 -999999 -99  1.000000  0.000000
1997 08  352.420 -99 -9999 -999999 -99  1.000000  0.000000
1997 09  355.370 -99 -9999 -999999 -99  1.000000  0.000000
1997 10  361.510 -99 -9999 -999999 -99  1.000000  0.000000
1997 11  364.940 -99 -9999 -999999 -99  1.000000  0.000000
1997 12  367.500 -99 -9999 -999999 -99  1.000000  0.000000
1998 01  369.760 -99 -9999 -999999 -99  1.000000  0.000000
1998 02  370.480 -99 -9999 -999999 -99  1.000000  0.000000
1998 03  370.780 -99 -9999 -999999 -99  1.000000  0.000000
1998 04  371.790 -99 -9999 -999999 -99  1.000000  0.000000
1998 05  371.970 -99 -9999 -999999 -99  1.000000  0.000000
1998 06  368.370 -99 -9999 -999999 -99  1.000000  0.000000
1998 07  360.490 -99 -9999 -999999 -99  1.000000  0.000000
1998 08  356.050 -99 -9999 -999999 -99  1.000000  0.000000
1998 09  360.490 -99 -9999 -999999 -99  1.000000  0.000000
1998 10  367.080 -99 -9999 -999999 -99  1.000000  0.000000
1998 11  369.870 -99 -9999 -999999 -99  1.000000  0.000000
1998 12  371.360 -99 -9999 -999999 -99  1.000000  0.000000
1999 01  372.870 -99 -9999 -999999 -99  1.000000  0.000000
1999 02  374.210 -99 -9999 -999999 -99  1.000000  0.000000
1999 03  375.220 -99 -9999 -999999 -99  1.000000  0.000000
1999 04  375.470 -99 -9999 -999999 -99  1.000000  0.000000
1999 05  374.470 -99 -9999 -999999 -99  1.000000  0.000000
1999 06  369.340 -99 -9999 -999999 -99  1.000000  0.000000
1999 07  360.490 -99 -9999 -999999 -99  1.000000  0.000000
1999 08  355.860 -99 -9999 -999999 -99  1.000000  0.000000
1999 09  360.000 -99 -9999 -999999 -99  1.000000  0.000000
1999 10  367.460 -99 -9999 -999999 -99  1.000000  0.000000
1999 11  370.950 -99 -9999 -999999 -99  1.000000  0.000000
1999 12  371.870 -99 -9999 -999999 -99  1.000000  0.000000
2000 01  373.220 -99 -9999 -999999 -99  1.000000  0.000000
2000 02  374.990 -99 -9999 -999999 -99  1.000000  0.000000
2000 03  375.950 -99 -9999 -999999 -99  1.000000  0.000000
2000 04  376.230 -99 -9999 -999999 -99  1.000000  0.000000
2000 05  375.260 -99 -9999 -999999 -99  1.000000  0.000000
2000 06  370.410 -99 -9999 -999999 -99  1.000000  0.000000
2000 07  363.420 -99 -9999 -999999 -99  1.000000  0.000000
2000 08  359.410 -99 -9999 -999999 -99  1.000000  0.000000
2000 09  362.380 -99 -9999 -999999 -99  1.000000  0.000000
2000 10  368.480 -99 -9999 -999999 -99  1.000000  0.000000
2000 11  372.950 -99 -9999 -999999 -99  1.000000  0.000000
2000 12  374.230 -99 -9999 -999999 -99  1.000000  0.000000
2001 01  375.900 -99 -9999 -999999 -99  1.000000  0.000000
2001 02  377.390 -99 -9999 -999999 -99  1.000000  0.000000
2001 03  378.110 -99 -9999 -999999 -99  1.000000  0.000000
2001 04  378.680 -99 -9999 -999999 -99  1.000000  0.000000
2001 05  377.160 -99 -9999 -999999 -99  1.000000  0.000000
2001 06  371.370 -99 -9999 -999999 -99  1.000000  0.000000
2001 07  363.890 -99 -9999 -999999 -99  1.000000  0.000000
2001 08  360.230 -99 -9999 -999999 -99  1.000000  0.000000
2001 09  364.320 -99 -9999 -999999 -99  1.000000  0.000000
2001 10  371.150 -99 -9999 -999999 -99  1.000000  0.000000
2001 11  375.000 -99 -9999 -999999 -99  1.000000  0.000000
2001 12  376.140 -99 -9999 -999999 -99  1.000000  0.000000
2002 01  377.050 -99 -9999 -999999 -99  1.000000  0.000000
2002 02  378.030 -99 -9999 -999999 -99  1.000000  0.000000
2002 03  379.670 -99 -9999 -999999 -99  1.000000  0.000000
2002 04  380.570 -99 -9999 -999999 -99  1.000000  0.000000
2002 05  378.560 -99 -9999 -999999 -99  1.000000  0.000000
2002 06  373.280 -99 -9999 -999999 -99  1.000000  0.000000
2002 07  366.610 -99 -9999 -999999 -99  1.000000  0.000000
2002 08  363.600 -99 -9999 -999999 -99  1.000000  0.000000
2002 09  367.130 -99 -9999 -999999 -99  1.000000  0.000000
2002 10  372.690 -99 -9999 -999999 -99  1.000000  0.000000
2002 11  375.750 -99 -9999 -999999 -99  1.000000  0.000000
2002 12  377.710 -99 -9999 -999999 -99  1.000000  0.000000
2003 01  379.450 -99 -9999 -999999 -99  1.000000  0.000000
2003 02  380.570 -99 -9999 -999999 -99  1.000000  0.000000
2003 03  381.380 -99 -9999 -999999 -99  1.000000  0.000000
2003 04  382.900 -99 -9999 -999999 -99  1.000000  0.000000
2003 05  382.570 -99 -9999 -999999 -99  1.000000  0.000000
2003 06  377.800 -99 -9999 -999999 -99  1.000000  0.000000
2003 07  369.870 -99 -9999 -999999 -99  1.000000  0.000000
2003 08  365.710 -99 -9999 -999999 -99  1.000000  0.000000
2003 09  368.600 -99 -9999 -999999 -99  1.000000  0.000000
2003 10  374.970 -99 -9999 -999999 -99  1.000000  0.000000
2003 11  379.140 -99 -9999 -999999 -99  1.000000  0.000000
2003 12  381.120 -99 -9999 -999999 -99  1.000000  0.000000
2004 01  382.950 -99 -9999 -999999 -99  1.000000  0.000000
2004 02  384.410 -99 -9999 -999999 -99  1.000000  0.000000
2004 03  384.830 -99 -9999 -999999 -99  1.000000  0.000000
2004 04  384.860 -99 -9999 -999999 -99  1.000000  0.000000
2004 05  384.700 -99 -9999 -999999 -99  1.000000  0.000000
2004 06  380.460 -99 -9999 -999999 -99  1.000000  0.000000
2004 07  372.360 -99 -9999 -999999 -99  1.000000  0.000000
2004 08  367.510 -99 -9999 -999999 -99  1.000000  0.000000
2004 09  369.410 -99 -9999 -999999 -99  1.000000  0.000000
2004 10  376.370 -99 -9999 -999999 -99  1.000000  0.000000
2004 11  381.540 -99 -9999 -999999 -99  1.000000  0.000000
2004 12  382.820 -99 -9999 -999999 -99  1.000000  0.000000
2005 01  382.980 -99 -9999 -999999 -99  1.000000  0.000000
2005 02  384.270 -99 -9999 -999999 -99  1.000000  0.000000
2005 03  385.980 -99 -9999 -999999 -99  1.000000  0.000000
2005 04  386.710 -99 -9999 -999999 -99  1.000000  0.000000
2005 05  386.060 -99 -9999 -999999 -99  1.000000  0.000000
2005 06  382.150 -99 -9999 -999999 -99  1.000000  0.000000
2005 07  373.170 -99 -9999 -999999 -99  1.000000  0.000000
2005 11  384.650 -99 -9999 -999999 -99  1.000000  0.000000
2005 12  385.840 -99 -9999 -999999 -99  1.000000  0.000000
2006 01  386.230 -99 -9999 -999999 -99  1.000000  0.000000
2006 02  387.890 -99 -9999 -999999 -99  1.000000  0.000000
2006 03  388.780 -99 -9999 -999999 -99  1.000000  0.000000
2006 04  388.620 -99 -9999 -999999 -99  1.000000  0.000000
2006 05  388.610 -99 -9999 -999999 -99  1.000000  0.000000
2006 06  384.930 -99 -9999 -999999 -99  1.000000  0.000000
2006 07  377.780 -99 -9999 -999999 -99  1.000000  0.000000
2006 08  372.800 -99 -9999 -999999 -99  1.000000  0.000000
2006 09  376.310 -99 -9999 -999999 -99  1.000000  0.000000
2006 10  382.260 -99 -9999 -999999 -99  1.000000  0.000000
2006 11  385.670 -99 -9999 -999999 -99  1.000000  0.000000
2006 12  387.600 -99 -9999 -999999 -99  1.000000  0.000000
2007 01  388.890 -99 -9999 -999999 -99  1.000000  0.000000
2007 02  389.770 -99 -9999 -999999 -99  1.000000  0.000000
2007 03  390.730 -99 -9999 -999999 -99  1.000000  0.000000
2007 04  390.790 -99 -9999 -999999 -99  1.000000  0.000000
2007 05  388.480 -99 -9999 -999999 -99  1.000000  0.000000
2007 06  382.710 -99 -9999 -999999 -99  1.000000  0.000000
2007 07  375.750 -99 -9999 -999999 -99  1.000000  0.000000
2007 08  373.340 -99 -9999 -999999 -99  1.000000  0.000000
2007 09  378.200 -99 -9999 -999999 -99  1.000000  0.000000
2007 10  383.770 -99 -9999 -999999 -99  1.000000  0.000000
2007 11  387.000 -99 -9999 -999999 -99  1.000000  0.000000
2007 12  389.020 -99 -9999 -999999 -99  1.000000  0.000000
2008 01  391.120 -99 -9999 -999999 -99  1.000000  0.000000
2008 02  391.750 -99 -9999 -999999 -99  1.000000  0.000000
2008 03  391.820 -99 -9999 -999999 -99  1.000000  0.000000
2008 04  393.220 -99 -9999 -999999 -99  1.000000  0.000000
2008 05  393.000 -99 -9999 -999999 -99  1.000000  0.000000
2008 06  388.010 -99 -9999 -999999 -99  1.000000  0.000000
2008 07  379.740 -99 -9999 -999999 -99  1.000000  0.000000
2008 08  375.920 -99 -9999 -999999 -99  1.000000  0.000000
2008 09  378.740 -99 -9999 -999999 -99  1.000000  0.000000
2008 10  383.870 -99 -9999 -999999 -99  1.000000  0.000000
2008 11  388.130 -99 -9999 -999999 -99  1.000000  0.000000
2008 12  391.050 -99 -9999 -999999 -99  1.000000  0.000000
2009 01  392.280 -99 -9999 -999999 -99  1.000000  0.000000
2009 02  393.380 -99 -9999 -999999 -99  1.000000  0.000000
2009 05  393.690 -99 -9999 -999999 -99  1.000000  0.000000
2009 06  388.520 -99 -9999 -999999 -99  1.000000  0.000000
2009 07  378.940 -99 -9999 -999999 -99  1.000000  0.000000
2009 08  374.500 -99 -9999 -999999 -99  1.000000  0.000000
2009 09  379.060 -99 -9999 -999999 -99  1.000000  0.000000
2009 10  386.300 -99 -9999 -999999 -99  1.000000  0.000000
2009 11  390.770 -99 -9999 -999999 -99  1.000000  0.000000
2009 12  392.530 -99 -9999 -999999 -99  1.000000  0.000000
2010 01  393.760 -99 -9999 -999999 -99  1.000000  0.000000
2010 02  394.820 -99 -9999 -999999 -99  1.000000  0.000000
2010 03  395.620 -99 -9999 -999999 -99  1.000000  0.000000
2010 04  396.530 -99 -9999 -999999 -99  1.000000  0.000000
2010 05  395.030 -99 -9999 -999999 -99  1.000000  0.000000
2010 06  388.510 -99 -9999 -999999 -99  1.000000  0.000000
2010 07  381.850 -99 -9999 -999999 -99  1.000000  0.000000
2010 08  380.420 -99 -9999 -999999 -99  1.000000  0.000000
2010 09  384.240 -99 -9999 -999999 -99  1.000000  0.000000
2010 10  390.510 -99 -9999 -999999 -99  1.000000  0.000000
2010 11  394.070 -99 -9999 -999999 -99  1.000000  0.000000
2010 12  395.160 -99 -9999 -999999 -99  1.000000  0.000000
2011 01  396.030 -99 -9999 -999999 -99  1.000000  0.000000
2011 02  397.090 -99 -9999 -999999 -99  1.000000  0.000000
2011 03  398.440 -99 -9999 -999999 -99  1.000000  0.000000
2011 04  399.100 -99 -9999 -999999 -99  1.000000  0.000000
2011 05  398.330 -99 -9999 -999999 -99  1.000000  0.000000
2011 06  392.550 -99 -9999 -999999 -99  1.000000  0.000000
2011 07  382.280 -99 -9999 -999999 -99  1.000000  0.000000
2011 08  379.200 -99 -9999 -999999 -99  1.000000  0.000000
2011 09  385.570 -99 -9999 -999999 -99  1.000000  0.000000
2011 10  392.440 -99 -9999 -999999 -99  1.000000  0.000000
2011 11  396.440 -99 -9999 -999999 -99  1.000000  0.000000
2011 12  397.770 -99 -9999 -999999 -99  1.000000  0.000000
2012 01  398.300 -99 -9999 -999999 -99  1.000000  0.000000
2012 02  399.650 -99 -9999 -999999 -99  1.000000  0.000000
2012 03  401.560 -99 -9999 -999999 -99  1.000000  0.000000
2012 04  401.820 -99 -9999 -999999 -99  1.000000  0.000000
2012 05  399.980 -99 -9999 -999999 -99  1.000000  0.000000
2012 06  394.690 -99 -9999 -999999 -99  1.000000  0.000000
2012 07  386.330 -99 -9999 -999999 -99  1.000000  0.000000
2012 08  381.920 -99 -9999 -999999 -99  1.000000  0.000000
2012 09  388.340 -99 -9999 -999999 -99  1.000000  0.000000
2012 10  395.140 -99 -9999 -999999 -99  1.000000  0.000000
2012 11  397.370 -99 -9999 -999999 -99  1.000000  0.000000
2012 12  398.820 -99 -9999 -999999 -99  1.000000  0.000000
2013 01  400.090 -99 -9999 -999999 -99  1.000000  0.000000
2013 02  401.690 -99 -9999 -999999 -99  1.000000  0.000000
2013 03  402.730 -99 -9999 -999999 -99  1.000000  0.000000
2013 04  403.180 -99 -9999 -999999 -99  1.000000  0.000000
2013 05  403.210 -99 -9999 -999999 -99  1.000000  0.000000
2013 06  396.240 -99 -9999 -999999 -99  1.000000  0.000000
2013 07  385.670 -99 -9999 -999999 -99  1.000000  0.000000
2013 08  384.610 -99 -9999 -999999 -99  1.000000  0.000000
2013 09  390.770 -99 -9999 -999999 -99  1.000000  0.000000
2014 02  404.460 -99 -9999 -999999 -99  1.000000  0.000000
2014 03  404.550 -99 -9999 -999999 -99  1.000000  0.000000
2014 04  405.160 -99 -9999 -999999 -99  1.000000  0.000000
2014 05  404.580 -99 -9999 -999999 -99  1.000000  0.000000
2014 06  399.530 -99 -9999 -999999 -99  1.000000  0.000000
2014 07  390.180 -99 -9999 -999999 -99  1.000000  0.000000
2014 08  386.710 -99 -9999 -999999 -99  1.000000  0.000000
2014 09  390.450 -99 -9999 -999999 -99  1.000000  0.000000
2014 10  397.030 -99 -9999 -999999 -99  1.000000  0.000000
2014 11  402.500 -99 -9999 -999999 -99  1.000000  0.000000
2014 12  404.100 -99 -9999 -999999 -99  1.000000  0.000000
2015 01  404.510 -99 -9999 -999999 -99  1.000000  0.000000
2015 02  405.330 -99 -9999 -999999 -99  1.000000  0.000000
2015 03  406.520 -99 -9999 -999999 -99  1.000000  0.000000
2015 04  407.350 -99 -9999 -999999 -99  1.000000  0.000000
2015 05  406.190 -99 -9999 -999999 -99  1.000000  0.000000
2015 06  402.930 -99 -9999 -999999 -99  1.000000  0.000000
2015 07  395.290 -99 -9999 -999999 -99  1.000000  0.000000
2015 08  389.620 -99 -9999 -999999 -99  1.000000  0.000000
2015 09  394.210 -99 -9999 -999999 -99  1.000000  0.000000
2015 10  401.530 -99 -9999 -999999 -99  1.000000  0.000000
2015 11  405.060 -99 -9999 -999999 -99  1.000000  0.000000
2015 12  407.500 -99 -9999 -999999 -99  1.000000  0.000000
2016 01  408.770 -99 -9999 -999999 -99  1.000000  0.000000
2016 02  408.680 -99 -9999 -999999 -99  1.000000  0.000000
2016 03  409.160 -99 -9999 -999999 -99  1.000000  0.000000
2016 04  410.460 -99 -9999 -999999 -99  1.000000  0.000000
2016 05  410.060 -99 -9999 -999999 -99  1.000000  0.000000
2016 06  405.600 -99 -9999 -999999 -99  1.000000  0.000000
2016 07  399.400 -99 -9999 -999999 -99  1.000000  0.000000
2016 08  396.360 -99 -9999 -999999 -99  1.000000  0.000000
2016 09  399.380 -99 -9999 -999999 -99  1.000000  0.000000
2016 10  405.070 -99 -9999 -999999 -99  1.000000  0.000000
2016 11  409.030 -99 -9999 -999999 -99  1.000000  0.000000
2016 12  410.140 -99 -9999 -999999 -99  1.000000  0.000000
2017 01  411.110 -99 -9999 -999999 -99  1.000000  0.000000
2017 02  412.350 -99 -9999 -999999 -99  1.000000  0.000000
2017 03  412.890 -99 -9999 -999999 -99  1.000000  0.000000
2017 04  413.770 -99 -9999 -999999 -99  1.000000  0.000000
2017 05  414.060 -99 -9999 -999999 -99  1.000000  0.000000
2017 06  410.110 -99 -9999 -999999 -99  1.000000  0.000000
2017 07  402.730 -99 -9999 -999999 -99  1.000000  0.000000
2017 08  396.080 -99 -9999 -999999 -99  1.000000  0.000000
2017 09  399.020 -99 -9999 -999999 -99  1.000000  0.000000
2017 10  405.810 -99 -9999 -999999 -99  1.000000  0.000000
2017 11  408.940 -99 -9999 -999999 -99  1.000000  0.000000
