REM01  EXPLANATORY 25-LINE FOR THE MONTHLY DATA
REM02  FILENAME: co2_smo_surface-flask_2_3001-9999_monthly.txt
REM03  STATION: Samoa (Cape Matatula)
REM04  CATEGORY: GAW Global
REM05  COUNTRY/TERRITORY: United States of America
REM06  SUBMITTED BY: NOAA
REM07  LATITUDE:   14 15' S
REM08  LONGITUDE: 170 34' W
REM09  ALTITUDE:       77 m
REM10  RATIO: 1.000000 0.000000
REM11  PARAMETER: CO2
REM12  COVERING PERIOD: August 1973 - December 2017
REM13  UNIT: ppm
REM14  ANALYSIS: NDIR(1973-08-01 - 2017-12-01)
REM15  SAMPLING TYPE: surface-flask
REM16  CLASSIFICATION: Background observation
REM17  CALIBRATION: WMO CO2 X2007(1973-08-01 - 2017-12-01)
REM18  TABLENAME: SMO514S002f1
REM19  CALCULATION: contributor
REM20  REGISTRATION: 2018-09-25
REM21
REM22  COMMENT: Dataset was made from entire historical data provided from contributor from 2018 new WDCGG website open onward
REM23
REM24 M      CO2   V    ND      SD   F   RATIO_A   RATIO_B
REM25        ppm
1973 08  330.120 -99 -9999 -999999 -99  1.000000  0.000000
1973 09  330.200 -99 -9999 -999999 -99  1.000000  0.000000
1973 10  330.090 -99 -9999 -999999 -99  1.000000  0.000000
1973 11  330.080 -99 -9999 -999999 -99  1.000000  0.000000
1973 12  330.290 -99 -9999 -999999 -99  1.000000  0.000000
1974 01  330.620 -99 -9999 -999999 -99  1.000000  0.000000
1974 02  331.160 -99 -9999 -999999 -99  1.000000  0.000000
1974 03  331.320 -99 -9999 -999999 -99  1.000000  0.000000
1974 04  331.070 -99 -9999 -999999 -99  1.000000  0.000000
1974 05  331.370 -99 -9999 -999999 -99  1.000000  0.000000
1974 06  331.140 -99 -9999 -999999 -99  1.000000  0.000000
1974 07  330.520 -99 -9999 -999999 -99  1.000000  0.000000
1974 08  330.620 -99 -9999 -999999 -99  1.000000  0.000000
1974 09  330.770 -99 -9999 -999999 -99  1.000000  0.000000
1974 10  331.050 -99 -9999 -999999 -99  1.000000  0.000000
1974 11  330.460 -99 -9999 -999999 -99  1.000000  0.000000
1974 12  329.980 -99 -9999 -999999 -99  1.000000  0.000000
1975 01  330.650 -99 -9999 -999999 -99  1.000000  0.000000
1975 02  330.650 -99 -9999 -999999 -99  1.000000  0.000000
1975 03  330.200 -99 -9999 -999999 -99  1.000000  0.000000
1975 04  329.630 -99 -9999 -999999 -99  1.000000  0.000000
1975 05  329.660 -99 -9999 -999999 -99  1.000000  0.000000
1975 06  330.600 -99 -9999 -999999 -99  1.000000  0.000000
1975 07  330.830 -99 -9999 -999999 -99  1.000000  0.000000
1975 08  330.910 -99 -9999 -999999 -99  1.000000  0.000000
1975 09  331.790 -99 -9999 -999999 -99  1.000000  0.000000
1975 10  331.640 -99 -9999 -999999 -99  1.000000  0.000000
1975 11  330.880 -99 -9999 -999999 -99  1.000000  0.000000
1975 12  330.560 -99 -9999 -999999 -99  1.000000  0.000000
1976 01  332.470 -99    28   0.850 ...  1.000000  0.000000
1976 02  331.890 -99    22   0.380 ...  1.000000  0.000000
1976 03  331.330 -99    29   0.500 ...  1.000000  0.000000
1976 04  331.140 -99    24   0.520 ...  1.000000  0.000000
1976 05  330.930 -99    15   0.640 ...  1.000000  0.000000
1976 06  331.130 -99    21   0.410 ...  1.000000  0.000000
1976 07  330.970 -99    26   0.350 ...  1.000000  0.000000
1976 08  331.130 -99    30   0.210 ...  1.000000  0.000000
1976 09  331.260 -99    22   0.130 ...  1.000000  0.000000
1976 10  331.500 -99    21   0.290 ...  1.000000  0.000000
1976 11  331.950 -99    20   0.310 ...  1.000000  0.000000
1976 12  331.640 -99    15   0.260 ...  1.000000  0.000000
1977 01  331.740 -99    28   0.280 ...  1.000000  0.000000
1977 02  331.980 -99    26   0.350 ...  1.000000  0.000000
1977 03  332.040 -99    24   0.770 ...  1.000000  0.000000
1977 04  332.320 -99    20   0.980 ...  1.000000  0.000000
1977 05  332.910 -99    13   1.130 ...  1.000000  0.000000
1977 06  333.640 -99    27   0.570 ...  1.000000  0.000000
1977 07  333.210 -99    29   0.330 ...  1.000000  0.000000
1977 08  333.020 -99    29   0.290 ...  1.000000  0.000000
1977 09  332.860 -99    10   0.330 ...  1.000000  0.000000
1977 10  333.100 -99    11   0.660 ...  1.000000  0.000000
1977 11 -9999999 -99 -9999 -999999 *..  1.000000  0.000000
1977 12 -9999999 -99 -9999 -999999 *..  1.000000  0.000000
1978 01 -9999999 -99 -9999 -999999 *..  1.000000  0.000000
1978 02  334.540 -99    12   0.910 ...  1.000000  0.000000
1978 03  335.140 -99    27   0.690 ...  1.000000  0.000000
1978 04  335.360 -99    23   0.680 ...  1.000000  0.000000
1978 05  335.010 -99    27   0.730 ...  1.000000  0.000000
1978 06  335.090 -99    21   0.620 ...  1.000000  0.000000
1978 07  334.940 -99    28   0.400 ...  1.000000  0.000000
1978 08  335.520 -99    24   0.300 ...  1.000000  0.000000
1978 09  335.430 -99    14   0.280 ...  1.000000  0.000000
1978 10 -9999999 -99 -9999 -999999 *..  1.000000  0.000000
1978 11 -9999999 -99 -9999 -999999 *..  1.000000  0.000000
1978 12 -9999999 -99 -9999 -999999 *..  1.000000  0.000000
1979 01 -9999999 -99 -9999 -999999 *..  1.000000  0.000000
1979 02  336.110 -99    19   0.690 ...  1.000000  0.000000
1979 03  335.910 -99    26   0.530 ...  1.000000  0.000000
1979 04  336.310 -99    27   0.800 ...  1.000000  0.000000
1979 05  335.940 -99    24   0.750 ...  1.000000  0.000000
1979 06  336.030 -99    29   0.470 ...  1.000000  0.000000
1979 07  336.270 -99    28   0.520 ...  1.000000  0.000000
1979 08  336.340 -99    30   0.420 ...  1.000000  0.000000
1979 09  336.320 -99    30   0.190 ...  1.000000  0.000000
1979 10  336.590 -99    31   0.170 ...  1.000000  0.000000
1979 11  336.600 -99    26   0.240 ...  1.000000  0.000000
1979 12  336.830 -99    27   0.320 ...  1.000000  0.000000
1980 01  337.460 -99    31   0.310 ...  1.000000  0.000000
1980 02  337.540 -99    28   0.470 ...  1.000000  0.000000
1980 03  337.900 -99    31   0.510 ...  1.000000  0.000000
1980 04  337.280 -99    27   0.780 ...  1.000000  0.000000
1980 05  337.840 -99    30   0.630 ...  1.000000  0.000000
1980 06  337.980 -99    30   0.430 ...  1.000000  0.000000
1980 07  338.350 -99    30   0.360 ...  1.000000  0.000000
1980 08  338.290 -99    30   0.270 ...  1.000000  0.000000
1980 09  338.190 -99    30   0.120 ...  1.000000  0.000000
1980 10  338.090 -99    30   0.180 ...  1.000000  0.000000
1980 11  338.520 -99    28   0.190 ...  1.000000  0.000000
1980 12  338.750 -99    27   0.190 ...  1.000000  0.000000
1981 01  338.840 -99    29   0.370 ...  1.000000  0.000000
1981 02  339.210 -99    23   0.630 ...  1.000000  0.000000
1981 03  338.440 -99    21   1.050 ...  1.000000  0.000000
1981 04  339.350 -99    27   0.740 ...  1.000000  0.000000
1981 05  338.760 -99    30   0.730 ...  1.000000  0.000000
1981 06  339.290 -99    27   0.490 ...  1.000000  0.000000
1981 07  339.060 -99    31   0.290 ...  1.000000  0.000000
1981 08  339.190 -99    29   0.340 ...  1.000000  0.000000
1981 09  339.210 -99    30   0.360 ...  1.000000  0.000000
1981 10  338.980 -99    31   0.230 ...  1.000000  0.000000
1981 11  339.410 -99    30   0.240 ...  1.000000  0.000000
1981 12  339.790 -99    27   0.240 ...  1.000000  0.000000
1982 01  340.340 -99    31   0.330 ...  1.000000  0.000000
1982 02  340.340 -99    28   0.540 ...  1.000000  0.000000
1982 03  340.310 -99    20   0.350 ...  1.000000  0.000000
1982 04  340.010 -99     5   0.220 ...  1.000000  0.000000
1982 05  339.920 -99    15   0.440 ...  1.000000  0.000000
1982 06  339.870 -99    29   0.620 ...  1.000000  0.000000
1982 07  340.580 -99    30   0.570 ...  1.000000  0.000000
1982 08  340.570 -99    27   0.440 ...  1.000000  0.000000
1982 09  340.250 -99    29   0.350 ...  1.000000  0.000000
1982 10  340.190 -99    26   0.390 ...  1.000000  0.000000
1982 11  340.360 -99    30   0.360 ...  1.000000  0.000000
1982 12  340.380 -99    29   0.300 ...  1.000000  0.000000
1983 01  340.560 -99    30   0.400 ...  1.000000  0.000000
1983 02  340.750 -99    25   0.240 ...  1.000000  0.000000
1983 03  340.910 -99    30   0.550 ...  1.000000  0.000000
1983 04  340.840 -99    29   0.260 ...  1.000000  0.000000
1983 05  341.360 -99    31   0.330 ...  1.000000  0.000000
1983 06  341.850 -99    30   0.420 ...  1.000000  0.000000
1983 07  342.100 -99    31   0.310 ...  1.000000  0.000000
1983 08  342.200 -99    31   0.170 ...  1.000000  0.000000
1983 09  342.230 -99    30   0.200 ...  1.000000  0.000000
1983 10  342.330 -99    30   0.190 ...  1.000000  0.000000
1983 11  342.680 -99    28   0.140 ...  1.000000  0.000000
1983 12  342.840 -99    28   0.220 ...  1.000000  0.000000
1984 01  343.340 -99    29   0.290 ...  1.000000  0.000000
1984 02  343.650 -99    29   0.360 ...  1.000000  0.000000
1984 03  343.640 -99    27   1.090 ...  1.000000  0.000000
1984 04  343.770 -99    28   0.820 ...  1.000000  0.000000
1984 05  342.670 -99    31   0.410 ...  1.000000  0.000000
1984 06  343.000 -99    30   0.550 ...  1.000000  0.000000
1984 07  343.360 -99    31   0.540 ...  1.000000  0.000000
1984 08  343.500 -99    30   0.210 ...  1.000000  0.000000
1984 09  343.550 -99    30   0.180 ...  1.000000  0.000000
1984 10  343.540 -99    31   0.220 ...  1.000000  0.000000
1984 11  343.620 -99    30   0.260 ...  1.000000  0.000000
1984 12  344.240 -99    28   0.250 ...  1.000000  0.000000
1985 01  344.220 -99    31   0.670 ...  1.000000  0.000000
1985 02  344.680 -99    28   0.280 ...  1.000000  0.000000
1985 03  344.780 -99    30   0.600 ...  1.000000  0.000000
1985 04  344.550 -99    30   0.700 ...  1.000000  0.000000
1985 05  344.900 -99    30   1.150 ...  1.000000  0.000000
1985 06  344.600 -99    29   0.680 ...  1.000000  0.000000
1985 07  344.970 -99    31   0.450 ...  1.000000  0.000000
1985 08  344.960 -99    31   0.430 ...  1.000000  0.000000
1985 09  344.540 -99    29   0.140 ...  1.000000  0.000000
1985 10  344.490 -99    31   0.200 ...  1.000000  0.000000
1985 11  344.750 -99    30   0.160 ...  1.000000  0.000000
1985 12  345.250 -99    31   0.240 ...  1.000000  0.000000
1986 01  345.780 -99    29   0.470 ...  1.000000  0.000000
1986 02  345.990 -99    17   0.590 ...  1.000000  0.000000
1986 03  345.860 -99    25   0.420 ...  1.000000  0.000000
1986 04  346.000 -99    28   0.840 ...  1.000000  0.000000
1986 05  345.700 -99    28   0.730 ...  1.000000  0.000000
1986 06  346.550 -99    27   0.480 ...  1.000000  0.000000
1986 07  346.350 -99    25   0.720 ...  1.000000  0.000000
1986 08  346.000 -99    31   0.360 ...  1.000000  0.000000
1986 09  346.180 -99    30   0.200 ...  1.000000  0.000000
1986 10  346.270 -99    31   0.210 ...  1.000000  0.000000
1986 11  346.250 -99    30   0.250 ...  1.000000  0.000000
1986 12  346.390 -99    29   0.310 ...  1.000000  0.000000
1987 01  346.780 -99    27   0.610 ...  1.000000  0.000000
1987 02  347.080 -99    24   0.640 ...  1.000000  0.000000
1987 03  347.010 -99    28   0.470 ...  1.000000  0.000000
1987 04  346.600 -99    29   0.650 ...  1.000000  0.000000
1987 05  348.080 -99    31   1.060 ...  1.000000  0.000000
1987 06  348.020 -99    27   0.720 ...  1.000000  0.000000
1987 07  348.450 -99    31   0.810 ...  1.000000  0.000000
1987 08  347.970 -99    18   0.280 ...  1.000000  0.000000
1987 09  348.170 -99    29   0.200 ...  1.000000  0.000000
1987 10  348.260 -99    28   0.200 ...  1.000000  0.000000
1987 11  348.440 -99    30   0.200 ...  1.000000  0.000000
1987 12  349.050 -99    30   0.210 ...  1.000000  0.000000
1988 01  349.490 -99    31   0.310 ...  1.000000  0.000000
1988 02  349.890 -99    26   0.380 ...  1.000000  0.000000
1988 03  349.800 -99    28   0.870 ...  1.000000  0.000000
1988 04  350.980 -99    26   1.660 ...  1.000000  0.000000
1988 05  349.850 -99    28   1.020 ...  1.000000  0.000000
1988 06  349.820 -99    30   0.640 ...  1.000000  0.000000
1988 07  350.110 -99    31   0.460 ...  1.000000  0.000000
1988 08  350.170 -99    31   0.350 ...  1.000000  0.000000
1988 09  349.760 -99    30   0.190 ...  1.000000  0.000000
1988 10  350.120 -99    31   0.260 ...  1.000000  0.000000
1988 11  350.600 -99    30   0.230 ...  1.000000  0.000000
1988 12  351.220 -99    27   0.420 ...  1.000000  0.000000
1989 01  351.530 -99    31   0.270 ...  1.000000  0.000000
1989 02  351.860 -99    28   0.280 ...  1.000000  0.000000
1989 03  351.650 -99    30   0.790 ...  1.000000  0.000000
1989 04  351.660 -99    16   0.670 ...  1.000000  0.000000
1989 05  351.930 -99    31   0.700 ...  1.000000  0.000000
1989 06  350.980 -99    29   0.510 ...  1.000000  0.000000
1989 07  351.320 -99    31   0.530 ...  1.000000  0.000000
1989 08  351.350 -99    30   0.290 ...  1.000000  0.000000
1989 09  351.270 -99    30   0.140 ...  1.000000  0.000000
1989 10  351.390 -99    31   0.230 ...  1.000000  0.000000
1989 11  351.790 -99    29   0.260 ...  1.000000  0.000000
1989 12  351.790 -99    31   0.440 ...  1.000000  0.000000
1990 01  352.420 -99    31   0.350 ...  1.000000  0.000000
1990 02  353.340 -99     3   0.280 ...  1.000000  0.000000
1990 03 -9999999 -99 -9999 -999999 *..  1.000000  0.000000
1990 04 -9999999 -99 -9999 -999999 *..  1.000000  0.000000
1990 05  352.310 -99    27   0.360 ...  1.000000  0.000000
1990 06  353.030 -99    30   0.390 ...  1.000000  0.000000
1990 07  352.860 -99    29   0.360 ...  1.000000  0.000000
1990 08  352.930 -99    31   0.350 ...  1.000000  0.000000
1990 09  352.970 -99    28   0.220 ...  1.000000  0.000000
1990 10  352.840 -99    31   0.160 ...  1.000000  0.000000
1990 11  352.980 -99    29   0.200 ...  1.000000  0.000000
1990 12  353.540 -99    31   0.410 ...  1.000000  0.000000
1991 01  354.110 -99    28   0.240 ...  1.000000  0.000000
1991 02  354.480 -99    27   0.490 ...  1.000000  0.000000
1991 03  354.450 -99    31   0.530 ...  1.000000  0.000000
1991 04  353.880 -99    30   0.680 ...  1.000000  0.000000
1991 05  353.730 -99    29   0.820 ...  1.000000  0.000000
1991 06  354.070 -99    29   0.420 ...  1.000000  0.000000
1991 07  354.280 -99    31   0.330 ...  1.000000  0.000000
1991 08  353.910 -99    29   0.210 ...  1.000000  0.000000
1991 09  353.750 -99    30   0.160 ...  1.000000  0.000000
1991 10  353.860 -99    30   0.120 ...  1.000000  0.000000
1991 11  354.470 -99    30   0.270 ...  1.000000  0.000000
1991 12  354.900 -99    29   0.360 ...  1.000000  0.000000
1992 01  354.420 -99    26   0.520 ...  1.000000  0.000000
1992 02  354.730 -99    26   0.740 ...  1.000000  0.000000
1992 03  354.950 -99    29   0.850 ...  1.000000  0.000000
1992 04  354.770 -99    30   0.650 ...  1.000000  0.000000
1992 05  354.790 -99    28   0.360 ...  1.000000  0.000000
1992 06  355.040 -99    30   0.390 ...  1.000000  0.000000
1992 07  355.590 -99    30   0.210 ...  1.000000  0.000000
1992 08  355.560 -99    31   0.330 ...  1.000000  0.000000
1992 09  355.210 -99    30   0.110 ...  1.000000  0.000000
1992 10  355.340 -99    31   0.160 ...  1.000000  0.000000
1992 11  355.020 -99    30   0.130 ...  1.000000  0.000000
1992 12  355.470 -99    26   0.340 ...  1.000000  0.000000
1993 01  355.630 -99    28   0.490 ...  1.000000  0.000000
1993 02  355.540 -99    27   0.710 ...  1.000000  0.000000
1993 03  356.120 -99    31   0.460 ...  1.000000  0.000000
1993 04  355.840 -99    28   0.690 ...  1.000000  0.000000
1993 05  354.930 -99    31   0.480 ...  1.000000  0.000000
1993 06  355.630 -99    30   0.280 ...  1.000000  0.000000
1993 07  355.690 -99    31   0.400 ...  1.000000  0.000000
1993 08  356.270 -99    30   0.240 ...  1.000000  0.000000
1993 09  355.940 -99    30   0.200 ...  1.000000  0.000000
1993 10  356.010 -99    31   0.220 ...  1.000000  0.000000
1993 11  356.350 -99    30   0.260 ...  1.000000  0.000000
1993 12  356.820 -99    30   0.210 ...  1.000000  0.000000
1994 01  357.110 -99    29   0.440 ...  1.000000  0.000000
1994 02  357.480 -99    26   0.420 ...  1.000000  0.000000
1994 03  357.260 -99    26   0.680 ...  1.000000  0.000000
1994 04  357.510 -99    29   0.810 ...  1.000000  0.000000
1994 05  356.900 -99    27   0.570 ...  1.000000  0.000000
1994 06  357.210 -99    30   0.690 ...  1.000000  0.000000
1994 07  357.780 -99    30   0.500 ...  1.000000  0.000000
1994 08  357.490 -99    31   0.230 ...  1.000000  0.000000
1994 09  357.480 -99    27   0.120 ...  1.000000  0.000000
1994 10  357.770 -99    31   0.230 ...  1.000000  0.000000
1994 11  358.310 -99    30   0.170 ...  1.000000  0.000000
1994 12  358.740 -99    31   0.250 ...  1.000000  0.000000
1995 01  358.710 -99    31   0.490 ...  1.000000  0.000000
1995 02  359.520 -99    27   0.350 ...  1.000000  0.000000
1995 03  359.480 -99    31   0.460 ...  1.000000  0.000000
1995 04  359.220 -99    26   0.860 ...  1.000000  0.000000
1995 05  359.660 -99    31   0.670 ...  1.000000  0.000000
1995 06  359.520 -99    27   0.580 ...  1.000000  0.000000
1995 07  359.690 -99    31   0.360 ...  1.000000  0.000000
1995 08  359.510 -99    29   0.290 ...  1.000000  0.000000
1995 09  359.370 -99    30   0.170 ...  1.000000  0.000000
1995 10  359.680 -99    30   0.210 ...  1.000000  0.000000
1995 11  360.100 -99    11   0.200 ...  1.000000  0.000000
1995 12  360.300 -99     6   0.170 ...  1.000000  0.000000
1996 01  361.280 -99    30   0.310 ...  1.000000  0.000000
1996 02  361.430 -99    28   0.480 ...  1.000000  0.000000
1996 03  361.360 -99    27   0.530 ...  1.000000  0.000000
1996 04  360.330 -99    30   0.670 ...  1.000000  0.000000
1996 05  360.930 -99    15   0.690 ...  1.000000  0.000000
1996 06  361.080 -99    23   0.690 ...  1.000000  0.000000
1996 07  360.770 -99    27   0.300 ...  1.000000  0.000000
1996 08  360.940 -99    31   0.340 ...  1.000000  0.000000
1996 09  360.830 -99    29   0.300 ...  1.000000  0.000000
1996 10  360.930 -99    21   0.210 ...  1.000000  0.000000
1996 11  361.380 -99    28   0.190 ...  1.000000  0.000000
1996 12  361.820 -99    30   0.270 ...  1.000000  0.000000
1997 01  362.000 -99    27   0.560 ...  1.000000  0.000000
1997 02  362.300 -99    22   0.430 ...  1.000000  0.000000
1997 03  362.450 -99    30   1.140 ...  1.000000  0.000000
1997 04  361.890 -99    28   0.570 ...  1.000000  0.000000
1997 05  361.370 -99    21   0.420 ...  1.000000  0.000000
1997 06  361.380 -99    28   0.230 ...  1.000000  0.000000
1997 07  362.150 -99    27   0.300 ...  1.000000  0.000000
1997 08  362.110 -99    28   0.250 ...  1.000000  0.000000
1997 09  362.120 -99     6   0.090 ...  1.000000  0.000000
1997 10 -9999999 -99 -9999 -999999 *..  1.000000  0.000000
1997 11  363.210 -99     7   0.300 ...  1.000000  0.000000
1997 12  363.470 -99    20   0.320 ...  1.000000  0.000000
1998 01  363.820 -99    18   0.400 ...  1.000000  0.000000
1998 02  363.450 -99    13   0.420 ...  1.000000  0.000000
1998 03  363.670 -99    23   0.560 ...  1.000000  0.000000
1998 04  363.190 -99    16   0.150 ...  1.000000  0.000000
1998 05 -9999999 -99 -9999 -999999 *..  1.000000  0.000000
1998 06 -9999999 -99 -9999 -999999 *..  1.000000  0.000000
1998 07  365.030 -99    12   0.200 ...  1.000000  0.000000
1998 08  365.120 -99    30   0.270 ...  1.000000  0.000000
1998 09  365.210 -99    30   0.170 ...  1.000000  0.000000
1998 10  365.400 -99    31   0.250 ...  1.000000  0.000000
1998 11  365.970 -99    28   0.230 ...  1.000000  0.000000
1998 12  366.410 -99    30   0.340 ...  1.000000  0.000000
1999 01  366.800 -99    31   0.460 ...  1.000000  0.000000
1999 02  367.240 -99    28   0.670 ...  1.000000  0.000000
1999 03  366.410 -99    30   0.460 ...  1.000000  0.000000
1999 04  366.900 -99    29   0.730 ...  1.000000  0.000000
1999 05  366.820 -99    27   0.890 ...  1.000000  0.000000
1999 06  367.930 -99     5   0.130 ...  1.000000  0.000000
1999 07  367.270 -99    18   0.310 ...  1.000000  0.000000
1999 08  367.330 -99    31   0.210 ...  1.000000  0.000000
1999 09  366.770 -99    30   0.260 ...  1.000000  0.000000
1999 10  367.010 -99    30   0.210 ...  1.000000  0.000000
1999 11  367.370 -99    30   0.230 ...  1.000000  0.000000
1999 12  367.720 -99    29   0.270 ...  1.000000  0.000000
2000 01  368.460 -99    28   0.170 ...  1.000000  0.000000
2000 02  368.260 -99    27   0.520 ...  1.000000  0.000000
2000 03  368.620 -99    20   0.750 ...  1.000000  0.000000
2000 04  368.140 -99    28   0.840 ...  1.000000  0.000000
2000 05  367.610 -99    28   0.810 ...  1.000000  0.000000
2000 06  367.490 -99    28   0.650 ...  1.000000  0.000000
2000 07  368.310 -99    31   0.600 ...  1.000000  0.000000
2000 08  368.540 -99    31   0.340 ...  1.000000  0.000000
2000 09  368.410 -99    30   0.210 ...  1.000000  0.000000
2000 10  369.050 -99    29   0.360 ...  1.000000  0.000000
2000 11  369.440 -99    28   0.270 ...  1.000000  0.000000
2000 12  369.210 -99    24   0.500 ...  1.000000  0.000000
2001 01  369.500 -99    28   0.340 ...  1.000000  0.000000
2001 02  369.860 -99    26   0.640 ...  1.000000  0.000000
2001 03  370.010 -99    31   0.730 ...  1.000000  0.000000
2001 04  369.320 -99    27   0.720 ...  1.000000  0.000000
2001 05  368.730 -99    30   0.780 ...  1.000000  0.000000
2001 06  369.870 -99    30   0.660 ...  1.000000  0.000000
2001 07  370.280 -99    31   0.670 ...  1.000000  0.000000
2001 08  369.980 -99    31   0.380 ...  1.000000  0.000000
2001 09  369.810 -99    30   0.180 ...  1.000000  0.000000
2001 10  369.930 -99    30   0.280 ...  1.000000  0.000000
2001 11  370.230 -99    30   0.210 ...  1.000000  0.000000
2001 12  370.560 -99    30   0.350 ...  1.000000  0.000000
2002 01  371.010 -99    31   0.240 ...  1.000000  0.000000
2002 02  371.520 -99    27   0.530 ...  1.000000  0.000000
2002 03  372.790 -99    25   0.540 ...  1.000000  0.000000
2002 04  372.080 -99    28   0.560 ...  1.000000  0.000000
2002 05  371.140 -99    23   0.710 ...  1.000000  0.000000
2002 06  371.260 -99    30   0.250 ...  1.000000  0.000000
2002 07  372.000 -99    31   0.540 ...  1.000000  0.000000
2002 08  372.130 -99    31   0.460 ...  1.000000  0.000000
2002 09  372.040 -99    30   0.160 ...  1.000000  0.000000
2002 10  372.300 -99    31   0.190 ...  1.000000  0.000000
2002 11  372.990 -99    30   0.200 ...  1.000000  0.000000
2002 12  373.140 -99    31   0.360 ...  1.000000  0.000000
2003 01  373.790 -99    30   0.490 ...  1.000000  0.000000
2003 02  373.340 -99    17   0.730 ...  1.000000  0.000000
2003 03  374.330 -99    29   0.420 ...  1.000000  0.000000
2003 04  373.880 -99    29   0.850 ...  1.000000  0.000000
2003 05  373.510 -99    31   0.450 ...  1.000000  0.000000
2003 06  373.360 -99    30   0.430 ...  1.000000  0.000000
2003 07  374.130 -99    31   0.510 ...  1.000000  0.000000
2003 08  374.480 -99    29   0.390 ...  1.000000  0.000000
2003 09  374.240 -99    30   0.270 ...  1.000000  0.000000
2003 10  374.380 -99    30   0.160 ...  1.000000  0.000000
2003 11  374.680 -99    29   0.280 ...  1.000000  0.000000
2003 12  375.210 -99    31   0.190 ...  1.000000  0.000000
2004 01  375.320 -99    22   0.590 ...  1.000000  0.000000
2004 02  375.920 -99    29   0.480 ...  1.000000  0.000000
2004 03  376.220 -99    26   0.790 ...  1.000000  0.000000
2004 04  375.980 -99    30   1.150 ...  1.000000  0.000000
2004 05  375.520 -99    31   0.320 ...  1.000000  0.000000
2004 06  375.990 -99    17   0.620 ...  1.000000  0.000000
2004 07  376.200 -99    30   0.420 ...  1.000000  0.000000
2004 08  376.500 -99    31   0.260 ...  1.000000  0.000000
2004 09  375.960 -99    30   0.190 ...  1.000000  0.000000
2004 10  376.020 -99    31   0.170 ...  1.000000  0.000000
2004 11  376.390 -99    30   0.270 ...  1.000000  0.000000
2004 12  376.890 -99    31   0.260 ...  1.000000  0.000000
2005 01  377.520 -99    30   0.320 ...  1.000000  0.000000
2005 02  376.840 -99    19   0.940 ...  1.000000  0.000000
2005 03  377.920 -99    29   0.660 ...  1.000000  0.000000
2005 04  377.770 -99    29   0.840 ...  1.000000  0.000000
2005 05  377.180 -99    31   0.770 ...  1.000000  0.000000
2005 06  378.000 -99    30   0.530 ...  1.000000  0.000000
2005 07  378.060 -99    31   0.640 ...  1.000000  0.000000
2005 08  378.310 -99    31   0.340 ...  1.000000  0.000000
2005 09  378.220 -99    30   0.190 ...  1.000000  0.000000
2005 10  378.350 -99    31   0.150 ...  1.000000  0.000000
2005 11  378.820 -99    29   0.220 ...  1.000000  0.000000
2005 12  379.290 -99    31   0.300 ...  1.000000  0.000000
2006 01  379.930 -99    30   0.460 ...  1.000000  0.000000
2006 02  380.770 -99    28   0.360 ...  1.000000  0.000000
2006 03  379.820 -99    31   0.470 ...  1.000000  0.000000
2006 04  379.720 -99    30   0.710 ...  1.000000  0.000000
2006 05  379.930 -99    30   1.090 ...  1.000000  0.000000
2006 06  379.520 -99    30   0.770 ...  1.000000  0.000000
2006 07  379.890 -99    31   0.690 ...  1.000000  0.000000
2006 08  379.620 -99    31   0.360 ...  1.000000  0.000000
2006 09  379.670 -99    30   0.130 ...  1.000000  0.000000
2006 10  379.710 -99    31   0.190 ...  1.000000  0.000000
2006 11  380.280 -99    30   0.310 ...  1.000000  0.000000
2006 12  380.760 -99    28   0.450 ...  1.000000  0.000000
2007 01  380.910 -99    31   0.490 ...  1.000000  0.000000
2007 02  382.010 -99    27   0.400 ...  1.000000  0.000000
2007 03  382.180 -99    29   0.580 ...  1.000000  0.000000
2007 04  381.970 -99    29   0.630 ...  1.000000  0.000000
2007 05  382.160 -99    31   0.700 ...  1.000000  0.000000
2007 06  381.910 -99    30   0.510 ...  1.000000  0.000000
2007 07  382.160 -99    31   0.530 ...  1.000000  0.000000
2007 08  382.020 -99    31   0.240 ...  1.000000  0.000000
2007 09  381.920 -99    29   0.280 ...  1.000000  0.000000
2007 10  382.190 -99    31   0.130 ...  1.000000  0.000000
2007 11  382.670 -99    29   0.140 ...  1.000000  0.000000
2007 12  382.990 -99    31   0.340 ...  1.000000  0.000000
2008 01  383.800 -99    30   0.470 ...  1.000000  0.000000
2008 02  383.670 -99    29   0.590 ...  1.000000  0.000000
2008 03  383.590 -99    31   0.490 ...  1.000000  0.000000
2008 04  383.260 -99    30   0.630 ...  1.000000  0.000000
2008 05  383.840 -99    31   0.760 ...  1.000000  0.000000
2008 06  383.920 -99    30   0.670 ...  1.000000  0.000000
2008 07  383.460 -99    31   0.540 ...  1.000000  0.000000
2008 08  383.620 -99    31   0.270 ...  1.000000  0.000000
2008 09  383.640 -99    29   0.260 ...  1.000000  0.000000
2008 10  383.870 -99    31   0.130 ...  1.000000  0.000000
2008 11  384.310 -99    30   0.190 ...  1.000000  0.000000
2008 12  385.040 -99    31   0.270 ...  1.000000  0.000000
2009 01  385.600 -99    31   0.480 ...  1.000000  0.000000
2009 02  385.400 -99    28   0.400 ...  1.000000  0.000000
2009 03  385.830 -99    31   0.800 ...  1.000000  0.000000
2009 04  385.340 -99    28   0.930 ...  1.000000  0.000000
2009 05  385.080 -99    30   0.780 ...  1.000000  0.000000
2009 06  384.830 -99    30   0.780 ...  1.000000  0.000000
2009 07  385.530 -99    31   0.410 ...  1.000000  0.000000
2009 08  385.550 -99    31   0.530 ...  1.000000  0.000000
2009 09  385.540 -99    29   0.320 ...  1.000000  0.000000
2009 10  385.610 -99    22   0.170 ...  1.000000  0.000000
2009 11  385.920 -99    30   0.170 ...  1.000000  0.000000
2009 12  386.180 -99    31   0.320 ...  1.000000  0.000000
2010 01  386.940 -99    30   0.490 ...  1.000000  0.000000
2010 02  386.510 -99    25   0.960 ...  1.000000  0.000000
2010 03  386.960 -99    26   0.570 ...  1.000000  0.000000
2010 04  387.500 -99     9   0.390 ...  1.000000  0.000000
2010 05 -9999999 -99 -9999 -999999 *..  1.000000  0.000000
2010 06  387.180 -99     6   0.260 ...  1.000000  0.000000
2010 07  387.540 -99    30   0.470 ...  1.000000  0.000000
2010 08  387.660 -99    31   0.240 ...  1.000000  0.000000
2010 09  387.490 -99    30   0.150 ...  1.000000  0.000000
2010 10  387.790 -99    30   0.250 ...  1.000000  0.000000
2010 11  388.300 -99    21   0.290 ...  1.000000  0.000000
2010 12  388.830 -99    27   0.240 ...  1.000000  0.000000
2011 01  389.470 -99    26   0.490 ...  1.000000  0.000000
2011 02  389.240 -99    26   0.520 ...  1.000000  0.000000
2011 03  389.270 -99     2   0.160 ...  1.000000  0.000000
2011 04 -9999999 -99 -9999 -999999 *..  1.000000  0.000000
2011 05  388.680 -99     8   0.470 ...  1.000000  0.000000
2011 06  388.840 -99    24   0.460 ...  1.000000  0.000000
2011 07  389.350 -99    26   0.330 ...  1.000000  0.000000
2011 08  389.700 -99    31   0.560 ...  1.000000  0.000000
2011 09  389.780 -99    26   0.140 ...  1.000000  0.000000
2011 10  389.910 -99    24   0.370 ...  1.000000  0.000000
2011 11  390.340 -99    28   0.170 ...  1.000000  0.000000
2011 12  390.670 -99    24   0.400 ...  1.000000  0.000000
2012 01  390.970 -99    31   0.840 ...  1.000000  0.000000
2012 02  391.740 -99    26   0.340 ...  1.000000  0.000000
2012 03  391.600 -99    28   1.060 ...  1.000000  0.000000
2012 04  391.370 -99    24   0.790 ...  1.000000  0.000000
2012 05  390.900 -99    15   0.960 ...  1.000000  0.000000
2012 06  391.060 -99    29   0.630 ...  1.000000  0.000000
2012 07  391.170 -99    19   0.510 ...  1.000000  0.000000
2012 08  391.550 -99    17   0.300 ...  1.000000  0.000000
2012 09  391.420 -99    28   0.170 ...  1.000000  0.000000
2012 10  391.850 -99    31   0.240 ...  1.000000  0.000000
2012 11  392.630 -99    21   0.270 ...  1.000000  0.000000
2012 12  393.120 -99    16   0.440 ...  1.000000  0.000000
2013 01  393.740 -99    29   0.880 ...  1.000000  0.000000
2013 02  393.890 -99    26   0.880 ...  1.000000  0.000000
2013 03  394.210 -99    30   0.370 ...  1.000000  0.000000
2013 04  394.030 -99    15   0.960 ...  1.000000  0.000000
2013 05  393.870 -99    30   0.870 ...  1.000000  0.000000
2013 06  393.980 -99    30   0.540 ...  1.000000  0.000000
2013 07  394.310 -99    31   0.680 ...  1.000000  0.000000
2013 08  394.560 -99    31   0.380 ...  1.000000  0.000000
2013 09  394.350 -99    30   0.310 ...  1.000000  0.000000
2013 10  394.460 -99    30   0.280 ...  1.000000  0.000000
2013 11  394.780 -99    29   0.250 ...  1.000000  0.000000
2013 12  395.380 -99    31   0.340 ...  1.000000  0.000000
2014 01  396.360 -99    29   0.300 ...  1.000000  0.000000
2014 02  396.240 -99    24   0.500 ...  1.000000  0.000000
2014 03  396.060 -99    27   1.130 ...  1.000000  0.000000
2014 04  395.330 -99    28   0.520 ...  1.000000  0.000000
2014 05  395.310 -99    29   0.560 ...  1.000000  0.000000
2014 06  395.690 -99    30   0.770 ...  1.000000  0.000000
2014 07  396.520 -99    30   0.700 ...  1.000000  0.000000
2014 08  396.360 -99    29   0.600 ...  1.000000  0.000000
2014 09  396.040 -99    30   0.200 ...  1.000000  0.000000
2014 10  396.300 -99    31   0.200 ...  1.000000  0.000000
2014 11  396.720 -99    26   0.300 ...  1.000000  0.000000
2014 12  396.950 -99    30   0.440 ...  1.000000  0.000000
2015 01  398.290 -99    16   0.430 ...  1.000000  0.000000
2015 02  398.220 -99    28   0.420 ...  1.000000  0.000000
2015 03  398.400 -99    24   0.840 ...  1.000000  0.000000
2015 04  397.970 -99    30   0.600 ...  1.000000  0.000000
2015 05  397.390 -99    29   0.470 ...  1.000000  0.000000
2015 06  397.710 -99    30   0.300 ...  1.000000  0.000000
2015 07  397.940 -99    31   0.330 ...  1.000000  0.000000
2015 08  398.360 -99    27   0.190 ...  1.000000  0.000000
2015 09  398.490 -99    17   0.180 ...  1.000000  0.000000
2015 10  398.650 -99    31   0.260 ...  1.000000  0.000000
2015 11  399.240 -99    21   0.350 ...  1.000000  0.000000
2015 12  400.080 -99    29   0.590 ...  1.000000  0.000000
2016 01  400.510 -99    28   0.890 ...  1.000000  0.000000
2016 02  400.670 -99    24   0.630 ...  1.000000  0.000000
2016 03  401.400 -99    23   0.890 ...  1.000000  0.000000
2016 04  401.410 -99    28   0.810 ...  1.000000  0.000000
2016 05  401.630 -99    28   0.960 ...  1.000000  0.000000
2016 06  401.390 -99    11   0.950 ...  1.000000  0.000000
2016 07  402.020 -99    13   0.460 ...  1.000000  0.000000
2016 08  402.340 -99    28   0.420 ...  1.000000  0.000000
2016 09  402.200 -99    30   0.230 ...  1.000000  0.000000
2016 10  402.170 -99    31   0.130 ...  1.000000  0.000000
2016 11  402.590 -99    30   0.420 ...  1.000000  0.000000
2016 12  403.270 -99    25   0.310 ...  1.000000  0.000000
2017 01  403.750 -99    26   0.590 ...  1.000000  0.000000
2017 02  404.600 -99    25   0.570 ...  1.000000  0.000000
2017 03  403.800 -99    31   0.660 ...  1.000000  0.000000
2017 04  403.840 -99    23   1.530 ...  1.000000  0.000000
2017 05  403.320 -99    31   1.010 ...  1.000000  0.000000
2017 06  403.020 -99    27   0.420 ...  1.000000  0.000000
2017 07  403.950 -99    31   0.520 ...  1.000000  0.000000
2017 08  403.650 -99    31   0.400 ...  1.000000  0.000000
2017 09  403.870 -99    30   0.190 ...  1.000000  0.000000
2017 10  404.150 -99    31   0.210 ...  1.000000  0.000000
2017 11  404.730 -99    28   0.220 ...  1.000000  0.000000
2017 12  405.410 -99    31   0.480 ...  1.000000  0.000000
