REM01  EXPLANATORY 25-LINE FOR THE MONTHLY DATA
REM02  FILENAME: co2_spo_surface-flask_2_3001-9999_monthly.txt
REM03  STATION: South Pole
REM04  CATEGORY: GAW Global
REM05  COUNTRY/TERRITORY: United States of America
REM06  SUBMITTED BY: NOAA
REM07  LATITUDE:   90 00' S
REM08  LONGITUDE:  24 48' W
REM09  ALTITUDE:     2841 m
REM10  RATIO: 1.000000 0.000000
REM11  PARAMETER: CO2
REM12  COVERING PERIOD: July 1975 - December 2017
REM13  UNIT: ppm
REM14  ANALYSIS: NDIR(1975-07-01 - 2017-12-01)
REM15  SAMPLING TYPE: surface-flask
REM16  CLASSIFICATION: Background observation
REM17  CALIBRATION: WMO CO2 X2007(1975-07-01 - 2017-12-01)
REM18  TABLENAME: SPO789S002f1
REM19  CALCULATION: contributor
REM20  REGISTRATION: 2018-09-25
REM21
REM22  COMMENT: Dataset was made from entire historical data provided from contributor from 2018 new WDCGG website open onward
REM23
REM24 M      CO2   V    ND      SD   F   RATIO_A   RATIO_B
REM25        ppm
1975 07  329.390 -99 -9999 -999999 -99  1.000000  0.000000
1975 08  329.860 -99 -9999 -999999 -99  1.000000  0.000000
1975 09  330.050 -99 -9999 -999999 -99  1.000000  0.000000
1975 10  330.270 -99 -9999 -999999 -99  1.000000  0.000000
1975 11  330.470 -99 -9999 -999999 -99  1.000000  0.000000
1975 12  330.080 -99 -9999 -999999 -99  1.000000  0.000000
1976 01  329.460 -99 -9999 -999999 -99  1.000000  0.000000
1976 02  329.220 -99 -9999 -999999 -99  1.000000  0.000000
1976 03  329.180 -99 -9999 -999999 -99  1.000000  0.000000
1976 04  329.370 -99 -9999 -999999 -99  1.000000  0.000000
1976 05  329.610 -99 -9999 -999999 -99  1.000000  0.000000
1976 06  329.780 -99 -9999 -999999 -99  1.000000  0.000000
1976 07  330.160 -99 -9999 -999999 -99  1.000000  0.000000
1976 08  330.690 -99 -9999 -999999 -99  1.000000  0.000000
1976 09  331.160 -99 -9999 -999999 -99  1.000000  0.000000
1976 10  331.520 -99 -9999 -999999 -99  1.000000  0.000000
1976 11  331.480 -99 -9999 -999999 -99  1.000000  0.000000
1976 12  331.070 -99 -9999 -999999 -99  1.000000  0.000000
1977 01  330.850 -99 -9999 -999999 -99  1.000000  0.000000
1977 02  330.860 -99 -9999 -999999 -99  1.000000  0.000000
1977 03  330.710 -99 -9999 -999999 -99  1.000000  0.000000
1977 04  330.520 -99 -9999 -999999 -99  1.000000  0.000000
1977 05  330.660 -99 -9999 -999999 -99  1.000000  0.000000
1977 06  331.000 -99 -9999 -999999 -99  1.000000  0.000000
1977 07  331.550 -99 -9999 -999999 -99  1.000000  0.000000
1977 08  332.480 -99 -9999 -999999 -99  1.000000  0.000000
1977 09  333.000 -99 -9999 -999999 -99  1.000000  0.000000
1977 10  332.810 -99 -9999 -999999 -99  1.000000  0.000000
1977 11  332.480 -99 -9999 -999999 -99  1.000000  0.000000
1977 12  332.380 -99 -9999 -999999 -99  1.000000  0.000000
1978 01  332.460 -99 -9999 -999999 -99  1.000000  0.000000
1978 02  332.340 -99 -9999 -999999 -99  1.000000  0.000000
1978 03  332.270 -99 -9999 -999999 -99  1.000000  0.000000
1978 04  332.600 -99 -9999 -999999 -99  1.000000  0.000000
1978 05  333.140 -99 -9999 -999999 -99  1.000000  0.000000
1978 06  333.480 -99 -9999 -999999 -99  1.000000  0.000000
1978 07  333.850 -99 -9999 -999999 -99  1.000000  0.000000
1978 08  334.380 -99 -9999 -999999 -99  1.000000  0.000000
1978 09  334.840 -99 -9999 -999999 -99  1.000000  0.000000
1978 10  335.330 -99 -9999 -999999 -99  1.000000  0.000000
1978 11  335.280 -99 -9999 -999999 -99  1.000000  0.000000
1978 12  334.810 -99 -9999 -999999 -99  1.000000  0.000000
1979 01  334.360 -99 -9999 -999999 -99  1.000000  0.000000
1979 02  333.890 -99 -9999 -999999 -99  1.000000  0.000000
1979 03  333.640 -99 -9999 -999999 -99  1.000000  0.000000
1979 04  333.820 -99 -9999 -999999 -99  1.000000  0.000000
1979 05  334.210 -99 -9999 -999999 -99  1.000000  0.000000
1979 06  334.430 -99 -9999 -999999 -99  1.000000  0.000000
1979 07  334.980 -99 -9999 -999999 -99  1.000000  0.000000
1979 08  335.560 -99 -9999 -999999 -99  1.000000  0.000000
1979 09  335.600 -99 -9999 -999999 -99  1.000000  0.000000
1979 10  335.590 -99 -9999 -999999 -99  1.000000  0.000000
1979 11  335.640 -99 -9999 -999999 -99  1.000000  0.000000
1979 12  335.800 -99 -9999 -999999 -99  1.000000  0.000000
1980 01  336.140 -99    31   0.100 ...  1.000000  0.000000
1980 02  335.950 -99    29   0.100 ...  1.000000  0.000000
1980 03  336.020 -99    31   0.080 ...  1.000000  0.000000
1980 04  336.220 -99    30   0.090 ...  1.000000  0.000000
1980 05  336.580 -99    31   0.080 ...  1.000000  0.000000
1980 06  336.930 -99    30   0.230 ...  1.000000  0.000000
1980 07  337.370 -99    31   0.060 ...  1.000000  0.000000
1980 08  337.650 -99    31   0.090 ...  1.000000  0.000000
1980 09  337.890 -99    30   0.080 ...  1.000000  0.000000
1980 10  338.080 -99    31   0.060 ...  1.000000  0.000000
1980 11  338.030 -99    30   0.060 ...  1.000000  0.000000
1980 12  338.090 -99    26   0.090 ...  1.000000  0.000000
1981 01  337.850 -99    31   0.200 ...  1.000000  0.000000
1981 02  337.800 -99    27   0.080 ...  1.000000  0.000000
1981 03  337.890 -99    31   0.060 ...  1.000000  0.000000
1981 04  337.910 -99    30   0.040 ...  1.000000  0.000000
1981 05  338.060 -99    31   0.080 ...  1.000000  0.000000
1981 06  338.330 -99    30   0.120 ...  1.000000  0.000000
1981 07  338.750 -99    31   0.140 ...  1.000000  0.000000
1981 08  338.950 -99    31   0.090 ...  1.000000  0.000000
1981 09  339.230 -99    30   0.150 ...  1.000000  0.000000
1981 10  339.100 -99    28   0.100 ...  1.000000  0.000000
1981 11  338.910 -99    28   0.070 ...  1.000000  0.000000
1981 12  338.590 -99    22   0.260 ...  1.000000  0.000000
1982 01  339.210 -99    13   0.050 ...  1.000000  0.000000
1982 02  339.170 -99    28   0.040 ...  1.000000  0.000000
1982 03  339.120 -99    31   0.050 ...  1.000000  0.000000
1982 04  339.310 -99    30   0.090 ...  1.000000  0.000000
1982 05  339.620 -99    31   0.070 ...  1.000000  0.000000
1982 06  339.650 -99    22   0.050 ...  1.000000  0.000000
1982 07  340.040 -99    11   0.080 ...  1.000000  0.000000
1982 08  340.360 -99    31   0.150 ...  1.000000  0.000000
1982 09  340.660 -99    30   0.050 ...  1.000000  0.000000
1982 10  340.630 -99    30   0.090 ...  1.000000  0.000000
1982 11  340.420 -99    30   0.120 ...  1.000000  0.000000
1982 12  340.040 -99    31   0.190 ...  1.000000  0.000000
1983 01  339.780 -99    31   0.060 ...  1.000000  0.000000
1983 02  339.710 -99    28   0.060 ...  1.000000  0.000000
1983 03  339.790 -99    31   0.060 ...  1.000000  0.000000
1983 04  340.160 -99    28   0.120 ...  1.000000  0.000000
1983 05 -9999999 -99 -9999 -999999 *..  1.000000  0.000000
1983 06  341.030 -99    13   0.050 ...  1.000000  0.000000
1983 07  341.280 -99    31   0.160 ...  1.000000  0.000000
1983 08  341.950 -99    31   0.160 ...  1.000000  0.000000
1983 09  342.120 -99    30   0.060 ...  1.000000  0.000000
1983 10  342.240 -99    31   0.080 ...  1.000000  0.000000
1983 11  342.310 -99    30   0.060 ...  1.000000  0.000000
1983 12  342.210 -99    26   0.070 ...  1.000000  0.000000
1984 01  342.050 -99    29   0.130 ...  1.000000  0.000000
1984 02  342.000 -99    29   0.060 ...  1.000000  0.000000
1984 03  341.790 -99    31   0.110 ...  1.000000  0.000000
1984 04  341.870 -99    30   0.070 ...  1.000000  0.000000
1984 05  342.030 -99    31   0.060 ...  1.000000  0.000000
1984 06  342.230 -99    28   0.080 ...  1.000000  0.000000
1984 07  342.650 -99    31   0.180 ...  1.000000  0.000000
1984 08  343.190 -99    31   0.170 ...  1.000000  0.000000
1984 09  343.500 -99    30   0.060 ...  1.000000  0.000000
1984 10  343.660 -99    31   0.050 ...  1.000000  0.000000
1984 11  343.500 -99    25   0.130 ...  1.000000  0.000000
1984 12  343.280 -99    14   0.100 ...  1.000000  0.000000
1985 01  343.170 -99    19   0.090 ...  1.000000  0.000000
1985 02  343.010 -99    28   0.120 ...  1.000000  0.000000
1985 03  342.890 -99    31   0.090 ...  1.000000  0.000000
1985 04  343.050 -99    27   0.120 ...  1.000000  0.000000
1985 05  343.370 -99    31   0.110 ...  1.000000  0.000000
1985 06  343.710 -99    29   0.120 ...  1.000000  0.000000
1985 07  344.200 -99    31   0.200 ...  1.000000  0.000000
1985 08  344.680 -99    31   0.100 ...  1.000000  0.000000
1985 09  344.920 -99    30   0.120 ...  1.000000  0.000000
1985 10  344.950 -99    31   0.120 ...  1.000000  0.000000
1985 11  345.000 -99    30   0.110 ...  1.000000  0.000000
1985 12  344.750 -99    31   0.090 ...  1.000000  0.000000
1986 01  344.710 -99    31   0.040 ...  1.000000  0.000000
1986 02  344.610 -99    28   0.070 ...  1.000000  0.000000
1986 03  344.540 -99    30   0.070 ...  1.000000  0.000000
1986 04  344.580 -99    30   0.080 ...  1.000000  0.000000
1986 05  344.780 -99    31   0.080 ...  1.000000  0.000000
1986 06  345.070 -99    30   0.120 ...  1.000000  0.000000
1986 07  345.530 -99    30   0.170 ...  1.000000  0.000000
1986 08  345.910 -99    31   0.070 ...  1.000000  0.000000
1986 09  346.190 -99    30   0.090 ...  1.000000  0.000000
1986 10  346.410 -99    31   0.130 ...  1.000000  0.000000
1986 11  346.150 -99    28   0.120 ...  1.000000  0.000000
1986 12  345.960 -99    30   0.070 ...  1.000000  0.000000
1987 01  345.890 -99    31   0.070 ...  1.000000  0.000000
1987 02  345.740 -99    28   0.080 ...  1.000000  0.000000
1987 03  345.710 -99    31   0.060 ...  1.000000  0.000000
1987 04  345.870 -99    30   0.070 ...  1.000000  0.000000
1987 05  346.080 -99    31   0.180 ...  1.000000  0.000000
1987 06  346.610 -99    30   0.170 ...  1.000000  0.000000
1987 07  347.100 -99    31   0.080 ...  1.000000  0.000000
1987 08  347.620 -99    31   0.200 ...  1.000000  0.000000
1987 09  348.100 -99    29   0.110 ...  1.000000  0.000000
1987 10  348.290 -99    31   0.060 ...  1.000000  0.000000
1987 11  348.350 -99    27   0.060 ...  1.000000  0.000000
1987 12  348.340 -99    16   0.050 ...  1.000000  0.000000
1988 01  348.130 -99    27   0.140 ...  1.000000  0.000000
1988 02  348.090 -99    28   0.100 ...  1.000000  0.000000
1988 03  348.170 -99    31   0.150 ...  1.000000  0.000000
1988 04  348.370 -99    22   0.090 ...  1.000000  0.000000
1988 05  348.390 -99    31   0.110 ...  1.000000  0.000000
1988 06  348.630 -99    30   0.100 ...  1.000000  0.000000
1988 07  349.030 -99    31   0.220 ...  1.000000  0.000000
1988 08  349.520 -99    31   0.160 ...  1.000000  0.000000
1988 09  349.830 -99    30   0.140 ...  1.000000  0.000000
1988 10  349.930 -99    31   0.090 ...  1.000000  0.000000
1988 11  349.850 -99    27   0.150 ...  1.000000  0.000000
1988 12  349.680 -99    28   0.120 ...  1.000000  0.000000
1989 01  349.850 -99    23   0.050 ...  1.000000  0.000000
1989 02  349.840 -99    28   0.060 ...  1.000000  0.000000
1989 03  349.780 -99    31   0.060 ...  1.000000  0.000000
1989 04  349.890 -99    30   0.040 ...  1.000000  0.000000
1989 05  350.110 -99    31   0.120 ...  1.000000  0.000000
1989 06  350.410 -99    30   0.080 ...  1.000000  0.000000
1989 07  350.780 -99    31   0.160 ...  1.000000  0.000000
1989 08  351.220 -99    31   0.140 ...  1.000000  0.000000
1989 09  351.320 -99    30   0.080 ...  1.000000  0.000000
1989 10  351.380 -99    31   0.080 ...  1.000000  0.000000
1989 11  351.550 -99    30   0.190 ...  1.000000  0.000000
1989 12  351.180 -99    31   0.150 ...  1.000000  0.000000
1990 01  351.040 -99    15   0.050 ...  1.000000  0.000000
1990 02  350.760 -99    23   0.110 ...  1.000000  0.000000
1990 03  350.860 -99    31   0.110 ...  1.000000  0.000000
1990 04  350.940 -99    30   0.160 ...  1.000000  0.000000
1990 05  351.370 -99    30   0.240 ...  1.000000  0.000000
1990 06  351.790 -99    30   0.130 ...  1.000000  0.000000
1990 07  352.280 -99    31   0.150 ...  1.000000  0.000000
1990 08  352.620 -99    31   0.120 ...  1.000000  0.000000
1990 09  352.820 -99    30   0.070 ...  1.000000  0.000000
1990 10  352.870 -99    31   0.090 ...  1.000000  0.000000
1990 11  352.890 -99    30   0.110 ...  1.000000  0.000000
1990 12  352.490 -99    28   0.130 ...  1.000000  0.000000
1991 01  352.410 -99    31   0.150 ...  1.000000  0.000000
1991 02  352.140 -99    27   0.230 ...  1.000000  0.000000
1991 03  351.880 -99    28   0.190 ...  1.000000  0.000000
1991 04  352.090 -99    30   0.110 ...  1.000000  0.000000
1991 05  352.340 -99    31   0.170 ...  1.000000  0.000000
1991 06  352.670 -99    30   0.080 ...  1.000000  0.000000
1991 07  353.080 -99    31   0.130 ...  1.000000  0.000000
1991 08  353.480 -99    31   0.060 ...  1.000000  0.000000
1991 09  353.620 -99    30   0.040 ...  1.000000  0.000000
1991 10  353.640 -99    31   0.120 ...  1.000000  0.000000
1991 11  353.860 -99    30   0.060 ...  1.000000  0.000000
1991 12  353.730 -99    30   0.060 ...  1.000000  0.000000
1992 01  353.450 -99    31   0.160 ...  1.000000  0.000000
1992 02  353.200 -99    29   0.220 ...  1.000000  0.000000
1992 03  353.100 -99    31   0.170 ...  1.000000  0.000000
1992 04  353.420 -99    30   0.150 ...  1.000000  0.000000
1992 05  353.790 -99    31   0.100 ...  1.000000  0.000000
1992 06  354.190 -99    30   0.170 ...  1.000000  0.000000
1992 07  354.640 -99    31   0.090 ...  1.000000  0.000000
1992 08  355.020 -99    31   0.120 ...  1.000000  0.000000
1992 09  355.240 -99    30   0.090 ...  1.000000  0.000000
1992 10  355.290 -99    31   0.090 ...  1.000000  0.000000
1992 11  355.120 -99    30   0.070 ...  1.000000  0.000000
1992 12  354.860 -99    31   0.090 ...  1.000000  0.000000
1993 01  354.610 -99    28   0.120 ...  1.000000  0.000000
1993 02  354.390 -99    28   0.170 ...  1.000000  0.000000
1993 03  354.230 -99    31   0.080 ...  1.000000  0.000000
1993 04  354.340 -99    30   0.040 ...  1.000000  0.000000
1993 05  354.480 -99    31   0.090 ...  1.000000  0.000000
1993 06  354.760 -99    30   0.130 ...  1.000000  0.000000
1993 07  355.280 -99    31   0.130 ...  1.000000  0.000000
1993 08  355.730 -99    31   0.110 ...  1.000000  0.000000
1993 09  355.960 -99    30   0.050 ...  1.000000  0.000000
1993 10  355.950 -99    31   0.060 ...  1.000000  0.000000
1993 11  355.920 -99    30   0.060 ...  1.000000  0.000000
1993 12  355.700 -99    31   0.070 ...  1.000000  0.000000
1994 01  355.600 -99    30   0.210 ...  1.000000  0.000000
1994 02  355.540 -99    28   0.150 ...  1.000000  0.000000
1994 03  355.580 -99    31   0.040 ...  1.000000  0.000000
1994 04  355.650 -99    30   0.050 ...  1.000000  0.000000
1994 05  355.790 -99    31   0.050 ...  1.000000  0.000000
1994 06  356.070 -99    30   0.140 ...  1.000000  0.000000
1994 07  356.490 -99    31   0.180 ...  1.000000  0.000000
1994 08  357.290 -99    31   0.210 ...  1.000000  0.000000
1994 09  357.680 -99    30   0.090 ...  1.000000  0.000000
1994 10  357.720 -99    31   0.080 ...  1.000000  0.000000
1994 11  357.680 -99    29   0.040 ...  1.000000  0.000000
1994 12  357.550 -99    30   0.060 ...  1.000000  0.000000
1995 01  357.380 -99    31   0.100 ...  1.000000  0.000000
1995 02  357.380 -99    28   0.120 ...  1.000000  0.000000
1995 03  357.570 -99    31   0.090 ...  1.000000  0.000000
1995 04  357.560 -99    30   0.080 ...  1.000000  0.000000
1995 05  357.790 -99    31   0.070 ...  1.000000  0.000000
1995 06  358.030 -99    30   0.110 ...  1.000000  0.000000
1995 07  358.500 -99    31   0.220 ...  1.000000  0.000000
1995 08  358.920 -99    31   0.080 ...  1.000000  0.000000
1995 09  359.240 -99    30   0.110 ...  1.000000  0.000000
1995 10  359.430 -99    31   0.060 ...  1.000000  0.000000
1995 11  359.520 -99    30   0.050 ...  1.000000  0.000000
1995 12  359.540 -99    31   0.110 ...  1.000000  0.000000
1996 01  359.420 -99    29   0.090 ...  1.000000  0.000000
1996 02  359.380 -99    29   0.110 ...  1.000000  0.000000
1996 03  359.340 -99    31   0.070 ...  1.000000  0.000000
1996 04  359.370 -99    30   0.050 ...  1.000000  0.000000
1996 05  359.530 -99    31   0.050 ...  1.000000  0.000000
1996 06  359.750 -99    30   0.090 ...  1.000000  0.000000
1996 07  360.180 -99    30   0.160 ...  1.000000  0.000000
1996 08  360.590 -99    31   0.110 ...  1.000000  0.000000
1996 09  360.710 -99    30   0.030 ...  1.000000  0.000000
1996 10  360.760 -99    29   0.060 ...  1.000000  0.000000
1996 11  360.760 -99    29   0.050 ...  1.000000  0.000000
1996 12  360.730 -99    25   0.060 ...  1.000000  0.000000
1997 01  360.600 -99    20   0.090 ...  1.000000  0.000000
1997 02  360.440 -99    28   0.100 ...  1.000000  0.000000
1997 03  360.480 -99    31   0.090 ...  1.000000  0.000000
1997 04  360.730 -99    30   0.070 ...  1.000000  0.000000
1997 05  360.890 -99    29   0.090 ...  1.000000  0.000000
1997 06  361.240 -99    30   0.130 ...  1.000000  0.000000
1997 07  361.540 -99    29   0.120 ...  1.000000  0.000000
1997 08  361.860 -99    31   0.150 ...  1.000000  0.000000
1997 09  362.190 -99    30   0.050 ...  1.000000  0.000000
1997 10  362.270 -99    28   0.100 ...  1.000000  0.000000
1997 11  362.390 -99    30   0.050 ...  1.000000  0.000000
1997 12  362.410 -99    30   0.070 ...  1.000000  0.000000
1998 01  362.330 -99    31   0.230 ...  1.000000  0.000000
1998 02  362.470 -99    28   0.120 ...  1.000000  0.000000
1998 03  362.530 -99    31   0.090 ...  1.000000  0.000000
1998 04  362.850 -99    30   0.070 ...  1.000000  0.000000
1998 05  363.180 -99    31   0.150 ...  1.000000  0.000000
1998 06  363.670 -99    30   0.140 ...  1.000000  0.000000
1998 07  364.170 -99    31   0.200 ...  1.000000  0.000000
1998 08  364.780 -99    30   0.150 ...  1.000000  0.000000
1998 09  365.090 -99    30   0.070 ...  1.000000  0.000000
1998 10  365.140 -99    31   0.040 ...  1.000000  0.000000
1998 11  365.150 -99    26   0.070 ...  1.000000  0.000000
1998 12  365.080 -99    31   0.070 ...  1.000000  0.000000
1999 01  365.020 -99    31   0.110 ...  1.000000  0.000000
1999 02  364.950 -99    28   0.090 ...  1.000000  0.000000
1999 03  364.850 -99    31   0.060 ...  1.000000  0.000000
1999 04  365.020 -99    30   0.040 ...  1.000000  0.000000
1999 05  365.230 -99    31   0.080 ...  1.000000  0.000000
1999 06  365.550 -99    30   0.070 ...  1.000000  0.000000
1999 07  365.880 -99    30   0.110 ...  1.000000  0.000000
1999 08  366.270 -99    31   0.130 ...  1.000000  0.000000
1999 09  366.530 -99    29   0.050 ...  1.000000  0.000000
1999 10  366.660 -99    31   0.100 ...  1.000000  0.000000
1999 11  366.770 -99    30   0.030 ...  1.000000  0.000000
1999 12  366.690 -99    31   0.090 ...  1.000000  0.000000
2000 01  366.530 -99    31   0.090 ...  1.000000  0.000000
2000 02  366.370 -99    24   0.080 ...  1.000000  0.000000
2000 03  366.290 -99    23   0.040 ...  1.000000  0.000000
2000 04  366.360 -99    30   0.060 ...  1.000000  0.000000
2000 05  366.480 -99    31   0.080 ...  1.000000  0.000000
2000 06  366.780 -99    30   0.150 ...  1.000000  0.000000
2000 07  367.220 -99    31   0.140 ...  1.000000  0.000000
2000 08  367.710 -99    29   0.140 ...  1.000000  0.000000
2000 09  367.910 -99    30   0.090 ...  1.000000  0.000000
2000 10  367.920 -99    31   0.050 ...  1.000000  0.000000
2000 11  367.840 -99    30   0.080 ...  1.000000  0.000000
2000 12  368.080 -99    31   0.140 ...  1.000000  0.000000
2001 01  367.920 -99    31   0.130 ...  1.000000  0.000000
2001 02  367.640 -99    28   0.080 ...  1.000000  0.000000
2001 03  367.570 -99    30   0.060 ...  1.000000  0.000000
2001 04  367.840 -99    30   0.110 ...  1.000000  0.000000
2001 05  368.100 -99    31   0.090 ...  1.000000  0.000000
2001 06  368.360 -99    30   0.090 ...  1.000000  0.000000
2001 07  368.790 -99    31   0.190 ...  1.000000  0.000000
2001 08  369.290 -99    31   0.150 ...  1.000000  0.000000
2001 09  369.620 -99    30   0.110 ...  1.000000  0.000000
2001 10  369.870 -99    31   0.090 ...  1.000000  0.000000
2001 11  369.910 -99    30   0.050 ...  1.000000  0.000000
2001 12  369.710 -99    28   0.090 ...  1.000000  0.000000
2002 01  369.570 -99    31   0.080 ...  1.000000  0.000000
2002 02  369.480 -99    27   0.090 ...  1.000000  0.000000
2002 03  369.520 -99    31   0.090 ...  1.000000  0.000000
2002 04  369.780 -99    30   0.060 ...  1.000000  0.000000
2002 05  370.040 -99    31   0.110 ...  1.000000  0.000000
2002 06  370.440 -99    30   0.110 ...  1.000000  0.000000
2002 07  370.940 -99    31   0.140 ...  1.000000  0.000000
2002 08  371.460 -99    30   0.190 ...  1.000000  0.000000
2002 09  371.890 -99    29   0.110 ...  1.000000  0.000000
2002 10  372.060 -99    31   0.030 ...  1.000000  0.000000
2002 11  372.020 -99    30   0.020 ...  1.000000  0.000000
2002 12  371.910 -99    30   0.070 ...  1.000000  0.000000
2003 01  371.980 -99    31   0.070 ...  1.000000  0.000000
2003 02  371.890 -99    28   0.220 ...  1.000000  0.000000
2003 03  371.990 -99    31   0.160 ...  1.000000  0.000000
2003 04  372.140 -99    30   0.110 ...  1.000000  0.000000
2003 05  372.470 -99    31   0.100 ...  1.000000  0.000000
2003 06  372.800 -99    29   0.130 ...  1.000000  0.000000
2003 07  373.240 -99    31   0.160 ...  1.000000  0.000000
2003 08  373.810 -99    31   0.200 ...  1.000000  0.000000
2003 09  374.110 -99    30   0.040 ...  1.000000  0.000000
2003 10  374.130 -99    31   0.060 ...  1.000000  0.000000
2003 11  374.010 -99    30   0.050 ...  1.000000  0.000000
2003 12  374.010 -99    30   0.050 ...  1.000000  0.000000
2004 01  374.050 -99    22   0.100 ...  1.000000  0.000000
2004 02  373.860 -99    29   0.160 ...  1.000000  0.000000
2004 03  374.060 -99    31   0.120 ...  1.000000  0.000000
2004 04  374.190 -99    30   0.110 ...  1.000000  0.000000
2004 05  374.390 -99    31   0.090 ...  1.000000  0.000000
2004 06  374.760 -99    30   0.110 ...  1.000000  0.000000
2004 07  375.070 -99    31   0.120 ...  1.000000  0.000000
2004 08  375.580 -99    31   0.100 ...  1.000000  0.000000
2004 09  375.740 -99    30   0.080 ...  1.000000  0.000000
2004 10  375.720 -99    31   0.060 ...  1.000000  0.000000
2004 11  375.680 -99    30   0.080 ...  1.000000  0.000000
2004 12  375.650 -99    31   0.080 ...  1.000000  0.000000
2005 01  375.610 -99    28   0.090 ...  1.000000  0.000000
2005 02  375.250 -99    26   0.180 ...  1.000000  0.000000
2005 03  375.430 -99    31   0.110 ...  1.000000  0.000000
2005 04  375.620 -99    30   0.120 ...  1.000000  0.000000
2005 05  376.060 -99    31   0.150 ...  1.000000  0.000000
2005 06  376.580 -99    30   0.150 ...  1.000000  0.000000
2005 07  377.090 -99    31   0.150 ...  1.000000  0.000000
2005 08  377.610 -99    31   0.110 ...  1.000000  0.000000
2005 09  377.880 -99    30   0.070 ...  1.000000  0.000000
2005 10  377.960 -99    31   0.050 ...  1.000000  0.000000
2005 11  377.910 -99    28   0.030 ...  1.000000  0.000000
2005 12  377.910 -99    31   0.050 ...  1.000000  0.000000
2006 01  377.920 -99    31   0.110 ...  1.000000  0.000000
2006 02  377.650 -99    28   0.090 ...  1.000000  0.000000
2006 03  377.800 -99    31   0.120 ...  1.000000  0.000000
2006 04  377.910 -99    30   0.100 ...  1.000000  0.000000
2006 05  378.170 -99    31   0.060 ...  1.000000  0.000000
2006 06  378.410 -99    30   0.060 ...  1.000000  0.000000
2006 07  378.760 -99    31   0.150 ...  1.000000  0.000000
2006 08  379.230 -99    31   0.120 ...  1.000000  0.000000
2006 09  379.480 -99    30   0.080 ...  1.000000  0.000000
2006 10  379.590 -99    30   0.040 ...  1.000000  0.000000
2006 11  379.550 -99    29   0.030 ...  1.000000  0.000000
2006 12  379.560 -99    31   0.060 ...  1.000000  0.000000
2007 01  379.510 -99    14   0.100 ...  1.000000  0.000000
2007 02  379.480 -99    28   0.100 ...  1.000000  0.000000
2007 03  379.470 -99    31   0.090 ...  1.000000  0.000000
2007 04  379.810 -99    30   0.090 ...  1.000000  0.000000
2007 05  380.130 -99    31   0.090 ...  1.000000  0.000000
2007 06  380.480 -99    30   0.100 ...  1.000000  0.000000
2007 07  380.890 -99    31   0.160 ...  1.000000  0.000000
2007 08  381.320 -99    31   0.120 ...  1.000000  0.000000
2007 09  381.670 -99    30   0.090 ...  1.000000  0.000000
2007 10  381.800 -99    31   0.040 ...  1.000000  0.000000
2007 11  381.810 -99    29   0.050 ...  1.000000  0.000000
2007 12  381.820 -99    31   0.090 ...  1.000000  0.000000
2008 01  381.780 -99    31   0.080 ...  1.000000  0.000000
2008 02  381.740 -99    29   0.080 ...  1.000000  0.000000
2008 03  381.880 -99    31   0.080 ...  1.000000  0.000000
2008 04  381.990 -99    30   0.060 ...  1.000000  0.000000
2008 05  382.090 -99    31   0.060 ...  1.000000  0.000000
2008 06  382.390 -99    30   0.130 ...  1.000000  0.000000
2008 07  382.940 -99    31   0.180 ...  1.000000  0.000000
2008 08  383.340 -99    31   0.100 ...  1.000000  0.000000
2008 09  383.590 -99    30   0.080 ...  1.000000  0.000000
2008 10  383.700 -99    31   0.060 ...  1.000000  0.000000
2008 11  383.630 -99    30   0.090 ...  1.000000  0.000000
2008 12  383.500 -99    31   0.090 ...  1.000000  0.000000
2009 01  383.490 -99    31   0.180 ...  1.000000  0.000000
2009 02  383.280 -99    28   0.110 ...  1.000000  0.000000
2009 03  383.310 -99    31   0.110 ...  1.000000  0.000000
2009 04  383.460 -99    28   0.070 ...  1.000000  0.000000
2009 05  383.640 -99    31   0.080 ...  1.000000  0.000000
2009 06  383.910 -99    30   0.120 ...  1.000000  0.000000
2009 07  384.310 -99    31   0.110 ...  1.000000  0.000000
2009 08  384.700 -99    31   0.130 ...  1.000000  0.000000
2009 09  385.020 -99    30   0.080 ...  1.000000  0.000000
2009 10  385.190 -99    31   0.050 ...  1.000000  0.000000
2009 11  385.190 -99    27   0.040 ...  1.000000  0.000000
2009 12  385.130 -99    31   0.040 ...  1.000000  0.000000
2010 01  385.070 -99    31   0.140 ...  1.000000  0.000000
2010 02  384.720 -99    28   0.260 ...  1.000000  0.000000
2010 03  384.770 -99    31   0.210 ...  1.000000  0.000000
2010 04  384.890 -99    30   0.090 ...  1.000000  0.000000
2010 05  385.200 -99    31   0.150 ...  1.000000  0.000000
2010 06  385.680 -99    30   0.200 ...  1.000000  0.000000
2010 07  386.330 -99    31   0.230 ...  1.000000  0.000000
2010 08  387.040 -99    31   0.200 ...  1.000000  0.000000
2010 09  387.360 -99    30   0.050 ...  1.000000  0.000000
2010 10  387.440 -99    31   0.040 ...  1.000000  0.000000
2010 11  387.440 -99    30   0.060 ...  1.000000  0.000000
2010 12  387.330 -99    31   0.110 ...  1.000000  0.000000
2011 01  387.220 -99    31   0.180 ...  1.000000  0.000000
2011 02  387.010 -99    28   0.280 ...  1.000000  0.000000
2011 03  386.910 -99    31   0.130 ...  1.000000  0.000000
2011 04  387.060 -99    30   0.080 ...  1.000000  0.000000
2011 05  387.320 -99    31   0.100 ...  1.000000  0.000000
2011 06  387.570 -99    30   0.090 ...  1.000000  0.000000
2011 07  388.020 -99    31   0.190 ...  1.000000  0.000000
2011 08  388.540 -99    31   0.120 ...  1.000000  0.000000
2011 09  388.890 -99    30   0.070 ...  1.000000  0.000000
2011 10  389.090 -99    31   0.040 ...  1.000000  0.000000
2011 11  389.130 -99    30   0.100 ...  1.000000  0.000000
2011 12  389.080 -99    31   0.150 ...  1.000000  0.000000
2012 01  388.940 -99    31   0.120 ...  1.000000  0.000000
2012 02  388.550 -99    29   0.300 ...  1.000000  0.000000
2012 03  388.770 -99    31   0.090 ...  1.000000  0.000000
2012 04  389.000 -99    30   0.080 ...  1.000000  0.000000
2012 05  389.250 -99    31   0.130 ...  1.000000  0.000000
2012 06  389.610 -99    30   0.170 ...  1.000000  0.000000
2012 07  390.240 -99    31   0.180 ...  1.000000  0.000000
2012 08  390.910 -99    31   0.190 ...  1.000000  0.000000
2012 09  391.300 -99    30   0.060 ...  1.000000  0.000000
2012 10  391.370 -99    31   0.060 ...  1.000000  0.000000
2012 11  391.340 -99    30   0.050 ...  1.000000  0.000000
2012 12  391.440 -99    31   0.060 ...  1.000000  0.000000
2013 01  391.360 -99    31   0.110 ...  1.000000  0.000000
2013 02  391.340 -99    25   0.110 ...  1.000000  0.000000
2013 03  391.380 -99    31   0.110 ...  1.000000  0.000000
2013 04  391.800 -99    30   0.160 ...  1.000000  0.000000
2013 05  392.240 -99    31   0.140 ...  1.000000  0.000000
2013 06  392.650 -99    30   0.180 ...  1.000000  0.000000
2013 07  393.200 -99    31   0.170 ...  1.000000  0.000000
2013 08  393.750 -99    31   0.120 ...  1.000000  0.000000
2013 09  394.000 -99    30   0.060 ...  1.000000  0.000000
2013 10  394.020 -99    31   0.030 ...  1.000000  0.000000
2013 11  393.980 -99    26   0.060 ...  1.000000  0.000000
2013 12  393.940 -99    31   0.100 ...  1.000000  0.000000
2014 01  393.890 -99    31   0.100 ...  1.000000  0.000000
2014 02  393.640 -99    28   0.120 ...  1.000000  0.000000
2014 03  393.690 -99    31   0.090 ...  1.000000  0.000000
2014 04  393.840 -99    30   0.100 ...  1.000000  0.000000
2014 05  394.220 -99    31   0.150 ...  1.000000  0.000000
2014 06  394.540 -99    30   0.100 ...  1.000000  0.000000
2014 07  395.010 -99    31   0.170 ...  1.000000  0.000000
2014 08  395.520 -99    31   0.120 ...  1.000000  0.000000
2014 09  395.870 -99    30   0.090 ...  1.000000  0.000000
2014 10  395.960 -99    31   0.030 ...  1.000000  0.000000
2014 11  395.900 -99    30   0.030 ...  1.000000  0.000000
2014 12  395.790 -99    31   0.050 ...  1.000000  0.000000
2015 01  395.790 -99    31   0.130 ...  1.000000  0.000000
2015 02  395.790 -99    28   0.130 ...  1.000000  0.000000
2015 03  395.840 -99    31   0.120 ...  1.000000  0.000000
2015 04  396.160 -99    30   0.130 ...  1.000000  0.000000
2015 05  396.640 -99    31   0.190 ...  1.000000  0.000000
2015 06  397.030 -99    30   0.090 ...  1.000000  0.000000
2015 07  397.450 -99    31   0.180 ...  1.000000  0.000000
2015 08  398.010 -99    31   0.210 ...  1.000000  0.000000
2015 09  398.400 -99    30   0.040 ...  1.000000  0.000000
2015 10  398.360 -99    31   0.070 ...  1.000000  0.000000
2015 11  398.540 -99    30   0.100 ...  1.000000  0.000000
2015 12  398.540 -99    31   0.080 ...  1.000000  0.000000
2016 01  398.670 -99    25   0.110 ...  1.000000  0.000000
2016 02  398.540 -99    29   0.180 ...  1.000000  0.000000
2016 03  399.000 -99    31   0.190 ...  1.000000  0.000000
2016 04  399.330 -99    30   0.270 ...  1.000000  0.000000
2016 05  399.950 -99    31   0.160 ...  1.000000  0.000000
2016 06  400.510 -99    30   0.130 ...  1.000000  0.000000
2016 07  401.090 -99    31   0.210 ...  1.000000  0.000000
2016 08  401.490 -99    31   0.080 ...  1.000000  0.000000
2016 09  401.660 -99    30   0.070 ...  1.000000  0.000000
2016 10  401.730 -99    31   0.090 ...  1.000000  0.000000
2016 11  401.500 -99    30   0.070 ...  1.000000  0.000000
2016 12  401.380 -99    31   0.080 ...  1.000000  0.000000
2017 01  401.250 -99    31   0.080 ...  1.000000  0.000000
2017 02  401.130 -99    28   0.130 ...  1.000000  0.000000
2017 03  401.080 -99    31   0.120 ...  1.000000  0.000000
2017 04  401.210 -99    30   0.100 ...  1.000000  0.000000
2017 05  401.660 -99    31   0.170 ...  1.000000  0.000000
2017 06  402.050 -99    30   0.070 ...  1.000000  0.000000
2017 07  402.620 -99    31   0.290 ...  1.000000  0.000000
2017 08  403.210 -99    31   0.110 ...  1.000000  0.000000
2017 09  403.550 -99    30   0.080 ...  1.000000  0.000000
2017 10  403.700 -99    31   0.050 ...  1.000000  0.000000
2017 11  403.670 -99    30   0.040 ...  1.000000  0.000000
2017 12  403.660 -99    31   0.100 ...  1.000000  0.000000
