REM01  EXPLANATORY 25-LINE FOR THE MONTHLY DATA
REM02  FILENAME: co2_ssl_surface-insitu_71_9999-9999_monthly.txt
REM03  STATION: Schauinsland
REM04  CATEGORY: GAW Regional
REM05  COUNTRY/TERRITORY: Germany
REM06  SUBMITTED BY: UBAG
REM07  LATITUDE:   47 54' N
REM08  LONGITUDE:   7 55' E
REM09  ALTITUDE:     1205 m
REM10  RATIO: 1.000000 0.000000  1.000000 0.000000
REM11  PARAMETER: CO2
REM12  COVERING PERIOD: January 1972 - November 2013
REM13  UNIT: ppm
REM14  ANALYSIS: NDIR(1972-06-01 - 1982-09-30)  NDIR(1982-10-01 - 1993-12-31)  NDIR(1994-01-01 - 2011-12-31)  CRDS(2012-01-01 - 2013-12-01)
REM15  SAMPLING TYPE: surface-insitu
REM16  CLASSIFICATION: Background observation
REM17  CALIBRATION: WMO(1960-01-01 - 9999-12-31)  WMO(1960-01-01 - 9999-12-31)
REM18  TABLENAME: SSL647N071iz
REM19  CALCULATION: contributor
REM20  REGISTRATION: 2018-07-11
REM21
REM22  COMMENT: Dataset was made using the former WDCGG data file
REM23
REM24 M      CO2   V    ND      SD   F   RATIO_A   RATIO_B
REM25        ppm
1972 01  335.330 -99    31   5.930   0  1.000000  0.000000
1972 02  339.100 -99    29   5.270   0  1.000000  0.000000
1972 03  337.120 -99    31   4.590   0  1.000000  0.000000
1972 04  334.960 -99    30   3.690   0  1.000000  0.000000
1972 05  329.510 -99    31   3.510   0  1.000000  0.000000
1972 06  325.550 -99    30   4.190   0  1.000000  0.000000
1972 07  328.090 -99    31   3.520   0  1.000000  0.000000
1972 08  322.230 -99    31   5.230   0  1.000000  0.000000
1972 09  321.850 -99    30   2.590   0  1.000000  0.000000
1972 10  329.180 -99    31   4.660   0  1.000000  0.000000
1972 11  328.780 -99    30   4.270   0  1.000000  0.000000
1972 12  331.390 -99    31   3.310   0  1.000000  0.000000
1973 01  334.660 -99    31   4.410   0  1.000000  0.000000
1973 02  335.340 -99    28   3.510   0  1.000000  0.000000
1973 03  335.560 -99    31   3.580   0  1.000000  0.000000
1973 04  335.470 -99    28   2.170   0  1.000000  0.000000
1973 05  328.960 -99    30   4.260   0  1.000000  0.000000
1973 06  324.920 -99    30   3.480   0  1.000000  0.000000
1973 07  323.030 -99    31   2.990   0  1.000000  0.000000
1973 08  324.500 -99    31   4.070   0  1.000000  0.000000
1973 09  326.050 -99    30   3.720   0  1.000000  0.000000
1973 10  331.080 -99    31   3.100   0  1.000000  0.000000
1973 11  333.160 -99    30   2.360   0  1.000000  0.000000
1973 12  335.320 -99    31   3.040   0  1.000000  0.000000
1974 01  333.940 -99    31   2.110   0  1.000000  0.000000
1974 02  340.770 -99    28   7.680   0  1.000000  0.000000
1974 03  340.090 -99    30   4.980   0  1.000000  0.000000
1974 04  335.950 -99    30   2.690   0  1.000000  0.000000
1974 05  331.160 -99    31   5.080   0  1.000000  0.000000
1974 06  327.350 -99    30   2.880   0  1.000000  0.000000
1974 07  324.880 -99    31   3.910   0  1.000000  0.000000
1974 08  327.920 -99    31   5.700   0  1.000000  0.000000
1974 09  327.010 -99    30   4.660   0  1.000000  0.000000
1974 10  332.760 -99    31   4.530   0  1.000000  0.000000
1974 11  333.840 -99    29   3.820   0  1.000000  0.000000
1974 12  332.610 -99    31   1.930   0  1.000000  0.000000
1975 01  333.130 -99    31   1.550   0  1.000000  0.000000
1975 02  335.280 -99    28   3.130   0  1.000000  0.000000
1975 03  340.020 -99    31   5.960   0  1.000000  0.000000
1975 04  338.970 -99    26   2.260   0  1.000000  0.000000
1975 05  332.980 -99    31   4.250   0  1.000000  0.000000
1975 06  328.700 -99    30   4.180   0  1.000000  0.000000
1975 07  321.320 -99    31   3.680   0  1.000000  0.000000
1975 08  325.990 -99    31   4.270   0  1.000000  0.000000
1975 09  328.250 -99    30   4.480   0  1.000000  0.000000
1975 10  333.650 -99    31   6.120   0  1.000000  0.000000
1975 11  340.690 -99    30   5.070   0  1.000000  0.000000
1975 12  337.070 -99    31   4.410   0  1.000000  0.000000
1976 01  339.600 -99    24   2.650   0  1.000000  0.000000
1976 02  344.040 -99    29   5.430   0  1.000000  0.000000
1976 03  338.430 -99    25   4.550   0  1.000000  0.000000
1976 04  338.240 -99    30   3.080   0  1.000000  0.000000
1976 05  330.690 -99    31   2.710   0  1.000000  0.000000
1976 06  326.370 -99    30   5.090   0  1.000000  0.000000
1976 07  328.410 -99    31   3.420   0  1.000000  0.000000
1976 08  323.460 -99    31   3.650   0  1.000000  0.000000
1976 09  326.800 -99    30   3.520   0  1.000000  0.000000
1976 10  334.170 -99    26   6.610   0  1.000000  0.000000
1976 11  339.040 -99    30   6.720   0  1.000000  0.000000
1976 12  337.740 -99    31   3.330   0  1.000000  0.000000
1977 01  340.640 -99    31   4.150   0  1.000000  0.000000
1977 02  337.990 -99    28   3.850   0  1.000000  0.000000
1977 03  336.270 -99    31   2.250   0  1.000000  0.000000
1977 04  338.880 -99    30   2.710   0  1.000000  0.000000
1977 05  333.830 -99    31   3.840   0  1.000000  0.000000
1977 06  330.400 -99    30   4.030   0  1.000000  0.000000
1977 07  323.050 -99    31   4.150   0  1.000000  0.000000
1977 08  325.720 -99    31   4.170   0  1.000000  0.000000
1977 09  327.620 -99    30   2.700   0  1.000000  0.000000
1977 10  334.270 -99    31   4.940   0  1.000000  0.000000
1977 11  337.670 -99    30   4.370   0  1.000000  0.000000
1977 12  339.420 -99    31   2.580   0  1.000000  0.000000
1978 01  343.700 -99    31   5.230   0  1.000000  0.000000
1978 02  345.480 -99    28   6.490   0  1.000000  0.000000
1978 03  341.760 -99    31   4.440   0  1.000000  0.000000
1978 04  344.360 -99    30   3.780   0  1.000000  0.000000
1978 05  340.080 -99    31   4.830   0  1.000000  0.000000
1978 06  331.340 -99    30   2.870   0  1.000000  0.000000
1978 07  326.070 -99    31   4.280   0  1.000000  0.000000
1978 08  325.010 -99    31   5.210   0  1.000000  0.000000
1978 09  327.260 -99    30   3.620   0  1.000000  0.000000
1978 10  336.200 -99    30   5.560   0  1.000000  0.000000
1978 11  338.430 -99    30   4.740   0  1.000000  0.000000
1978 12  342.080 -99    31   3.790   0  1.000000  0.000000
1979 01  345.280 -99    31   4.520   0  1.000000  0.000000
1979 02  349.860 -99    27   9.730   0  1.000000  0.000000
1979 03  341.140 -99    31   2.930   0  1.000000  0.000000
1979 04  341.320 -99    30   3.120   0  1.000000  0.000000
1979 05  334.960 -99    31   2.900   0  1.000000  0.000000
1979 06  331.190 -99    30   6.170   0  1.000000  0.000000
1979 07  325.080 -99    31   8.240   0  1.000000  0.000000
1979 08  327.010 -99    31   5.280   0  1.000000  0.000000
1979 09  329.550 -99    30   5.090   0  1.000000  0.000000
1979 10  337.980 -99    31   5.730   0  1.000000  0.000000
1979 11  340.340 -99    30   6.020   0  1.000000  0.000000
1979 12  342.200 -99    30   5.810   0  1.000000  0.000000
1980 01  345.860 -99    31   5.560   0  1.000000  0.000000
1980 02  344.780 -99    29   4.280   0  1.000000  0.000000
1980 03  348.230 -99    31   6.050   0  1.000000  0.000000
1980 04  344.790 -99    30   3.000   0  1.000000  0.000000
1980 05  339.340 -99    31   4.620   0  1.000000  0.000000
1980 06  334.920 -99    30   3.620   0  1.000000  0.000000
1980 07  331.500 -99    31   3.700   0  1.000000  0.000000
1980 08  330.190 -99    22   4.150   0  1.000000  0.000000
1980 09  331.590 -99    30   3.790   0  1.000000  0.000000
1980 10  338.320 -99    31   3.090   0  1.000000  0.000000
1980 11  344.140 -99    30   5.480   0  1.000000  0.000000
1980 12  342.800 -99    31   2.290   0  1.000000  0.000000
1981 01  345.740 -99    27   3.450   0  1.000000  0.000000
1981 02  348.210 -99    27   5.690   0  1.000000  0.000000
1981 03  345.010 -99    27   3.390   0  1.000000  0.000000
1981 04  348.950 -99    30   8.050   0  1.000000  0.000000
1981 05  340.670 -99    31   2.830   0  1.000000  0.000000
1981 06  336.020 -99    30   4.560   0  1.000000  0.000000
1981 07  333.520 -99    30   3.660   0  1.000000  0.000000
1981 08  333.890 -99    31   4.030   0  1.000000  0.000000
1981 09 -9999999 -99 -9999 -999999   3  1.000000  0.000000
1981 10 -9999999 -99 -9999 -999999   3  1.000000  0.000000
1981 11 -9999999 -99 -9999 -999999   3  1.000000  0.000000
1981 12  348.450 -99    31   4.860   0  1.000000  0.000000
1982 01  347.390 -99    31   4.800   0  1.000000  0.000000
1982 02  352.440 -99    28   6.720   0  1.000000  0.000000
1982 03  348.880 -99    30   4.070   0  1.000000  0.000000
1982 04  350.170 -99    27   1.530   0  1.000000  0.000000
1982 05  343.800 -99    31   3.150   0  1.000000  0.000000
1982 06  338.990 -99    30   2.920   0  1.000000  0.000000
1982 07  338.750 -99    31   6.290   0  1.000000  0.000000
1982 08  333.820 -99    31   4.410   0  1.000000  0.000000
1982 09  338.420 -99    30   4.830   0  1.000000  0.000000
1982 10 -9999999 -99 -9999 -999999   3  1.000000  0.000000
1982 11 -9999999 -99 -9999 -999999   3  1.000000  0.000000
1982 12 -9999999 -99 -9999 -999999   3  1.000000  0.000000
1983 01  347.170 -99    31   1.670   0  1.000000  0.000000
1983 02  353.310 -99    28   6.150   0  1.000000  0.000000
1983 03  350.390 -99    29   3.250   0  1.000000  0.000000
1983 04  346.950 -99    30   1.920   0  1.000000  0.000000
1983 05  344.810 -99    31   2.430   0  1.000000  0.000000
1983 06  340.530 -99    30   3.340   0  1.000000  0.000000
1983 07  340.110 -99    31   3.220   0  1.000000  0.000000
1983 08  338.890 -99    31   2.390   0  1.000000  0.000000
1983 09  336.800 -99    19   3.390   0  1.000000  0.000000
1983 10  343.250 -99    31   4.030   0  1.000000  0.000000
1983 11  348.110 -99    30   3.490   0  1.000000  0.000000
1983 12  348.990 -99    31   2.920   0  1.000000  0.000000
1984 01  349.940 -99    31   2.520   0  1.000000  0.000000
1984 02  355.200 -99    29   6.590   0  1.000000  0.000000
1984 03  356.650 -99    28   5.380   0  1.000000  0.000000
1984 04  355.650 -99    30   6.000   0  1.000000  0.000000
1984 05  348.010 -99    31   3.330   0  1.000000  0.000000
1984 06  340.320 -99    30   3.520   0  1.000000  0.000000
1984 07  338.380 -99    30   2.590   0  1.000000  0.000000
1984 08  338.600 -99    31   5.130   0  1.000000  0.000000
1984 09  340.410 -99    30   3.900   0  1.000000  0.000000
1984 10  343.820 -99    25   2.130   0  1.000000  0.000000
1984 11  347.560 -99    30   3.520   0  1.000000  0.000000
1984 12  350.560 -99    31   4.180   0  1.000000  0.000000
1985 01  355.840 -99    31   7.400   0  1.000000  0.000000
1985 02  353.240 -99    28   3.960   0  1.000000  0.000000
1985 03  355.990 -99    31   5.370   0  1.000000  0.000000
1985 04  351.260 -99    30   2.300   0  1.000000  0.000000
1985 05  347.160 -99    31   4.860   0  1.000000  0.000000
1985 06  340.820 -99    30   3.600   0  1.000000  0.000000
1985 07  339.180 -99    31   2.460   0  1.000000  0.000000
1985 08  337.190 -99    31   2.740   0  1.000000  0.000000
1985 09  339.100 -99    30   2.890   0  1.000000  0.000000
1985 10  344.950 -99    31   4.630   0  1.000000  0.000000
1985 11  356.180 -99    30   9.860   0  1.000000  0.000000
1985 12  349.780 -99    31   3.270   0  1.000000  0.000000
1986 01  352.280 -99    30   2.570   0  1.000000  0.000000
1986 02  362.530 -99    28   7.050   0  1.000000  0.000000
1986 03  358.320 -99    31   7.850   0  1.000000  0.000000
1986 04  355.800 -99    30   6.230   0  1.000000  0.000000
1986 05  348.390 -99    31   2.840   0  1.000000  0.000000
1986 06  343.330 -99    30   2.950   0  1.000000  0.000000
1986 07  339.450 -99    31   3.500   0  1.000000  0.000000
1986 08  338.650 -99    20   3.540   0  1.000000  0.000000
1986 09  339.990 -99    30   5.030   0  1.000000  0.000000
1986 10  346.040 -99    31   3.820   0  1.000000  0.000000
1986 11  350.320 -99    30   1.740   0  1.000000  0.000000
1986 12  352.050 -99    31   2.850   0  1.000000  0.000000
1987 01  361.680 -99    31  12.600   0  1.000000  0.000000
1987 02  361.180 -99    28   9.360   0  1.000000  0.000000
1987 03  358.240 -99    31   5.380   0  1.000000  0.000000
1987 04  353.910 -99    30   2.730   0  1.000000  0.000000
1987 05  349.530 -99    31   4.290   0  1.000000  0.000000
1987 06  347.550 -99    30   3.140   0  1.000000  0.000000
1987 07  345.720 -99    31   4.290   0  1.000000  0.000000
1987 08  342.590 -99    31   3.790   0  1.000000  0.000000
1987 09  345.600 -99    30   3.180   0  1.000000  0.000000
1987 10  349.080 -99    31   4.230   0  1.000000  0.000000
1987 11  356.260 -99    30   7.270   0  1.000000  0.000000
1987 12  358.720 -99    24   6.820   0  1.000000  0.000000
1988 01  354.370 -99    27   1.450   0  1.000000  0.000000
1988 02  358.580 -99    29   4.930   0  1.000000  0.000000
1988 03  357.840 -99    27   2.230   0  1.000000  0.000000
1988 04  357.570 -99    29   3.480   0  1.000000  0.000000
1988 05  351.880 -99    31   3.150   0  1.000000  0.000000
1988 06  346.860 -99    30   3.290   0  1.000000  0.000000
1988 07  345.080 -99    30   3.630   0  1.000000  0.000000
1988 08  343.850 -99    28   2.450   0  1.000000  0.000000
1988 09  347.420 -99    27   2.140   0  1.000000  0.000000
1988 10  353.590 -99    30   3.820   0  1.000000  0.000000
1988 11  356.970 -99    30   2.510   0  1.000000  0.000000
1988 12  358.680 -99    31   4.130   0  1.000000  0.000000
1989 01  356.800 -99    31   1.980   0  1.000000  0.000000
1989 02  357.560 -99    28   2.230   0  1.000000  0.000000
1989 03  357.870 -99    29   2.710   0  1.000000  0.000000
1989 04  358.120 -99    30   2.960   0  1.000000  0.000000
1989 05  349.930 -99    31   4.030   0  1.000000  0.000000
1989 06  346.390 -99    21   3.580   0  1.000000  0.000000
1989 07  349.290 -99    31   5.560   0  1.000000  0.000000
1989 08  349.630 -99    27   4.550   0  1.000000  0.000000
1989 09  350.950 -99    30   3.950   0  1.000000  0.000000
1989 10  354.060 -99    29   2.110   0  1.000000  0.000000
1989 11  357.650 -99    29   2.590   0  1.000000  0.000000
1989 12  358.360 -99    29   1.710   0  1.000000  0.000000
1990 01  358.170 -99    31   1.670   0  1.000000  0.000000
1990 02  358.550 -99    28   1.260   0  1.000000  0.000000
1990 03  361.150 -99    31   3.870   0  1.000000  0.000000
1990 04  360.280 -99    23   3.440   0  1.000000  0.000000
1990 05  352.080 -99    31   2.110   0  1.000000  0.000000
1990 06  351.520 -99    30   2.390   0  1.000000  0.000000
1990 07  348.380 -99    31   3.710   0  1.000000  0.000000
1990 08  349.800 -99    31   3.090   0  1.000000  0.000000
1990 09  349.130 -99    30   2.350   0  1.000000  0.000000
1990 10  356.140 -99    28   6.070   0  1.000000  0.000000
1990 11  360.850 -99    30   5.250   0  1.000000  0.000000
1990 12  363.300 -99    20   4.910   0  1.000000  0.000000
1991 01  361.320 -99    30   3.590   0  1.000000  0.000000
1991 02  366.900 -99    26   5.500   0  1.000000  0.000000
1991 03  364.600 -99    29   4.500   0  1.000000  0.000000
1991 04  362.370 -99    29   2.000   0  1.000000  0.000000
1991 05  359.770 -99    28   4.350   0  1.000000  0.000000
1991 06  354.590 -99    28   2.550   0  1.000000  0.000000
1991 07  349.720 -99    31   3.810   0  1.000000  0.000000
1991 08  350.250 -99    30   3.440   0  1.000000  0.000000
1991 09  353.520 -99    27   5.840   0  1.000000  0.000000
1991 10  355.920 -99    24   4.520   0  1.000000  0.000000
1991 11  361.180 -99    27   6.700   0  1.000000  0.000000
1991 12  360.380 -99    27   1.480   0  1.000000  0.000000
1992 01  363.650 -99    23   4.250   0  1.000000  0.000000
1992 02  363.220 -99    28   3.030   0  1.000000  0.000000
1992 03  364.390 -99    30   3.170   0  1.000000  0.000000
1992 04  361.850 -99    29   1.700   0  1.000000  0.000000
1992 05  356.840 -99    31   3.710   0  1.000000  0.000000
1992 06  352.340 -99    28   5.430   0  1.000000  0.000000
1992 07  350.220 -99    29   4.140   0  1.000000  0.000000
1992 08  350.230 -99    29   4.160   0  1.000000  0.000000
1992 09  349.060 -99    21   3.070   0  1.000000  0.000000
1992 10  358.500 -99    31   6.000   0  1.000000  0.000000
1992 11  356.670 -99    30   1.890   0  1.000000  0.000000
1992 12  360.870 -99    25   4.750   0  1.000000  0.000000
1993 01  360.750 -99    27   1.800   0  1.000000  0.000000
1993 02  363.220 -99    27   3.750   0  1.000000  0.000000
1993 03  366.860 -99    31   5.110   0  1.000000  0.000000
1993 04  362.950 -99    30   2.430   0  1.000000  0.000000
1993 05  357.890 -99    29   4.060   0  1.000000  0.000000
1993 06  354.260 -99    30   4.290   0  1.000000  0.000000
1993 07  350.920 -99    31   3.240   0  1.000000  0.000000
1993 08  349.780 -99    31   3.540   0  1.000000  0.000000
1993 09  353.280 -99    30   6.150   0  1.000000  0.000000
1993 10  359.150 -99    28   5.540   0  1.000000  0.000000
1993 11  363.510 -99    23   5.150   0  1.000000  0.000000
1993 12  362.790 -99    25   3.180   0  1.000000  0.000000
1994 01  363.500 -99    26   3.550   0  1.000000  0.000000
1994 02  368.700 -99    28   7.840   0  1.000000  0.000000
1994 03  362.720 -99    25   1.320   0  1.000000  0.000000
1994 04  364.150 -99    27   2.950   0  1.000000  0.000000
1994 05  360.100 -99    31   5.070   0  1.000000  0.000000
1994 06  355.810 -99    30   3.110   0  1.000000  0.000000
1994 07  354.280 -99    30   4.220   0  1.000000  0.000000
1994 08  352.580 -99    31   4.300   0  1.000000  0.000000
1994 09  353.740 -99    30   4.390   0  1.000000  0.000000
1994 10  359.020 -99    31   4.200   0  1.000000  0.000000
1994 11  364.130 -99    30   4.250   0  1.000000  0.000000
1994 12  364.340 -99    30   4.590   0  1.000000  0.000000
1995 01  365.480 -99    31   3.920   0  1.000000  0.000000
1995 02  364.430 -99    28   1.690   0  1.000000  0.000000
1995 03  365.840 -99    31   2.020   0  1.000000  0.000000
1995 04  366.600 -99    30   3.490   0  1.000000  0.000000
1995 05  361.400 -99    31   3.450   0  1.000000  0.000000
1995 06  358.010 -99    30   3.100   0  1.000000  0.000000
1995 07  356.400 -99    31   3.000   0  1.000000  0.000000
1995 08  355.390 -99    31   2.750   0  1.000000  0.000000
1995 09  356.170 -99    30   4.370   0  1.000000  0.000000
1995 10  362.500 -99    26   3.130   0  1.000000  0.000000
1995 11  365.560 -99    30   2.250   0  1.000000  0.000000
1995 12  370.270 -99    31   4.460   0  1.000000  0.000000
1996 01  367.970 -99    31   3.750   0  1.000000  0.000000
1996 02  373.370 -99    29   6.220   0  1.000000  0.000000
1996 03  374.760 -99    25   6.770   0  1.000000  0.000000
1996 04  371.160 -99    30   4.420   0  1.000000  0.000000
1996 05  367.210 -99    31   5.820   0  1.000000  0.000000
1996 06  359.720 -99    30   4.070   0  1.000000  0.000000
1996 07  355.870 -99    31   4.050   0  1.000000  0.000000
1996 08  356.420 -99    31   3.030   0  1.000000  0.000000
1996 09  357.850 -99    30   5.110   0  1.000000  0.000000
1996 10  365.280 -99    31   5.940   0  1.000000  0.000000
1996 11  367.860 -99    30   5.090   0  1.000000  0.000000
1996 12  370.090 -99    31   8.310   0  1.000000  0.000000
1997 01  371.130 -99    31   7.070   0  1.000000  0.000000
1997 02  367.960 -99    28   1.480   0  1.000000  0.000000
1997 03  369.340 -99    31   2.170   0  1.000000  0.000000
1997 04  368.500 -99    30   1.380   0  1.000000  0.000000
1997 05  364.950 -99    31   3.560   0  1.000000  0.000000
1997 06  360.370 -99    30   3.380   0  1.000000  0.000000
1997 07  356.020 -99    31   3.920   0  1.000000  0.000000
1997 08  358.310 -99    31   2.150   0  1.000000  0.000000
1997 09  358.130 -99    30   4.790   0  1.000000  0.000000
1997 10  363.650 -99    31   3.630   0  1.000000  0.000000
1997 11  367.530 -99    30   1.980   0  1.000000  0.000000
1997 12  372.680 -99    31   5.930   0  1.000000  0.000000
1998 01  371.690 -99    31   4.920   0  1.000000  0.000000
1998 02  371.460 -99    28   2.810   0  1.000000  0.000000
1998 03  372.160 -99    30   2.810   0  1.000000  0.000000
1998 04  369.890 -99    30   1.800   0  1.000000  0.000000
1998 05  366.260 -99    31   4.130   0  1.000000  0.000000
1998 06  363.230 -99    25   3.930   0  1.000000  0.000000
1998 07  362.380 -99    31   3.750   0  1.000000  0.000000
1998 08  361.500 -99    27   3.290   0  1.000000  0.000000
1998 09  363.520 -99    23   3.390   0  1.000000  0.000000
1998 10  369.700 -99    30   5.100   0  1.000000  0.000000
1998 11  373.850 -99    30   5.440   0  1.000000  0.000000
1998 12  373.280 -99    31   4.290   0  1.000000  0.000000
1999 01  373.760 -99    31   4.220   0  1.000000  0.000000
1999 02  376.270 -99    28   3.400   0  1.000000  0.000000
1999 03  375.420 -99    31   3.150   0  1.000000  0.000000
1999 04  373.130 -99    29   1.560   0  1.000000  0.000000
1999 05  367.900 -99    26   3.590   0  1.000000  0.000000
1999 06  364.740 -99    30   3.910   0  1.000000  0.000000
1999 07  363.130 -99    31   4.130   0  1.000000  0.000000
1999 08  362.800 -99    31   4.140   0  1.000000  0.000000
1999 09  364.500 -99    27   2.490   0  1.000000  0.000000
1999 10  368.840 -99    31   3.110   0  1.000000  0.000000
1999 11  376.660 -99    30   5.240   0  1.000000  0.000000
1999 12  372.800 -99    28   2.420   0  1.000000  0.000000
2000 01  377.230 -99    31   6.110   0  1.000000  0.000000
2000 02  374.920 -99    29   1.960   0  1.000000  0.000000
2000 03  375.630 -99    31   2.260   0  1.000000  0.000000
2000 04  374.820 -99    30   2.280   0  1.000000  0.000000
2000 05  370.560 -99    31   3.150   0  1.000000  0.000000
2000 06  366.920 -99    30   3.600   0  1.000000  0.000000
2000 07  364.540 -99    31   3.140   0  1.000000  0.000000
2000 08  364.270 -99    30   2.850   0  1.000000  0.000000
2000 09  365.640 -99    29   4.270   0  1.000000  0.000000
2000 10  370.350 -99    31   2.800   0  1.000000  0.000000
2000 11  372.880 -99    30   1.550   0  1.000000  0.000000
2000 12  373.780 -99    30   1.670   0  1.000000  0.000000
2001 01  376.820 -99    27   2.740   0  1.000000  0.000000
2001 02  379.600 -99    28   5.210   0  1.000000  0.000000
2001 03  376.900 -99    31   3.480   0  1.000000  0.000000
2001 04  376.000 -99    29   2.300   0  1.000000  0.000000
2001 05  370.580 -99    31   5.650   0  1.000000  0.000000
2001 06  369.430 -99    26   3.690   0  1.000000  0.000000
2001 07  364.700 -99    27   3.520   0  1.000000  0.000000
2001 08  364.840 -99    29   3.640   0  1.000000  0.000000
2001 09  365.040 -99    30   3.110   0  1.000000  0.000000
2001 10  371.690 -99    31   2.180   0  1.000000  0.000000
2001 11  375.540 -99    28   2.420   0  1.000000  0.000000
2001 12  378.120 -99    29   2.300   0  1.000000  0.000000
2002 01  377.400 -99    31   3.920   0  1.000000  0.000000
2002 02  378.360 -99    27   2.840   0  1.000000  0.000000
2002 03  379.740 -99    31   2.550   0  1.000000  0.000000
2002 04  378.040 -99    28   2.550   0  1.000000  0.000000
2002 05  374.920 -99    31   4.700   0  1.000000  0.000000
2002 06  370.580 -99    30   3.540   0  1.000000  0.000000
2002 07  367.820 -99    31   4.710   0  1.000000  0.000000
2002 08  369.340 -99    23   3.730   0  1.000000  0.000000
2002 09  368.770 -99    28   3.320   0  1.000000  0.000000
2002 10 -9999999 -99 -9999 -999999   3  1.000000  0.000000
2002 11  377.440 -99    29   2.050   0  1.000000  0.000000
2002 12  382.720 -99    31   6.520   0  1.000000  0.000000
2003 01  383.020 -99    30   5.140   0  1.000000  0.000000
2003 02  384.890 -99    27   4.090   0  1.000000  0.000000
2003 03  381.860 -99    30   2.090   0  1.000000  0.000000
2003 04  381.580 -99    30   2.040   0  1.000000  0.000000
2003 05  376.020 -99    31   3.260   0  1.000000  0.000000
2003 06  374.200 -99    29   2.510   0  1.000000  0.000000
2003 07  371.330 -99    31   3.670   0  1.000000  0.000000
2003 08  375.480 -99    29   3.490   0  1.000000  0.000000
2003 09  371.550 -99    28   2.140   0  1.000000  0.000000
2003 10  377.660 -99    30   3.370   0  1.000000  0.000000
2003 11  381.190 -99    28   4.560   0  1.000000  0.000000
2003 12  381.970 -99    23   2.360   0  1.000000  0.000000
2004 01  384.330 -99    28   4.800   0  1.000000  0.000000
2004 02  385.020 -99    28   3.660   0  1.000000  0.000000
2004 03  386.840 -99    31   3.820   0  1.000000  0.000000
2004 04  382.690 -99    30   2.530   0  1.000000  0.000000
2004 05  378.330 -99    31   3.030   0  1.000000  0.000000
2004 06  375.050 -99    30   2.960   0  1.000000  0.000000
2004 07  372.890 -99    31   2.770   0  1.000000  0.000000
2004 08  372.030 -99    29   3.920   0  1.000000  0.000000
2004 09  372.200 -99    30   2.850   0  1.000000  0.000000
2004 10  378.770 -99    28   3.860   0  1.000000  0.000000
2004 11  384.440 -99    30   4.870   0  1.000000  0.000000
2004 12  383.130 -99    31   4.150   0  1.000000  0.000000
2005 01  384.990 -99    31   4.260   0  1.000000  0.000000
2005 02  391.340 -99    28   6.890   0  1.000000  0.000000
2005 03  387.240 -99    29   4.130   0  1.000000  0.000000
2005 04  385.150 -99    29   2.560   0  1.000000  0.000000
2005 05  381.180 -99    29   2.890   0  1.000000  0.000000
2005 06  377.370 -99    23   3.320   0  1.000000  0.000000
2005 07  374.280 -99    29   3.350   0  1.000000  0.000000
2005 08  372.410 -99    31   5.260   0  1.000000  0.000000
2005 09  376.720 -99    30   4.780   0  1.000000  0.000000
2005 10  381.260 -99    31   4.040   0  1.000000  0.000000
2005 11  385.170 -99    27   5.120   0  1.000000  0.000000
2005 12  388.120 -99    29   4.290   0  1.000000  0.000000
2006 01  388.000 -99    31   3.600   0  1.000000  0.000000
2006 02  391.980 -99    28   5.190   0  1.000000  0.000000
2006 03  391.510 -99    31   5.290   0  1.000000  0.000000
2006 04  387.400 -99    30   2.880   0  1.000000  0.000000
2006 05  383.190 -99    31   2.300   0  1.000000  0.000000
2006 06  378.740 -99    26   3.090   0  1.000000  0.000000
2006 07  378.160 -99    31   3.930   0  1.000000  0.000000
2006 08  374.130 -99    31   2.530   0  1.000000  0.000000
2006 09  378.250 -99    29   5.190   0  1.000000  0.000000
2006 10  381.400 -99    31   3.480   0  1.000000  0.000000
2006 11  384.460 -99    29   2.560   0  1.000000  0.000000
2006 12  386.290 -99    31   2.040   0  1.000000  0.000000
2007 01  388.470 -99    31   3.010   0  1.000000  0.000000
2007 02  389.400 -99    27   2.050   0  1.000000  0.000000
2007 03  390.730 -99    31   3.190   0  1.000000  0.000000
2007 04 -9999999 -99 -9999 -999999   3  1.000000  0.000000
2007 05  383.340 -99    24   2.790   0  1.000000  0.000000
2007 06 -9999999 -99 -9999 -999999   3  1.000000  0.000000
2007 07  377.270 -99    30   3.410   0  1.000000  0.000000
2007 08  377.020 -99    31   6.360   0  1.000000  0.000000
2007 09 -9999999 -99 -9999 -999999   3  1.000000  0.000000
2007 10  388.660 -99    31   5.870   0  1.000000  0.000000
2007 11  389.610 -99    30   4.190   0  1.000000  0.000000
2007 12  389.490 -99    31   3.950   0  1.000000  0.000000
2008 01  390.410 -99    31   3.490   0  1.000000  0.000000
2008 02  391.120 -99    29   2.270   0  1.000000  0.000000
2008 03  391.950 -99    29   2.280   0  1.000000  0.000000
2008 04  392.050 -99    29   2.310   0  1.000000  0.000000
2008 05  386.020 -99    26   1.980   0  1.000000  0.000000
2008 06  382.070 -99    30   5.350   0  1.000000  0.000000
2008 07  379.480 -99    31   3.420   0  1.000000  0.000000
2008 08  376.620 -99    31   3.810   0  1.000000  0.000000
2008 09  380.510 -99    30   3.710   0  1.000000  0.000000
2008 10  385.610 -99    31   4.550   0  1.000000  0.000000
2008 11  390.720 -99    30   3.270   0  1.000000  0.000000
2008 12  394.300 -99    31   5.630   0  1.000000  0.000000
2009 01  394.270 -99    31   4.690   0  1.000000  0.000000
2009 02  398.130 -99    28   3.190   0  1.000000  0.000000
2009 03  396.190 -99    29   2.900   0  1.000000  0.000000
2009 04  392.690 -99    25   2.460   0  1.000000  0.000000
2009 05  388.900 -99    23   3.850   0  1.000000  0.000000
2009 06  383.740 -99    30   3.670   0  1.000000  0.000000
2009 07  382.610 -99    31   4.160   0  1.000000  0.000000
2009 08  381.080 -99    31   4.550   0  1.000000  0.000000
2009 09  384.270 -99    29   5.470   0  1.000000  0.000000
2009 10  387.770 -99    31   3.650   0  1.000000  0.000000
2009 11  390.870 -99    29   4.650   0  1.000000  0.000000
2009 12  394.380 -99    26   4.660   0  1.000000  0.000000
2010 01  400.170 -99    31   7.510   0  1.000000  0.000000
2010 02  400.360 -99    28   7.330   0  1.000000  0.000000
2010 03  398.690 -99    21   3.840   0  1.000000  0.000000
2010 04  394.490 -99    30   2.740   0  1.000000  0.000000
2010 05  391.530 -99    30   4.390   0  1.000000  0.000000
2010 06  383.970 -99    26   4.500   0  1.000000  0.000000
2010 07  386.040 -99    30   3.110   0  1.000000  0.000000
2010 08  378.920 -99    27   3.520   0  1.000000  0.000000
2010 09 -9999999 -99 -9999 -999999   3  1.000000  0.000000
2010 10 -9999999 -99 -9999 -999999   3  1.000000  0.000000
2010 11 -9999999 -99 -9999 -999999   3  1.000000  0.000000
2010 12 -9999999 -99 -9999 -999999   3  1.000000  0.000000
2011 01  398.150 -99    27   2.820   0  1.000000  0.000000
2011 02  401.040 -99    24   6.360   0  1.000000  0.000000
2011 03  401.680 -99    24   4.330   0  1.000000  0.000000
2011 04  395.390 -99    30   1.760   0  1.000000  0.000000
2011 05  390.230 -99    31   2.560   0  1.000000  0.000000
2011 06  390.220 -99    30   4.140   0  1.000000  0.000000
2011 07  386.800 -99    27   3.280   0  1.000000  0.000000
2011 08  385.980 -99    31   5.580   0  1.000000  0.000000
2011 09  385.140 -99    26   3.340   0  1.000000  0.000000
2011 10 -9999999 -99 -9999 -999999   3  1.000000  0.000000
2011 11 -9999999 -99 -9999 -999999   3  1.000000  0.000000
2011 12 -9999999 -99 -9999 -999999   3  1.000000  0.000000
2012 01  398.820 -99    22   4.000   0  1.000000  0.000000
2012 02  403.070 -99    29   4.680   0  1.000000  0.000000
2012 03  401.010 -99    30   2.630   0  1.000000  0.000000
2012 04  399.180 -99    29   3.360   0  1.000000  0.000000
2012 05  396.400 -99    25   2.650   0  1.000000  0.000000
2012 06  393.460 -99    19   8.580   0  1.000000  0.000000
2012 07  387.480 -99    30   4.520   0  1.000000  0.000000
2012 08  387.740 -99    31   5.030   0  1.000000  0.000000
2012 09  388.500 -99    30   3.410   0  1.000000  0.000000
2012 10  396.260 -99    31   5.600   0  1.000000  0.000000
2012 11  399.220 -99    30   4.950   0  1.000000  0.000000
2012 12  401.900 -99    30   4.180   0  1.000000  0.000000
2013 01  405.500 -99    31   7.550   0  1.000000  0.000000
2013 02  410.540 -99    25   7.080   0  1.000000  0.000000
2013 03  406.870 -99    29   5.550   0  1.000000  0.000000
2013 04  405.700 -99    29   5.450   0  1.000000  0.000000
2013 05  398.470 -99    30   2.790   0  1.000000  0.000000
2013 06  393.710 -99    29   4.750   0  1.000000  0.000000
2013 07  389.770 -99    31   3.910   0  1.000000  0.000000
2013 08  387.380 -99    31   4.070   0  1.000000  0.000000
2013 09  390.800 -99    28   4.100   0  1.000000  0.000000
2013 10  398.100 -99    30   3.260   0  1.000000  0.000000
2013 11  404.820 -99    29   7.680   0  1.000000  0.000000
2013 12 -9999999 -99 -9999 -999999   3  1.000000  0.000000
