REM01  EXPLANATORY 25-LINE FOR THE MONTHLY DATA
REM02  FILENAME: co2_ush_surface-flask_2_3001-9999_monthly.txt
REM03  STATION: Ushuaia
REM04  CATEGORY: GAW Global
REM05  COUNTRY/TERRITORY: Argentina
REM06  SUBMITTED BY: NOAA
REM07  LATITUDE:   54 51' S
REM08  LONGITUDE:  68 19' W
REM09  ALTITUDE:       18 m
REM10  RATIO: 1.000000 0.000000
REM11  PARAMETER: CO2
REM12  COVERING PERIOD: September 1994 - December 2017
REM13  UNIT: ppm
REM14  ANALYSIS: NDIR(1994-09-01 - 2017-12-01)
REM15  SAMPLING TYPE: surface-flask
REM16  CLASSIFICATION: Background observation
REM17  CALIBRATION: WMO CO2 X2007(1994-09-01 - 2017-12-01)
REM18  TABLENAME: USH354S002f1
REM19  CALCULATION: contributor
REM20  REGISTRATION: 2018-09-25
REM21
REM22  COMMENT: Dataset was made from entire historical data provided from contributor from 2018 new WDCGG website open onward
REM23
REM24 M      CO2   V    ND      SD   F   RATIO_A   RATIO_B
REM25        ppm
1994 09  357.340 -99 -9999 -999999 -99  1.000000  0.000000
1994 10  357.340 -99 -9999 -999999 -99  1.000000  0.000000
1994 11  357.250 -99 -9999 -999999 -99  1.000000  0.000000
1994 12  357.060 -99 -9999 -999999 -99  1.000000  0.000000
1995 01  357.080 -99 -9999 -999999 -99  1.000000  0.000000
1995 02  357.300 -99 -9999 -999999 -99  1.000000  0.000000
1995 07  360.170 -99 -9999 -999999 -99  1.000000  0.000000
1995 08  359.830 -99 -9999 -999999 -99  1.000000  0.000000
1995 09  359.040 -99 -9999 -999999 -99  1.000000  0.000000
1995 10  358.750 -99 -9999 -999999 -99  1.000000  0.000000
1995 11  358.800 -99 -9999 -999999 -99  1.000000  0.000000
1995 12  358.460 -99 -9999 -999999 -99  1.000000  0.000000
1996 01  358.220 -99 -9999 -999999 -99  1.000000  0.000000
1996 02  358.530 -99 -9999 -999999 -99  1.000000  0.000000
1996 03  359.130 -99 -9999 -999999 -99  1.000000  0.000000
1996 04  359.590 -99 -9999 -999999 -99  1.000000  0.000000
1996 05  359.600 -99 -9999 -999999 -99  1.000000  0.000000
1996 06  359.790 -99 -9999 -999999 -99  1.000000  0.000000
1996 07  360.200 -99 -9999 -999999 -99  1.000000  0.000000
1996 08  360.350 -99 -9999 -999999 -99  1.000000  0.000000
1996 09  360.230 -99 -9999 -999999 -99  1.000000  0.000000
1996 10  359.660 -99 -9999 -999999 -99  1.000000  0.000000
1996 11  359.380 -99 -9999 -999999 -99  1.000000  0.000000
1997 05  362.150 -99 -9999 -999999 -99  1.000000  0.000000
1997 06  361.580 -99 -9999 -999999 -99  1.000000  0.000000
1997 07  361.510 -99 -9999 -999999 -99  1.000000  0.000000
1997 08  361.840 -99 -9999 -999999 -99  1.000000  0.000000
1997 09  361.950 -99 -9999 -999999 -99  1.000000  0.000000
1997 10  361.710 -99 -9999 -999999 -99  1.000000  0.000000
1998 02  361.910 -99 -9999 -999999 -99  1.000000  0.000000
1998 03  363.120 -99 -9999 -999999 -99  1.000000  0.000000
1998 04  363.500 -99 -9999 -999999 -99  1.000000  0.000000
1998 05  363.120 -99 -9999 -999999 -99  1.000000  0.000000
1998 06  363.870 -99 -9999 -999999 -99  1.000000  0.000000
1998 07  364.540 -99 -9999 -999999 -99  1.000000  0.000000
1998 08  364.660 -99 -9999 -999999 -99  1.000000  0.000000
1998 09  364.810 -99 -9999 -999999 -99  1.000000  0.000000
1998 10  364.890 -99 -9999 -999999 -99  1.000000  0.000000
1998 11  364.680 -99 -9999 -999999 -99  1.000000  0.000000
1998 12  364.210 -99 -9999 -999999 -99  1.000000  0.000000
1999 01  364.200 -99 -9999 -999999 -99  1.000000  0.000000
1999 02  364.550 -99 -9999 -999999 -99  1.000000  0.000000
1999 03  364.810 -99 -9999 -999999 -99  1.000000  0.000000
1999 04  365.020 -99 -9999 -999999 -99  1.000000  0.000000
1999 05  365.610 -99 -9999 -999999 -99  1.000000  0.000000
1999 06  366.360 -99 -9999 -999999 -99  1.000000  0.000000
1999 07  366.340 -99 -9999 -999999 -99  1.000000  0.000000
1999 08  366.270 -99 -9999 -999999 -99  1.000000  0.000000
1999 09  366.340 -99 -9999 -999999 -99  1.000000  0.000000
1999 10  366.110 -99 -9999 -999999 -99  1.000000  0.000000
1999 11  365.990 -99 -9999 -999999 -99  1.000000  0.000000
1999 12  366.140 -99 -9999 -999999 -99  1.000000  0.000000
2000 01  366.150 -99 -9999 -999999 -99  1.000000  0.000000
2000 02  366.010 -99 -9999 -999999 -99  1.000000  0.000000
2000 03  366.040 -99 -9999 -999999 -99  1.000000  0.000000
2000 04  366.320 -99 -9999 -999999 -99  1.000000  0.000000
2000 05  366.570 -99 -9999 -999999 -99  1.000000  0.000000
2000 06  366.980 -99 -9999 -999999 -99  1.000000  0.000000
2000 07  367.610 -99 -9999 -999999 -99  1.000000  0.000000
2000 08  367.940 -99 -9999 -999999 -99  1.000000  0.000000
2000 09  367.740 -99 -9999 -999999 -99  1.000000  0.000000
2000 10  367.470 -99 -9999 -999999 -99  1.000000  0.000000
2000 11  367.120 -99 -9999 -999999 -99  1.000000  0.000000
2000 12  366.710 -99 -9999 -999999 -99  1.000000  0.000000
2001 01  366.650 -99 -9999 -999999 -99  1.000000  0.000000
2001 02  366.920 -99 -9999 -999999 -99  1.000000  0.000000
2001 03  367.300 -99 -9999 -999999 -99  1.000000  0.000000
2002 06  370.740 -99 -9999 -999999 -99  1.000000  0.000000
2002 07  371.740 -99 -9999 -999999 -99  1.000000  0.000000
2002 08  372.030 -99 -9999 -999999 -99  1.000000  0.000000
2002 09  371.850 -99 -9999 -999999 -99  1.000000  0.000000
2002 10  371.800 -99 -9999 -999999 -99  1.000000  0.000000
2002 11  371.150 -99 -9999 -999999 -99  1.000000  0.000000
2002 12  370.550 -99 -9999 -999999 -99  1.000000  0.000000
2003 01  370.820 -99 -9999 -999999 -99  1.000000  0.000000
2003 02  371.110 -99 -9999 -999999 -99  1.000000  0.000000
2003 03  371.400 -99 -9999 -999999 -99  1.000000  0.000000
2003 04  372.130 -99 -9999 -999999 -99  1.000000  0.000000
2003 05  372.630 -99 -9999 -999999 -99  1.000000  0.000000
2003 06  373.040 -99 -9999 -999999 -99  1.000000  0.000000
2003 07  373.630 -99 -9999 -999999 -99  1.000000  0.000000
2003 08  373.960 -99 -9999 -999999 -99  1.000000  0.000000
2003 09  374.000 -99 -9999 -999999 -99  1.000000  0.000000
2003 10  373.830 -99 -9999 -999999 -99  1.000000  0.000000
2003 11  373.540 -99 -9999 -999999 -99  1.000000  0.000000
2003 12  373.350 -99 -9999 -999999 -99  1.000000  0.000000
2004 01  373.350 -99 -9999 -999999 -99  1.000000  0.000000
2004 02  373.230 -99 -9999 -999999 -99  1.000000  0.000000
2004 03  373.350 -99 -9999 -999999 -99  1.000000  0.000000
2004 04  374.020 -99 -9999 -999999 -99  1.000000  0.000000
2004 08  376.040 -99 -9999 -999999 -99  1.000000  0.000000
2004 09  376.060 -99 -9999 -999999 -99  1.000000  0.000000
2004 10  375.700 -99 -9999 -999999 -99  1.000000  0.000000
2004 11  375.220 -99 -9999 -999999 -99  1.000000  0.000000
2004 12  374.890 -99 -9999 -999999 -99  1.000000  0.000000
2005 01  374.830 -99 -9999 -999999 -99  1.000000  0.000000
2005 02  375.050 -99 -9999 -999999 -99  1.000000  0.000000
2005 03  375.560 -99 -9999 -999999 -99  1.000000  0.000000
2005 04  376.100 -99 -9999 -999999 -99  1.000000  0.000000
2005 05  376.520 -99 -9999 -999999 -99  1.000000  0.000000
2005 09  377.880 -99 -9999 -999999 -99  1.000000  0.000000
2005 10  377.570 -99 -9999 -999999 -99  1.000000  0.000000
2005 11  377.440 -99 -9999 -999999 -99  1.000000  0.000000
2005 12  377.230 -99 -9999 -999999 -99  1.000000  0.000000
2006 01  376.560 -99 -9999 -999999 -99  1.000000  0.000000
2006 02  376.700 -99 -9999 -999999 -99  1.000000  0.000000
2006 03  377.730 -99 -9999 -999999 -99  1.000000  0.000000
2006 04  378.050 -99 -9999 -999999 -99  1.000000  0.000000
2006 05  378.390 -99 -9999 -999999 -99  1.000000  0.000000
2006 06  379.030 -99 -9999 -999999 -99  1.000000  0.000000
2006 07  379.410 -99 -9999 -999999 -99  1.000000  0.000000
2006 08  379.590 -99 -9999 -999999 -99  1.000000  0.000000
2006 09  379.740 -99 -9999 -999999 -99  1.000000  0.000000
2006 10  379.800 -99 -9999 -999999 -99  1.000000  0.000000
2006 11  379.150 -99 -9999 -999999 -99  1.000000  0.000000
2006 12  378.580 -99 -9999 -999999 -99  1.000000  0.000000
2007 01  379.040 -99 -9999 -999999 -99  1.000000  0.000000
2007 02  379.320 -99 -9999 -999999 -99  1.000000  0.000000
2007 03  379.540 -99 -9999 -999999 -99  1.000000  0.000000
2007 04  380.110 -99 -9999 -999999 -99  1.000000  0.000000
2007 05  380.700 -99 -9999 -999999 -99  1.000000  0.000000
2007 06  381.300 -99 -9999 -999999 -99  1.000000  0.000000
2007 07  381.980 -99 -9999 -999999 -99  1.000000  0.000000
2007 08  382.050 -99 -9999 -999999 -99  1.000000  0.000000
2007 09  381.720 -99 -9999 -999999 -99  1.000000  0.000000
2007 10  381.710 -99 -9999 -999999 -99  1.000000  0.000000
2007 11  381.380 -99 -9999 -999999 -99  1.000000  0.000000
2007 12  381.080 -99 -9999 -999999 -99  1.000000  0.000000
2008 01  381.560 -99 -9999 -999999 -99  1.000000  0.000000
2008 02  382.450 -99 -9999 -999999 -99  1.000000  0.000000
2008 03  382.760 -99 -9999 -999999 -99  1.000000  0.000000
2008 04  382.580 -99 -9999 -999999 -99  1.000000  0.000000
2008 05  382.450 -99 -9999 -999999 -99  1.000000  0.000000
2008 06  383.260 -99 -9999 -999999 -99  1.000000  0.000000
2008 07  384.230 -99 -9999 -999999 -99  1.000000  0.000000
2008 08  383.880 -99 -9999 -999999 -99  1.000000  0.000000
2008 09  383.740 -99 -9999 -999999 -99  1.000000  0.000000
2008 10  383.750 -99 -9999 -999999 -99  1.000000  0.000000
2008 11  383.260 -99 -9999 -999999 -99  1.000000  0.000000
2008 12  382.930 -99 -9999 -999999 -99  1.000000  0.000000
2009 01  382.910 -99 -9999 -999999 -99  1.000000  0.000000
2009 02  383.250 -99 -9999 -999999 -99  1.000000  0.000000
2009 03  383.510 -99 -9999 -999999 -99  1.000000  0.000000
2009 04  383.850 -99 -9999 -999999 -99  1.000000  0.000000
2009 05  384.260 -99 -9999 -999999 -99  1.000000  0.000000
2009 06  384.470 -99 -9999 -999999 -99  1.000000  0.000000
2009 07  384.900 -99 -9999 -999999 -99  1.000000  0.000000
2009 08  385.100 -99 -9999 -999999 -99  1.000000  0.000000
2009 09  385.440 -99 -9999 -999999 -99  1.000000  0.000000
2009 10  385.560 -99 -9999 -999999 -99  1.000000  0.000000
2009 11  384.990 -99 -9999 -999999 -99  1.000000  0.000000
2009 12  384.540 -99 -9999 -999999 -99  1.000000  0.000000
2010 01  384.100 -99 -9999 -999999 -99  1.000000  0.000000
2010 02  383.750 -99 -9999 -999999 -99  1.000000  0.000000
2010 03  384.490 -99 -9999 -999999 -99  1.000000  0.000000
2010 04  385.280 -99 -9999 -999999 -99  1.000000  0.000000
2010 05  385.690 -99 -9999 -999999 -99  1.000000  0.000000
2010 06  386.480 -99 -9999 -999999 -99  1.000000  0.000000
2010 07  387.070 -99 -9999 -999999 -99  1.000000  0.000000
2010 08  387.280 -99 -9999 -999999 -99  1.000000  0.000000
2010 09  387.260 -99 -9999 -999999 -99  1.000000  0.000000
2010 10  387.020 -99 -9999 -999999 -99  1.000000  0.000000
2010 11  386.910 -99 -9999 -999999 -99  1.000000  0.000000
2010 12  386.660 -99 -9999 -999999 -99  1.000000  0.000000
2011 01  386.070 -99 -9999 -999999 -99  1.000000  0.000000
2011 02  386.060 -99 -9999 -999999 -99  1.000000  0.000000
2011 03  386.790 -99 -9999 -999999 -99  1.000000  0.000000
2011 04  387.360 -99 -9999 -999999 -99  1.000000  0.000000
2011 05  387.840 -99 -9999 -999999 -99  1.000000  0.000000
2011 06  388.440 -99 -9999 -999999 -99  1.000000  0.000000
2016 06  401.190 -99 -9999 -999999 -99  1.000000  0.000000
2016 07  401.460 -99 -9999 -999999 -99  1.000000  0.000000
2016 08  401.330 -99 -9999 -999999 -99  1.000000  0.000000
2016 09  401.270 -99 -9999 -999999 -99  1.000000  0.000000
2016 10  401.090 -99 -9999 -999999 -99  1.000000  0.000000
2016 11  400.750 -99 -9999 -999999 -99  1.000000  0.000000
2016 12  400.480 -99 -9999 -999999 -99  1.000000  0.000000
2017 01  399.960 -99 -9999 -999999 -99  1.000000  0.000000
2017 02  399.860 -99 -9999 -999999 -99  1.000000  0.000000
2017 03  400.600 -99 -9999 -999999 -99  1.000000  0.000000
2017 04  401.450 -99 -9999 -999999 -99  1.000000  0.000000
2017 05  402.050 -99 -9999 -999999 -99  1.000000  0.000000
2017 06  402.620 -99 -9999 -999999 -99  1.000000  0.000000
2017 07  403.070 -99 -9999 -999999 -99  1.000000  0.000000
2017 08  403.410 -99 -9999 -999999 -99  1.000000  0.000000
2017 09  403.600 -99 -9999 -999999 -99  1.000000  0.000000
2017 10  403.310 -99 -9999 -999999 -99  1.000000  0.000000
2017 11  402.800 -99 -9999 -999999 -99  1.000000  0.000000
2017 12  402.620 -99 -9999 -999999 -99  1.000000  0.000000
