yy mm co2
2000    1  373.83032
2000    2  375.77708
2000    3  375.54052
2000    4  375.54349
2000    5  375.95388
2000    6  373.06800
2000    7  366.74837
2000    8  361.58244
2000    9  362.45683
2000   10  366.86854
2000   11  370.30390
2000   12  373.18192
2001    1  375.58877
2001    2  375.94134
2001    3  376.25196
2001    4  377.32648
2001    5  377.38224
2001    6  374.68056
2001    7  367.75030
2001    8  362.36699
2001    9  363.70021
2001   10  368.14529
2001   11  373.23483
2001   12  375.08868
2002    1  377.79240
2002    2  377.34036
2002    3  378.55736
2002    4  378.96019
2002    5  378.64791
2002    6  375.85190
2002    7  370.37235
2002    8  364.46430
2002    9  365.92610
2002   10  370.73749
2002   11  375.30644
2002   12  377.82866
2003    1  378.97896
2003    2  381.19484
2003    3  381.71918
2003    4  381.30462
2003    5  381.87459
2003    6  379.53156
2003    7  372.51963
2003    8  367.83714
2003    9  369.32243
2003   10  372.91777
2003   11  377.85349
2003   12  380.55194
2004    1  382.69730
2004    2  382.53114
2004    3  382.72489
2004    4  383.59014
2004    5  383.35365
2004    6  381.74988
2004    7  374.71141
2004    8  369.44213
2004    9  369.30823
2004   10  373.87756
2004   11  378.69730
2004   12  382.25032
2005    1  384.62377
2005    2  384.64440
2005    3  384.81699
2005    4  385.93195
2005    5  385.39432
2005    6  383.24282
2005    7  376.57993
2005    8  370.86752
2005    9  371.56814
2005   10  376.45106
2005   11  381.49950
2005   12  385.29446
2006    1  385.20855
2006    2  385.96033
2006    3  387.13167
2006    4  387.82789
2006    5  388.57295
2006    6  386.79084
2006    7  379.19107
2006    8  373.80290
2006    9  374.97288
2006   10  379.26144
2006   11  384.22592
2006   12  387.18653
2007    1  388.86842
2007    2  389.04036
2007    3  390.10466
2007    4  390.18365
2007    5  389.50730
2007    6  386.83685
2007    7  378.76147
2007    8  373.58070
2007    9  375.75723
2007   10  380.65706
2007   11  385.04906
2007   12  389.59869
2008    1  390.51098
2008    2  391.60121
2008    3  392.75820
2008    4  393.03789
2008    5  392.46320
2008    6  388.88707
2008    7  382.40070
2008    8  377.13867
2008    9  378.23516
2008   10  381.86356
2008   11  388.06823
2008   12  389.97454
2009    1  392.73140
2009    2  392.34760
2009    3  392.99938
2009    4  394.12410
2009    5  393.73510
2009    6  391.44728
2009    7  384.02205
2009    8  377.86792
2009    9  378.81918
2009   10  383.47358
2009   11  387.39742
2009   12  391.27082
2010    1  392.95136
2010    2  393.61487
2010    3  394.72277
2010    4  395.62566
2010    5  395.27245
2010    6  392.72048
2010    7  386.00911
2010    8  380.96361
2010    9  382.87957
2010   10  387.56136
2010   11  391.77274
2010   12  394.87265
2011    1  396.57514
2011    2  397.33617
2011    3  398.02145
2011    4  398.60178
2011    5  398.18115
2011    6  394.68537
2011    7  387.77551
2011    8  381.44711
2011    9  383.18502
2011   10  388.02001
2011   11  393.74412
2011   12  397.31734
2012    1  398.44282
2012    2  398.95537
2012    3  399.73255
2012    4  400.57109
2012    5  400.40945
2012    6  396.42138
2012    7  388.87002
2012    8  383.82001
2012    9  386.51499
2012   10  390.72009
2012   11  396.45628
2012   12  398.65903
2013    1  401.01970
2013    2  402.12888
2013    3  401.83758
2013    4  402.66081
2013    5  403.03066
2013    6  400.38661
2013    7  393.89098
2013    8  388.35473
2013    9  388.95285
2013   10  394.00498
2013   11  398.94046
2013   12  402.41278
2014    1  402.69797
2014    2  404.54243
2014    3  405.45163
2014    4  405.27593
2014    5  405.08644
2014    6  402.57868
2014    7  396.09909
2014    8  389.63181
2014    9  390.07046
2014   10  394.73397
2014   11  400.17164
2014   12  404.39560
2015    1  405.22794
2015    2  406.81471
2015    3  407.61734
2015    4  407.44498
2015    5  406.83421
2015    6  403.70802
2015    7  396.53128
2015    8  391.42804
2015    9  392.28605
2015   10  396.76929
2015   11  402.87603
2015   12  406.80371
2016    1  408.01286
2016    2  409.07660
2016    3  409.76534
2016    4  410.05554
2016    5  409.56083
2016    6  406.59664
2016    7  399.38101
2016    8  393.58850
2016    9  395.79553
2016   10  401.22977
2016   11  405.65248
2016   12  410.73779
2017    1  412.00768
2017    2  412.38763
2017    3  413.74000
2017    4  414.17204
2017    5  413.92274
2017    6  410.67094
2017    7  402.63712
2017    8  397.35832
2017    9  398.36450
2017   10  403.33244
2017   11  408.81874
2017   12  411.54210
