yy mm co2
2000    1  366.10710
2000    2  366.11012
2000    3  366.40489
2000    4  366.76918
2000    5  366.96647
2000    6  367.46290
2000    7  367.85821
2000    8  368.03723
2000    9  367.96826
2000   10  367.82486
2000   11  367.33429
2000   12  367.16028
2001    1  367.02395
2001    2  366.98516
2001    3  367.20070
2001    4  367.55449
2001    5  368.07582
2001    6  368.57763
2001    7  368.90744
2001    8  369.49481
2001    9  369.62991
2001   10  369.64921
2001   11  369.48663
2001   12  369.17930
2002    1  369.01803
2002    2  368.78756
2002    3  369.09748
2002    4  369.41734
2002    5  369.94313
2002    6  370.47738
2002    7  371.12823
2002    8  371.63086
2002    9  371.96121
2002   10  371.80493
2002   11  371.42049
2002   12  371.47367
2003    1  371.37966
2003    2  371.53185
2003    3  371.68147
2003    4  372.07795
2003    5  372.61148
2003    6  373.10188
2003    7  373.54344
2003    8  374.14880
2003    9  374.25003
2003   10  374.14479
2003   11  373.73800
2003   12  373.44868
2004    1  373.50721
2004    2  373.52272
2004    3  373.70628
2004    4  374.17439
2004    5  374.59724
2004    6  375.15583
2004    7  375.68909
2004    8  376.18808
2004    9  375.90534
2004   10  375.88910
2004   11  375.42157
2004   12  375.07396
2005    1  374.97151
2005    2  375.13667
2005    3  375.42795
2005    4  375.84273
2005    5  376.38220
2005    6  377.05735
2005    7  377.65165
2005    8  378.05192
2005    9  378.35899
2005   10  378.11228
2005   11  377.82529
2005   12  377.63864
2006    1  377.62983
2006    2  377.73378
2006    3  377.93437
2006    4  378.39060
2006    5  378.93862
2006    6  379.38825
2006    7  379.61733
2006    8  379.77824
2006    9  379.70138
2006   10  379.60935
2006   11  379.34116
2006   12  379.23103
2007    1  379.22559
2007    2  379.58456
2007    3  379.41878
2007    4  379.80860
2007    5  380.29239
2007    6  380.88587
2007    7  381.32104
2007    8  381.73236
2007    9  382.01397
2007   10  382.01932
2007   11  381.60890
2007   12  381.46367
2008    1  381.37549
2008    2  381.39097
2008    3  381.72517
2008    4  382.07954
2008    5  382.37413
2008    6  382.95527
2008    7  383.44212
2008    8  383.61241
2008    9  383.71142
2008   10  383.50266
2008   11  382.97250
2008   12  382.83787
2009    1  382.60728
2009    2  382.97608
2009    3  383.21497
2009    4  383.44588
2009    5  383.78849
2009    6  384.28663
2009    7  384.82193
2009    8  385.22758
2009    9  385.16667
2009   10  385.07453
2009   11  384.80904
2009   12  384.47001
2010    1  384.73698
2010    2  384.77633
2010    3  384.82121
2010    4  385.08722
2010    5  385.66283
2010    6  386.34791
2010    7  386.86619
2010    8  387.66765
2010    9  387.68165
2010   10  387.58878
2010   11  387.38459
2010   12  387.06817
2011    1  386.94695
2011    2  386.85117
2011    3  386.86043
2011    4  387.24946
2011    5  387.50793
2011    6  388.26425
2011    7  388.75118
2011    8  388.98518
2011    9  389.14743
2011   10  389.07144
2011   11  388.91711
2011   12  388.66673
2012    1  388.40316
2012    2  388.43285
2012    3  388.65587
2012    4  389.26894
2012    5  389.88536
2012    6  390.52771
2012    7  391.08164
2012    8  391.40743
2012    9  391.65097
2012   10  391.43526
2012   11  390.92256
2012   12  391.04678
2013    1  390.88941
2013    2  390.93927
2013    3  391.34960
2013    4  391.99766
2013    5  392.66353
2013    6  393.09316
2013    7  393.87788
2013    8  394.35300
2013    9  394.38900
2013   10  394.05472
2013   11  393.99930
2013   12  393.74325
2014    1  393.69080
2014    2  393.79063
2014    3  394.02823
2014    4  394.38112
2014    5  394.66430
2014    6  395.05499
2014    7  395.48750
2014    8  395.90363
2014    9  395.90383
2014   10  395.99644
2014   11  395.37024
2014   12  395.36486
2015    1  394.90892
2015    2  394.96887
2015    3  395.48040
2015    4  396.04373
2015    5  396.71836
2015    6  397.39732
2015    7  397.84549
2015    8  398.46104
2015    9  398.65004
2015   10  398.53659
2015   11  398.14031
2015   12  397.74465
2016    1  397.96790
2016    2  398.10778
2016    3  398.13129
2016    4  398.77690
2016    5  399.37042
2016    6  400.32764
2016    7  401.05413
2016    8  401.61959
2016    9  401.65140
2016   10  401.49482
2016   11  401.15329
2016   12  400.91114
2017    1  400.68009
2017    2  400.65250
2017    3  400.87107
2017    4  401.41406
2017    5  402.10024
2017    6  402.47777
2017    7  403.16136
2017    8  403.65008
2017    9  403.80709
2017   10  403.55430
2017   11  403.44184
2017   12  403.21908
