yy mm co2
2000    1  367.44279
2000    2  367.06642
2000    3  367.21563
2000    4  366.09540
2000    5  367.85271
2000    6  369.02906
2000    7  369.45334
2000    8  369.22918
2000    9  368.98153
2000   10  369.17723
2000   11  368.32754
2000   12  367.80370
2001    1  367.51153
2001    2  367.72172
2001    3  368.26744
2001    4  368.08621
2001    5  369.29935
2001    6  370.31050
2001    7  370.43414
2001    8  370.80492
2001    9  370.56592
2001   10  371.01825
2001   11  370.34258
2001   12  369.67656
2002    1  369.44883
2002    2  370.15046
2002    3  369.37470
2002    4  369.87773
2002    5  370.84435
2002    6  371.85068
2002    7  372.56457
2002    8  372.82030
2002    9  373.32976
2002   10  372.83718
2002   11  372.50225
2002   12  372.13939
2003    1  372.07836
2003    2  372.49882
2003    3  372.80572
2003    4  373.21981
2003    5  373.49912
2003    6  375.01199
2003    7  375.37413
2003    8  375.45618
2003    9  375.47410
2003   10  375.20242
2003   11  374.75873
2003   12  374.49264
2004    1  374.53443
2004    2  375.21016
2004    3  375.65414
2004    4  374.85553
2004    5  375.86212
2004    6  377.14327
2004    7  377.66798
2004    8  377.30843
2004    9  377.16783
2004   10  376.84073
2004   11  376.26622
2004   12  375.90059
2005    1  375.82117
2005    2  376.16480
2005    3  376.77621
2005    4  376.90473
2005    5  377.21489
2005    6  378.96892
2005    7  379.75734
2005    8  379.34817
2005    9  379.75959
2005   10  379.44538
2005   11  378.87995
2005   12  378.53874
2006    1  378.88470
2006    2  378.70739
2006    3  379.36607
2006    4  379.13109
2006    5  379.88127
2006    6  381.03570
2006    7  381.04111
2006    8  381.14793
2006    9  381.42136
2006   10  381.04714
2006   11  380.44908
2006   12  380.31058
2007    1  380.23686
2007    2  380.35071
2007    3  380.56428
2007    4  380.45741
2007    5  381.09696
2007    6  382.29948
2007    7  383.12899
2007    8  383.28435
2007    9  383.47728
2007   10  383.17297
2007   11  382.92489
2007   12  382.36377
2008    1  382.66752
2008    2  382.59997
2008    3  382.10003
2008    4  381.88553
2008    5  382.79139
2008    6  384.23939
2008    7  384.81809
2008    8  384.77193
2008    9  384.89411
2008   10  384.56492
2008   11  383.91372
2008   12  383.75898
2009    1  384.05179
2009    2  384.28340
2009    3  383.95362
2009    4  383.93325
2009    5  384.85974
2009    6  385.78038
2009    7  386.66948
2009    8  386.78999
2009    9  386.45027
2009   10  386.60847
2009   11  385.73286
2009   12  385.26789
2010    1  385.62017
2010    2  386.08350
2010    3  386.48027
2010    4  386.34788
2010    5  387.32943
2010    6  388.32717
2010    7  388.73460
2010    8  389.12546
2010    9  388.80296
2010   10  388.87459
2010   11  388.28186
2010   12  388.01454
2011    1  387.96931
2011    2  387.51579
2011    3  387.99143
2011    4  388.03011
2011    5  389.05043
2011    6  390.09392
2011    7  390.87617
2011    8  390.63490
2011    9  390.79110
2011   10  390.28359
2011   11  389.68385
2011   12  389.47599
2012    1  389.58664
2012    2  389.72913
2012    3  390.11007
2012    4  390.95528
2012    5  391.61902
2012    6  392.10916
2012    7  392.60753
2012    8  392.67834
2012    9  393.11737
2012   10  392.89030
2012   11  392.57985
2012   12  392.08145
2013    1  391.91626
2013    2  391.80732
2013    3  392.70433
2013    4  393.30186
2013    5  393.89002
2013    6  394.93537
2013    7  395.51794
2013    8  395.93119
2013    9  395.55598
2013   10  395.83852
2013   11  395.26587
2013   12  394.86523
2014    1  395.18127
2014    2  395.22673
2014    3  395.56104
2014    4  395.32071
2014    5  395.70266
2014    6  396.88282
2014    7  397.37031
2014    8  397.65181
2014    9  397.67066
2014   10  397.02619
2014   11  396.79598
2014   12  396.17304
2015    1  395.64990
2015    2  396.10677
2015    3  396.46460
2015    4  397.66959
2015    5  397.81898
2015    6  398.69265
2015    7  399.61675
2015    8  400.01978
2015    9  399.97362
2015   10  399.94167
2015   11  399.45944
2015   12  399.11561
2016    1  399.52548
2016    2  399.44838
2016    3  400.22662
2016    4  400.13771
2016    5  401.11464
2016    6  402.39940
2016    7  403.13983
2016    8  403.43872
2016    9  402.95202
2016   10  403.12234
2016   11  402.35117
2016   12  401.94445
2017    1  402.11043
2017    2  403.12551
2017    3  402.64230
2017    4  402.28132
2017    5  403.65790
2017    6  405.16051
2017    7  406.19870
2017    8  406.01552
2017    9  405.59904
2017   10  405.15052
2017   11  404.61763
2017   12  404.19202
