yy mm co2
2000    1  371.02393
2000    2  372.59664
2000    3  372.72382
2000    4  372.94405
2000    5  372.47728
2000    6  371.47527
2000    7  369.22828
2000    8  366.53498
2000    9  366.35756
2000   10  367.15789
2000   11  368.89350
2000   12  370.64179
2001    1  372.09821
2001    2  373.34286
2001    3  373.31510
2001    4  374.41286
2001    5  373.68771
2001    6  372.70202
2001    7  370.06533
2001    8  367.92443
2001    9  367.99654
2001   10  368.81058
2001   11  370.06859
2001   12  372.24501
2002    1  373.90683
2002    2  374.58341
2002    3  375.59966
2002    4  376.26477
2002    5  375.59439
2002    6  374.49281
2002    7  372.50403
2002    8  370.60899
2002    9  369.86606
2002   10  370.83050
2002   11  372.70994
2002   12  374.12805
2003    1  375.86218
2003    2  376.67801
2003    3  378.06301
2003    4  378.32596
2003    5  378.32660
2003    6  377.51216
2003    7  375.53097
2003    8  372.91154
2003    9  372.44905
2003   10  372.89632
2003   11  374.75381
2003   12  376.96134
2004    1  377.82625
2004    2  379.42413
2004    3  380.77676
2004    4  380.40977
2004    5  380.07952
2004    6  379.40204
2004    7  377.01923
2004    8  374.62419
2004    9  373.56402
2004   10  374.65649
2004   11  376.96582
2004   12  378.26571
2005    1  380.23968
2005    2  380.82790
2005    3  381.69933
2005    4  382.35847
2005    5  382.46997
2005    6  381.21527
2005    7  378.30009
2005    8  376.41221
2005    9  375.98459
2005   10  376.64091
2005   11  379.07125
2005   12  380.90043
2006    1  382.70891
2006    2  383.73785
2006    3  384.42228
2006    4  384.60546
2006    5  384.60633
2006    6  383.90709
2006    7  380.63276
2006    8  379.75938
2006    9  378.48167
2006   10  379.04392
2006   11  381.48763
2006   12  383.11712
2007    1  384.11602
2007    2  385.00130
2007    3  386.35961
2007    4  386.40064
2007    5  386.32567
2007    6  385.05605
2007    7  382.48024
2007    8  380.75724
2007    9  380.37286
2007   10  380.99018
2007   11  383.18482
2007   12  385.07523
2008    1  386.91377
2008    2  387.69969
2008    3  388.14388
2008    4  389.08052
2008    5  388.42793
2008    6  387.38188
2008    7  385.03876
2008    8  382.30151
2008    9  381.88254
2008   10  382.46508
2008   11  383.98081
2008   12  386.55824
2009    1  387.81256
2009    2  388.60383
2009    3  389.51923
2009    4  390.40452
2009    5  390.37789
2009    6  389.09502
2009    7  386.73411
2009    8  383.94245
2009    9  383.20708
2009   10  384.12015
2009   11  386.53298
2009   12  387.75624
2010    1  389.58772
2010    2  390.11674
2010    3  391.50438
2010    4  391.69294
2010    5  392.13727
2010    6  391.38040
2010    7  387.74632
2010    8  386.29040
2010    9  385.86120
2010   10  386.56977
2010   11  388.47671
2010   12  390.78377
2011    1  392.65602
2011    2  394.01135
2011    3  393.99276
2011    4  395.07673
2011    5  394.22794
2011    6  393.19965
2011    7  390.90187
2011    8  387.99565
2011    9  387.78567
2011   10  388.71000
2011   11  390.67844
2011   12  393.42398
2012    1  394.32777
2012    2  395.14547
2012    3  396.78148
2012    4  396.31373
2012    5  396.26536
2012    6  394.96168
2012    7  392.74601
2012    8  390.62521
2012    9  389.88626
2012   10  390.96753
2012   11  392.86105
2012   12  395.67650
2013    1  397.43431
2013    2  397.96493
2013    3  398.20492
2013    4  399.32461
2013    5  399.13703
2013    6  398.02230
2013    7  395.42242
2013    8  392.40910
2013    9  392.56463
2013   10  394.36101
2013   11  396.02906
2013   12  398.49791
2014    1  399.25080
2014    2  400.83876
2014    3  401.45736
2014    4  401.53819
2014    5  401.16449
2014    6  400.07028
2014    7  397.51557
2014    8  395.34669
2014    9  395.01407
2014   10  395.80502
2014   11  397.33906
2014   12  400.41175
2015    1  401.31726
2015    2  401.92317
2015    3  403.58116
2015    4  403.99728
2015    5  403.24999
2015    6  401.68440
2015    7  399.11392
2015    8  397.60940
2015    9  396.51000
2015   10  397.52616
2015   11  400.42790
2015   12  402.78726
2016    1  403.94362
2016    2  404.75396
2016    3  406.69661
2016    4  405.93982
2016    5  406.12355
2016    6  405.17308
2016    7  401.99337
2016    8  399.55339
2016    9  399.74105
2016   10  401.26094
2016   11  403.02728
2016   12  405.57276
2017    1  407.80733
2017    2  408.30247
2017    3  409.16362
2017    4  409.73970
2017    5  409.39936
2017    6  407.88553
2017    7  405.30288
2017    8  402.76881
2017    9  402.37312
2017   10  404.15532
2017   11  405.78702
2017   12  407.74015
