yy mm co2
2000    1  371.31549
2000    2  370.75463
2000    3  372.42024
2000    4  372.65872
2000    5  372.51541
2000    6  372.10833
2000    7  369.86437
2000    8  367.48702
2000    9  366.67311
2000   10  367.31674
2000   11  368.78802
2000   12  369.90092
2001    1  370.90550
2001    2  372.28657
2001    3  372.61852
2001    4  373.98108
2001    5  373.52738
2001    6  373.41221
2001    7  371.05070
2001    8  368.86224
2001    9  368.03717
2001   10  367.95231
2001   11  370.30005
2001   12  371.72413
2002    1  373.26154
2002    2  373.82657
2002    3  374.79558
2002    4  375.75650
2002    5  375.62562
2002    6  375.09325
2002    7  372.92531
2002    8  371.18187
2002    9  370.24895
2002   10  370.50946
2002   11  372.00568
2002   12  373.74833
2003    1  374.95879
2003    2  375.94538
2003    3  376.73808
2003    4  378.20014
2003    5  378.40949
2003    6  378.37462
2003    7  375.93482
2003    8  373.99752
2003    9  372.58773
2003   10  372.97717
2003   11  374.45538
2003   12  376.49434
2004    1  377.73687
2004    2  378.91677
2004    3  379.89471
2004    4  380.26081
2004    5  380.60802
2004    6  379.88604
2004    7  378.01170
2004    8  375.72597
2004    9  374.14793
2004   10  374.76697
2004   11  376.79684
2004   12  378.42523
2005    1  379.79186
2005    2  381.09624
2005    3  381.42668
2005    4  381.91225
2005    5  382.24825
2005    6  381.99450
2005    7  379.70857
2005    8  377.39472
2005    9  376.59440
2005   10  376.79891
2005   11  378.54846
2005   12  381.16539
2006    1  382.37934
2006    2  383.01313
2006    3  383.64035
2006    4  384.36492
2006    5  384.59530
2006    6  384.29606
2006    7  381.80189
2006    8  379.96590
2006    9  379.25103
2006   10  378.87524
2006   11  380.84394
2006   12  382.62413
2007    1  383.94454
2007    2  384.28500
2007    3  385.41845
2007    4  386.31231
2007    5  386.21857
2007    6  385.45349
2007    7  383.26252
2007    8  381.42531
2007    9  380.51105
2007   10  380.29888
2007   11  382.93199
2007   12  384.56242
2008    1  385.82805
2008    2  387.04183
2008    3  388.43261
2008    4  389.03943
2008    5  388.64720
2008    6  387.82190
2008    7  385.71862
2008    8  383.83238
2008    9  382.50562
2008   10  382.25570
2008   11  384.33945
2008   12  386.35539
2009    1  387.20603
2009    2  387.91503
2009    3  389.70553
2009    4  390.26196
2009    5  390.21805
2009    6  389.50774
2009    7  387.36378
2009    8  384.99039
2009    9  383.60505
2009   10  384.06282
2009   11  385.44234
2009   12  387.59812
2010    1  389.38248
2010    2  390.00213
2010    3  390.83749
2010    4  392.40276
2010    5  392.28552
2010    6  391.76192
2010    7  389.59272
2010    8  387.46931
2010    9  386.14194
2010   10  386.97530
2010   11  389.12427
2010   12  391.62979
2011    1  392.03989
2011    2  393.26731
2011    3  394.08746
2011    4  394.50981
2011    5  394.52565
2011    6  393.54531
2011    7  391.77583
2011    8  389.96729
2011    9  388.50322
2011   10  388.64964
2011   11  390.07585
2011   12  392.41766
2012    1  394.11150
2012    2  394.59596
2012    3  395.39774
2012    4  396.30363
2012    5  396.14295
2012    6  395.87315
2012    7  393.39418
2012    8  391.50205
2012    9  390.73112
2012   10  390.95018
2012   11  393.10355
2012   12  395.15781
2013    1  396.54734
2013    2  397.01367
2013    3  398.53537
2013    4  399.22286
2013    5  399.38668
2013    6  398.95135
2013    7  396.86632
2013    8  393.90256
2013    9  393.09938
2013   10  393.52334
2013   11  395.63212
2013   12  397.73338
2014    1  398.86174
2014    2  399.37021
2014    3  399.87254
2014    4  401.47468
2014    5  401.47049
2014    6  400.73620
2014    7  398.37998
2014    8  395.93957
2014    9  395.06276
2014   10  395.25944
2014   11  397.04458
2014   12  399.54975
2015    1  400.37400
2015    2  401.28833
2015    3  402.29209
2015    4  403.35962
2015    5  403.28546
2015    6  402.81101
2015    7  400.43451
2015    8  398.25763
2015    9  397.36234
2015   10  397.88013
2015   11  399.96742
2015   12  401.88179
2016    1  403.15476
2016    2  403.79874
2016    3  405.64258
2016    4  405.98807
2016    5  406.37190
2016    6  405.62992
2016    7  403.04259
2016    8  401.00521
2016    9  400.12039
2016   10  400.69065
2016   11  402.61692
2016   12  405.37567
2017    1  407.17862
2017    2  406.91701
2017    3  408.79808
2017    4  409.89404
2017    5  409.90388
2017    6  408.94517
2017    7  405.85545
2017    8  403.81445
2017    9  403.16698
2017   10  403.59094
2017   11  405.03766
2017   12  407.37831
