yy mm co2
2000    1  377.40858
2000    2  378.28830
2000    3  377.41420
2000    4  378.94785
2000    5  373.39653
2000    6  369.67610
2000    7  364.58141
2000    8  364.71628
2000    9  366.90725
2000   10  381.33602
2000   11  380.46617
2000   12  382.06094
2001    1  381.27354
2001    2  379.24072
2001    3  382.22005
2001    4  380.81568
2001    5  374.70084
2001    6  370.14743
2001    7  366.36851
2001    8  366.12904
2001    9  370.15494
2001   10  375.89556
2001   11  375.24570
2001   12  378.52695
2002    1  382.17113
2002    2  380.49972
2002    3  381.85128
2002    4  382.33501
2002    5  375.79014
2002    6  372.27455
2002    7  367.87739
2002    8  365.93946
2002    9  368.99094
2002   10  374.44898
2002   11  382.16435
2002   12  382.04459
2003    1  384.60692
2003    2  386.77853
2003    3  386.06394
2003    4  385.21583
2003    5  380.88663
2003    6  373.63652
2003    7  369.87386
2003    8  369.97951
2003    9  374.56781
2003   10  377.26731
2003   11  392.95972
2003   12  386.82006
2004    1  385.63367
2004    2  385.87849
2004    3  387.37225
2004    4  388.92485
2004    5  381.09728
2004    6  377.46943
2004    7  374.41443
2004    8  371.29564
2004    9  373.29039
2004   10  380.64693
2004   11  384.13628
2004   12  386.76045
2005    1  386.61322
2005    2  390.44616
2005    3  387.64512
2005    4  387.31148
2005    5  382.73004
2005    6  378.73193
2005    7  373.00191
2005    8  372.94356
2005    9  376.90115
2005   10  382.66910
2005   11  388.53165
2005   12  387.98369
2006    1  393.22869
2006    2  393.36676
2006    3  392.64432
2006    4  391.51218
2006    5  386.72375
2006    6  383.51497
2006    7  377.13896
2006    8  375.73490
2006    9  380.99074
2006   10  384.86987
2006   11  391.58363
2006   12  390.12206
2007    1  388.77729
2007    2  395.84981
2007    3  394.04011
2007    4  390.94297
2007    5  387.16869
2007    6  381.14295
2007    7  379.30193
2007    8  378.11056
2007    9  380.84283
2007   10  387.31960
2007   11  390.24182
2007   12  392.95107
2008    1  395.19183
2008    2  395.03162
2008    3  393.98545
2008    4  396.18954
2008    5  389.63245
2008    6  384.09510
2008    7  380.45863
2008    8  379.26153
2008    9  383.27146
2008   10  386.12820
2008   11  390.42361
2008   12  395.76064
2009    1  396.77956
2009    2  400.58114
2009    3  397.70346
2009    4  397.25675
2009    5  390.78560
2009    6  385.37121
2009    7  381.26807
2009    8  378.63987
2009    9  381.52657
2009   10  388.86911
2009   11  397.74063
2009   12  397.71450
2010    1  399.38331
2010    2  402.51843
2010    3  399.51070
2010    4  400.20613
2010    5  392.78134
2010    6  387.17856
2010    7  384.40910
2010    8  387.84812
2010    9  386.90979
2010   10  393.80969
2010   11  398.97935
2010   12  400.08867
2011    1  400.79758
2011    2  402.13973
2011    3  401.58309
2011    4  399.21320
2011    5  392.02836
2011    6  388.70212
2011    7  386.15824
2011    8  384.86588
2011    9  389.87715
2011   10  396.04175
2011   11  405.99779
2011   12  399.20551
2012    1  400.94298
2012    2  400.76341
2012    3  402.39558
2012    4  401.13420
2012    5  396.56908
2012    6  392.61312
2012    7  388.68948
2012    8  387.65476
2012    9  390.77480
2012   10  398.51235
2012   11  405.02008
2012   12  405.37436
2013    1  405.18321
2013    2  409.22509
2013    3  405.24907
2013    4  405.93586
2013    5  397.34200
2013    6  395.38174
2013    7  391.30053
2013    8  388.96286
2013    9  392.56929
2013   10  400.70145
2013   11  402.18953
2013   12  406.69169
2014    1  408.43341
2014    2  412.87439
2014    3  410.59250
2014    4  406.46680
2014    5  400.73003
2014    6  396.47950
2014    7  389.39778
2014    8  391.15024
2014    9  398.70196
2014   10  406.92923
2014   11  415.38302
2014   12  404.78082
2015    1  409.70184
2015    2  415.14364
2015    3  412.48495
2015    4  408.50497
2015    5  405.02113
2015    6  399.48951
2015    7  393.27444
2015    8  392.71623
2015    9  394.22081
2015   10  402.10708
2015   11  408.96708
2015   12  409.58295
2016    1  411.81096
2016    2  413.95586
2016    3  415.28887
2016    4  409.79526
2016    5  405.22605
2016    6  401.37762
2016    7  397.97788
2016    8  397.12680
2016    9  401.85027
2016   10  408.53198
2016   11  414.21168
2016   12  412.83385
2017    1  415.25997
2017    2  419.90829
2017    3  420.06592
2017    4  416.32424
2017    5  409.66319
2017    6  405.25364
2017    7  401.15361
2017    8  401.73056
2017    9  404.29359
2017   10  409.50955
2017   11  412.16542
2017   12  413.51220
