yy mm co2
2000    1  374.09295
2000    2  374.82975
2000    3  375.32239
2000    4  376.57461
2000    5  375.60324
2000    6  371.64200
2000    7  366.21254
2000    8  362.24621
2000    9  363.40576
2000   10  368.32134
2000   11  371.66793
2000   12  372.86367
2001    1  374.73073
2001    2  376.10490
2001    3  376.98363
2001    4  378.36831
2001    5  377.36187
2001    6  372.62478
2001    7  365.60549
2001    8  363.13481
2001    9  364.44186
2001   10  370.43996
2001   11  373.74563
2001   12  374.71260
2002    1  376.20918
2002    2  377.75774
2002    3  379.41884
2002    4  379.66989
2002    5  379.19861
2002    6  373.75494
2002    7  368.73404
2002    8  364.56884
2002    9  367.93607
2002   10  371.99215
2002   11  374.70035
2002   12  377.65186
2003    1  378.21467
2003    2  379.49072
2003    3  380.67784
2003    4  382.12090
2003    5  382.27646
2003    6  377.68335
2003    7  372.52757
2003    8  369.76708
2003    9  369.55829
2003   10  374.82733
2003   11  378.68440
2003   12  380.32653
2004    1  380.77243
2004    2  382.03347
2004    3  383.45080
2004    4  384.23084
2004    5  383.74754
2004    6  378.96688
2004    7  373.25456
2004    8  365.56562
2004    9  372.08578
2004   10  377.03497
2004   11  381.56178
2004   12  381.66414
2005    1  382.51324
2005    2  383.70487
2005    3  385.02386
2005    4  386.00893
2005    5  385.92171
2005    6  380.82793
2005    7  375.82725
2005    8  368.43389
2005    9  373.54379
2005   10  379.63173
2005   11  382.43335
2005   12  384.06832
2006    1  384.92199
2006    2  387.46567
2006    3  388.36477
2006    4  388.76821
2006    5  389.09065
2006    6  384.25025
2006    7  379.42067
2006    8  376.24341
2006    9  376.73934
2006   10  381.88364
2006   11  384.46332
2006   12  387.20222
2007    1  388.33325
2007    2  389.28146
2007    3  389.54490
2007    4  390.03696
2007    5  389.66976
2007    6  385.23020
2007    7  379.32637
2007    8  374.49144
2007    9  377.34793
2007   10  382.72893
2007   11  386.32142
2007   12  388.11628
2008    1  389.98315
2008    2  390.77856
2008    3  392.19795
2008    4  393.40620
2008    5  392.95439
2008    6  387.53898
2008    7  379.38153
2008    8  377.17659
2008    9  379.59160
2008   10  383.85921
2008   11  387.91588
2008   12  389.93469
2009    1  391.21739
2009    2  392.03890
2009    3  394.14046
2009    4  394.88976
2009    5  394.03091
2009    6  388.30185
2009    7  381.66458
2009    8  377.55293
2009    9  379.36112
2009   10  384.69894
2009   11  389.39607
2009   12  391.17414
2010    1  392.28433
2010    2  393.60049
2010    3  395.29262
2010    4  396.64237
2010    5  396.46000
2010    6  390.21057
2010    7  384.55255
2010    8  381.73160
2010    9  384.93102
2010   10  389.22552
2010   11  393.22232
2010   12  395.48374
2011    1  395.80339
2011    2  396.88117
2011    3  397.71074
2011    4  398.74425
2011    5  398.05198
2011    6  393.78720
2011    7  386.06350
2011    8  382.76237
2011    9  385.73367
2011   10  391.68820
2011   11  394.75283
2011   12  396.71978
2012    1  397.59948
2012    2  398.48613
2012    3  399.45816
2012    4  400.32636
2012    5  400.73940
2012    6  394.37090
2012    7  389.76144
2012    8  385.20523
2012    9  387.71881
2012   10  393.45783
2012   11  397.21304
2012   12  399.08191
2013    1  399.46966
2013    2  400.94112
2013    3  403.00528
2013    4  402.93785
2013    5  402.11182
2013    6  398.22975
2013    7  388.36780
2013    8  387.34643
2013    9  389.79511
2013   10  395.89594
2013   11  399.50132
2013   12  401.33850
2014    1  402.36177
2014    2  403.94263
2014    3  404.76091
2014    4  405.88621
2014    5  404.47025
2014    6  400.82459
2014    7  395.53284
2014    8  388.73102
2014    9  390.83997
2014   10  396.93239
2014   11  401.51706
2014   12  402.93991
2015    1  404.18588
2015    2  405.12055
2015    3  407.63640
2015    4  407.84117
2015    5  407.84918
2015    6  403.66204
2015    7  396.42889
2015    8  391.88968
2015    9  394.37361
2015   10  399.52129
2015   11  404.17528
2015   12  406.29454
2016    1  407.56442
2016    2  408.81752
2016    3  409.82509
2016    4  410.59626
2016    5  409.87498
2016    6  405.49683
2016    7  401.61112
2016    8  397.75943
2016    9  397.47814
2016   10  404.94328
2016   11  407.25811
2016   12  410.65365
2017    1  410.97548
2017    2  411.77648
2017    3  412.88551
2017    4  414.07099
2017    5  413.37108
2017    6  408.61621
2017    7  402.65109
2017    8  398.60792
2017    9  399.61134
2017   10  405.18685
2017   11  409.67815
2017   12  411.70436
