yy mm co2
2000    1  379.53982
2000    2  381.14723
2000    3  378.43437
2000    4  376.08814
2000    5  375.27943
2000    6  371.88560
2000    7  368.57135
2000    8  368.44664
2000    9  366.95352
2000   10  369.50773
2000   11  372.73343
2000   12  375.10431
2001    1  376.03395
2001    2  380.11480
2001    3  378.14325
2001    4  378.76022
2001    5  376.99394
2001    6  373.53137
2001    7  372.68744
2001    8  369.36815
2001    9  366.85789
2001   10  373.17697
2001   11  376.03086
2001   12  379.69576
2002    1  379.36360
2002    2  384.85369
2002    3  385.19781
2002    4  383.79020
2002    5  380.08858
2002    6  378.92096
2002    7  371.76395
2002    8  370.48070
2002    9  371.40571
2002   10  374.11868
2002   11  376.97013
2002   12  381.40305
2003    1  381.31559
2003    2  382.14659
2003    3  385.64292
2003    4  384.25330
2003    5  381.06137
2003    6  379.85138
2003    7  376.51486
2003    8  375.23880
2003    9  372.92505
2003   10  375.90435
2003   11  381.49086
2003   12  382.61872
2004    1  386.30576
2004    2  389.22377
2004    3  388.04111
2004    4  385.29228
2004    5  384.19096
2004    6  382.66261
2004    7  377.59350
2004    8  374.74718
2004    9  374.00037
2004   10  377.59196
2004   11  384.50534
2004   12  385.22176
2005    1  386.75562
2005    2  389.26731
2005    3  387.87091
2005    4  387.68980
2005    5  384.38485
2005    6  381.74313
2005    7  377.08777
2005    8  374.79264
2005    9  379.36412
2005   10  380.90482
2005   11  384.86492
2005   12  387.59250
2006    1  389.71959
2006    2  393.16958
2006    3  389.23984
2006    4  388.98547
2006    5  388.99019
2006    6  384.56297
2006    7  383.83779
2006    8  376.25147
2006    9  379.80755
2006   10  383.71456
2006   11  386.27360
2006   12  390.48673
2007    1  393.48134
2007    2  393.41973
2007    3  394.96899
2007    4  391.17117
2007    5  387.72589
2007    6  384.82429
2007    7  382.19616
2007    8  379.51491
2007    9  380.51151
2007   10  385.98865
2007   11  390.10396
2007   12  391.93421
2008    1  394.18746
2008    2  394.87914
2008    3  392.98509
2008    4  393.24115
2008    5  391.91317
2008    6  388.68934
2008    7  382.91048
2008    8  381.93015
2008    9  383.22457
2008   10  386.90108
2008   11  389.42846
2008   12  393.64456
2009    1  394.83907
2009    2  395.18371
2009    3  398.06589
2009    4  394.71837
2009    5  392.24391
2009    6  392.31376
2009    7  388.95989
2009    8  384.80473
2009    9  382.99974
2009   10  388.97147
2009   11  392.97147
2009   12  395.09323
2010    1  396.99135
2010    2  397.78845
2010    3  397.56217
2010    4  398.99710
2010    5  392.37368
2010    6  392.34830
2010    7  387.82228
2010    8  384.79207
2010    9  385.62773
2010   10  391.06113
2010   11  395.97522
2010   12  398.53674
2011    1  400.95547
2011    2  401.17861
2011    3  402.03900
2011    4  399.32146
2011    5  394.98330
2011    6  395.17885
2011    7  389.92241
2011    8  387.97123
2011    9  390.68141
2011   10  393.02703
2011   11  397.89578
2011   12  398.22340
2012    1  401.00090
2012    2  402.08895
2012    3  404.93975
2012    4  400.30133
2012    5  401.43012
2012    6  398.76453
2012    7  391.60569
2012    8  389.60925
2012    9  391.58599
2012   10  396.23602
2012   11  399.99071
2012   12  403.60529
2013    1  404.62799
2013    2  406.74684
2013    3  405.36118
2013    4  405.42489
2013    5  401.38196
2013    6  395.22498
2013    7  395.83867
2013    8  391.09561
2013    9  392.79618
2013   10  398.95973
2013   11  402.46209
2013   12  405.70737
2014    1  405.02450
2014    2  406.22780
2014    3  409.57858
2014    4  404.25232
2014    5  403.53480
2014    6  400.12479
2014    7  396.72983
2014    8  393.67317
2014    9  394.66962
2014   10  402.07113
2014   11  401.32273
2014   12  406.50857
2015    1  407.99021
2015    2  409.17963
2015    3  410.47600
2015    4  408.84662
2015    5  404.36839
2015    6  404.11003
2015    7  397.78024
2015    8  395.82048
2015    9  396.03829
2015   10  402.77804
2015   11  405.57826
2015   12  406.11470
2016    1  409.49395
2016    2  411.09193
2016    3  411.16463
2016    4  410.58377
2016    5  406.51718
2016    6  404.01262
2016    7  401.68621
2016    8  398.92716
2016    9  403.99615
2016   10  407.80878
2016   11  409.77894
2016   12  414.15851
2017    1  412.23734
2017    2  415.14667
2017    3  416.16696
2017    4  417.37341
2017    5  410.45679
2017    6  406.55813
2017    7  401.99151
2017    8  400.92476
2017    9  401.15093
2017   10  407.29588
2017   11  411.28279
2017   12  412.91735
