yy mm co2
2000    1  366.15759
2000    2  366.93676
2000    3  367.09878
2000    4  367.79564
2000    5  368.17524
2000    6  367.93473
2000    7  368.36838
2000    8  369.24583
2000    9  368.53142
2000   10  368.39204
2000   11  367.91270
2000   12  367.50949
2001    1  367.40478
2001    2  368.92365
2001    3  367.83880
2001    4  369.12636
2001    5  368.87435
2001    6  369.77039
2001    7  370.34752
2001    8  370.48597
2001    9  370.85681
2001   10  370.18681
2001   11  369.91516
2001   12  369.22924
2002    1  369.48401
2002    2  369.87913
2002    3  370.42424
2002    4  371.45600
2002    5  371.04246
2002    6  371.89425
2002    7  371.44634
2002    8  372.62691
2002    9  372.56474
2002   10  372.17373
2002   11  372.18156
2002   12  371.88531
2003    1  371.48790
2003    2  372.04588
2003    3  373.71795
2003    4  373.22447
2003    5  373.58332
2003    6  374.18251
2003    7  374.91025
2003    8  375.65047
2003    9  374.16533
2003   10  374.82684
2003   11  374.35282
2003   12  373.81347
2004    1  374.84677
2004    2  374.33594
2004    3  374.84220
2004    4  375.82839
2004    5  375.97003
2004    6  376.81521
2004    7  376.86556
2004    8  376.83843
2004    9  377.12810
2004   10  376.34210
2004   11  375.75755
2004   12  375.33144
2005    1  375.60036
2005    2  376.83386
2005    3  376.07719
2005    4  376.76425
2005    5  378.69564
2005    6  378.31636
2005    7  378.35061
2005    8  379.80426
2005    9  379.69131
2005   10  379.10262
2005   11  377.94450
2005   12  377.93143
2006    1  378.36548
2006    2  378.21461
2006    3  378.34366
2006    4  379.35935
2006    5  379.36319
2006    6  379.55298
2006    7  380.78186
2006    8  380.33733
2006    9  380.21131
2006   10  379.72446
2006   11  379.52335
2006   12  379.25466
2007    1  379.76762
2007    2  380.04774
2007    3  381.64860
2007    4  381.29021
2007    5  381.89490
2007    6  382.24846
2007    7  382.87416
2007    8  382.53449
2007    9  382.80195
2007   10  382.02063
2007   11  382.23885
2007   12  381.78160
2008    1  382.13716
2008    2  382.13536
2008    3  382.87483
2008    4  383.20658
2008    5  382.99797
2008    6  383.74570
2008    7  384.54530
2008    8  384.09032
2008    9  384.22155
2008   10  384.16468
2008   11  383.69931
2008   12  383.03714
2009    1  383.01924
2009    2  384.12405
2009    3  384.18180
2009    4  384.97729
2009    5  384.30144
2009    6  384.80389
2009    7  387.59035
2009    8  388.40904
2009    9  387.20472
2009   10  385.72156
2009   11  385.61359
2009   12  385.10925
2010    1  385.29016
2010    2  386.15460
2010    3  385.39083
2010    4  386.51691
2010    5  387.25830
2010    6  387.62492
2010    7  388.25205
2010    8  389.02406
2010    9  388.35331
2010   10  388.21358
2010   11  387.99521
2010   12  387.34829
2011    1  387.31462
2011    2  388.39030
2011    3  388.71510
2011    4  389.25701
2011    5  389.12919
2011    6  389.21411
2011    7  389.99101
2011    8  390.92029
2011    9  390.26173
2011   10  389.61688
2011   11  388.99633
2011   12  389.11161
2012    1  388.64487
2012    2  389.12820
2012    3  389.64755
2012    4  390.33973
2012    5  390.77582
2012    6  391.30903
2012    7  392.79644
2012    8  393.66257
2012    9  392.07310
2012   10  391.70383
2012   11  391.52760
2012   12  390.73647
2013    1  391.47909
2013    2  392.01244
2013    3  392.69173
2013    4  393.10692
2013    5  394.72498
2013    6  395.47810
2013    7  396.67793
2013    8  395.53270
2013    9  394.89477
2013   10  394.65009
2013   11  394.59878
2013   12  394.10655
2014    1  393.63996
2014    2  395.45627
2014    3  395.14279
2014    4  395.66943
2014    5  395.91116
2014    6  397.12110
2014    7  396.41390
2014    8  397.20823
2014    9  397.27651
2014   10  396.73547
2014   11  395.86885
2014   12  395.63572
2015    1  395.28962
2015    2  395.62859
2015    3  397.43131
2015    4  397.86837
2015    5  397.94532
2015    6  398.38793
2015    7  399.44911
2015    8  399.86955
2015    9  399.32548
2015   10  399.13511
2015   11  398.59649
2015   12  397.91220
2016    1  398.52320
2016    2  399.47612
2016    3  399.50572
2016    4  400.79313
2016    5  401.41842
2016    6  403.60264
2016    7  402.47414
2016    8  403.76445
2016    9  402.77379
2016   10  401.99416
2016   11  401.57736
2016   12  400.74601
2017    1  400.89630
2017    2  402.51162
2017    3  402.14075
2017    4  404.21047
2017    5  403.86681
2017    6  403.68130
2017    7  403.75630
2017    8  404.45852
2017    9  404.45707
2017   10  404.22226
2017   11  403.89536
2017   12  403.47804
