yy mm co2
2000    1  377.43637
2000    2  377.85055
2000    3  378.52276
2000    4  375.68511
2000    5  370.84200
2000    6  368.40397
2000    7  364.11427
2000    8  363.46947
2000    9  367.95906
2000   10  372.78834
2000   11  373.38771
2000   12  375.10169
2001    1  377.83539
2001    2  379.49497
2001    3  378.45445
2001    4  378.22415
2001    5  369.48177
2001    6  367.05326
2001    7  364.27446
2001    8  364.53881
2001    9  368.26497
2001   10  373.10435
2001   11  376.90808
2001   12  378.14080
2002    1  378.51752
2002    2  379.39750
2002    3  381.32019
2002    4  380.34699
2002    5  373.43430
2002    6  368.75438
2002    7  365.51125
2002    8  368.52597
2002    9  369.38975
2002   10  375.09738
2002   11  378.95030
2002   12  382.30294
2003    1  383.18330
2003    2  384.70110
2003    3  384.73803
2003    4  382.73670
2003    5  378.23321
2003    6  372.81463
2003    7  369.55916
2003    8  371.54777
2003    9  372.46343
2003   10  378.39959
2003   11  381.73725
2003   12  382.17180
2004    1  384.97476
2004    2  387.24777
2004    3  388.43474
2004    4  384.59050
2004    5  380.68753
2004    6  376.57138
2004    7  374.49246
2004    8  371.15574
2004    9  373.60162
2004   10  380.41454
2004   11  384.25039
2004   12  383.46709
2005    1  386.16976
2005    2  390.86639
2005    3  389.23862
2005    4  386.16476
2005    5  380.41701
2005    6  378.72151
2005    7  372.62926
2005    8  373.31734
2005    9  377.20238
2005   10  382.54046
2005   11  388.33849
2005   12  388.02606
2006    1  388.42802
2006    2  392.05738
2006    3  392.01544
2006    4  387.83840
2006    5  384.07661
2006    6  382.80204
2006    7  379.68811
2006    8  376.33954
2006    9  378.72003
2006   10  383.79728
2006   11  386.23824
2006   12  387.72303
2007    1  389.63096
2007    2  393.07395
2007    3  391.59981
2007    4  388.27676
2007    5  383.74381
2007    6  379.61107
2007    7  377.69927
2007    8  376.38069
2007    9  379.57923
2007   10  387.81960
2007   11  389.40611
2007   12  390.21965
2008    1  392.37284
2008    2  393.88891
2008    3  394.15731
2008    4  393.20148
2008    5  386.20763
2008    6  382.40789
2008    7  379.50996
2008    8  377.07589
2008    9  383.02207
2008   10  387.57929
2008   11  390.40647
2008   12  394.02727
2009    1  394.38653
2009    2  398.06796
2009    3  396.81094
2009    4  392.78183
2009    5  388.73567
2009    6  384.03229
2009    7  381.91446
2009    8  381.36853
2009    9  382.63373
2009   10  388.88512
2009   11  392.05389
2009   12  395.75261
2010    1  403.11608
2010    2  401.11941
2010    3  398.09724
2010    4  396.08200
2010    5  392.05133
2010    6  385.55381
2010    7  384.62100
2010    8  382.39561
2010    9  385.71793
2010   10  392.46495
2010   11  399.51774
2010   12  400.84077
2011    1  398.94067
2011    2  403.12586
2011    3  401.78603
2011    4  396.92046
2011    5  393.62913
2011    6  389.58364
2011    7  385.86688
2011    8  385.87122
2011    9  387.18031
2011   10  392.58911
2011   11  395.61579
2011   12  398.52841
2012    1  399.64775
2012    2  403.59818
2012    3  401.04537
2012    4  400.01038
2012    5  392.81644
2012    6  390.17398
2012    7  386.70684
2012    8  387.22268
2012    9  390.73423
2012   10  396.18538
2012   11  400.50980
2012   12  402.53703
2013    1  407.56629
2013    2  410.04000
2013    3  407.25214
2013    4  405.02145
2013    5  398.24948
2013    6  395.09678
2013    7  394.48010
2013    8  390.58444
2013    9  394.20079
2013   10  398.89093
2013   11  403.64626
2013   12  402.44142
2014    1  407.68273
2014    2  406.40996
2014    3  407.36221
2014    4  404.14403
2014    5  399.22693
2014    6  395.21678
2014    7  393.20913
2014    8  390.06173
2014    9  394.47108
2014   10  400.81472
2014   11  405.86936
2014   12  407.88867
2015    1  407.91222
2015    2  410.75223
2015    3  409.76610
2015    4  406.93016
2015    5  400.18433
2015    6  396.53861
2015    7  395.39760
2015    8  394.60170
2015    9  395.88319
2015   10  405.30047
2015   11  404.38349
2015   12  405.03664
2016    1  410.00312
2016    2  411.25875
2016    3  412.72340
2016    4  409.38688
2016    5  403.01125
2016    6  397.12712
2016    7  394.52300
2016    8  395.86599
2016    9  399.74082
2016   10  409.13717
2016   11  413.15821
2016   12  410.89597
2017    1  412.58472
2017    2  414.37190
2017    3  413.77742
2017    4  413.98162
2017    5  408.30678
2017    6  402.29448
2017    7  401.64319
2017    8  401.74896
2017    9  400.96810
2017   10  407.53593
2017   11  412.26021
2017   12  413.55036
