yy mm co2
2000    1  373.70977
2000    2  374.19371
2000    3  374.98830
2000    4  375.94957
2000    5  375.39194
2000    6  371.36793
2000    7  365.98303
2000    8  364.23429
2000    9  363.56048
2000   10  367.77215
2000   11  370.77608
2000   12  372.29317
2001    1  373.90235
2001    2  375.33118
2001    3  376.37854
2001    4  377.79511
2001    5  377.21684
2001    6  372.76078
2001    7  367.29671
2001    8  363.67957
2001    9  364.59090
2001   10  369.14658
2001   11  372.83293
2001   12  374.65856
2002    1  375.30166
2002    2  376.97842
2002    3  378.52005
2002    4  379.33834
2002    5  378.08940
2002    6  374.12049
2002    7  368.96957
2002    8  366.48379
2002    9  367.27355
2002   10  371.37201
2002   11  374.51519
2002   12  376.59955
2003    1  377.24001
2003    2  378.73234
2003    3  380.69053
2003    4  381.70605
2003    5  381.75285
2003    6  377.94909
2003    7  371.37297
2003    8  370.15628
2003    9  369.64347
2003   10  373.92916
2003   11  377.49636
2003   12  379.64812
2004    1  380.23375
2004    2  381.39691
2004    3  383.65248
2004    4  384.02938
2004    5  383.10487
2004    6  379.60798
2004    7  374.79837
2004    8  371.20064
2004    9  371.14721
2004   10  375.99896
2004   11  379.79387
2004   12  381.09688
2005    1  381.63573
2005    2  383.35592
2005    3  384.64295
2005    4  385.98006
2005    5  384.79030
2005    6  382.00969
2005    7  375.60542
2005    8  372.66710
2005    9  373.70092
2005   10  378.64558
2005   11  382.06950
2005   12  383.10123
2006    1  384.98521
2006    2  386.40210
2006    3  387.78296
2006    4  388.33360
2006    5  387.99990
2006    6  384.97453
2006    7  381.05311
2006    8  374.41155
2006    9  375.85408
2006   10  380.75444
2006   11  384.27295
2006   12  386.19904
2007    1  387.16252
2007    2  388.17109
2007    3  389.52535
2007    4  389.42866
2007    5  389.39863
2007    6  385.85821
2007    7  378.32555
2007    8  376.30275
2007    9  377.47875
2007   10  381.92858
2007   11  385.89275
2007   12  387.39035
2008    1  388.98838
2008    2  390.84817
2008    3  391.77679
2008    4  393.15829
2008    5  392.54097
2008    6  388.26611
2008    7  381.48204
2008    8  375.91386
2008    9  378.78455
2008   10  383.28921
2008   11  387.61023
2008   12  389.35296
2009    1  390.11511
2009    2  391.54486
2009    3  393.27494
2009    4  394.29968
2009    5  393.68574
2009    6  389.57986
2009    7  383.60452
2009    8  377.72316
2009    9  380.03334
2009   10  384.71277
2009   11  388.86012
2009   12  390.37087
2010    1  392.20406
2010    2  393.51432
2010    3  394.79241
2010    4  396.22598
2010    5  395.52554
2010    6  391.53441
2010    7  384.98957
2010    8  382.74968
2010    9  384.66827
2010   10  388.23512
2010   11  392.51239
2010   12  395.17009
2011    1  395.02326
2011    2  396.27645
2011    3  398.01197
2011    4  398.44602
2011    5  397.83615
2011    6  394.14986
2011    7  386.84887
2011    8  383.24084
2011    9  384.77618
2011   10  390.32978
2011   11  394.07128
2011   12  396.07953
2012    1  397.48399
2012    2  398.26048
2012    3  399.38081
2012    4  400.42095
2012    5  400.29397
2012    6  396.29711
2012    7  388.68090
2012    8  385.70183
2012    9  387.24067
2012   10  392.12842
2012   11  396.28166
2012   12  398.30976
2013    1  398.95010
2013    2  400.99857
2013    3  402.16479
2013    4  402.71011
2013    5  402.26665
2013    6  399.01093
2013    7  393.27901
2013    8  389.29650
2013    9  389.86249
2013   10  394.95318
2013   11  398.85280
2013   12  400.14065
2014    1  401.90350
2014    2  403.30531
2014    3  404.46644
2014    4  404.92509
2014    5  404.51184
2014    6  401.35538
2014    7  393.42235
2014    8  390.24622
2014    9  391.28543
2014   10  395.92761
2014   11  400.43067
2014   12  402.59914
2015    1  403.44315
2015    2  404.32654
2015    3  406.55283
2015    4  407.43424
2015    5  406.63060
2015    6  403.33267
2015    7  396.73154
2015    8  391.50065
2015    9  393.91191
2015   10  398.63342
2015   11  403.02804
2015   12  405.63761
2016    1  406.83054
2016    2  408.04085
2016    3  409.53755
2016    4  409.85705
2016    5  409.42294
2016    6  405.48961
2016    7  399.78191
2016    8  396.68565
2016    9  397.54089
2016   10  402.82353
2016   11  406.62164
2016   12  409.00265
2017    1  410.61675
2017    2  411.97959
2017    3  413.42597
2017    4  413.66817
2017    5  413.12241
2017    6  408.99400
2017    7  402.31098
2017    8  398.87591
2017    9  399.64778
2017   10  404.40963
2017   11  408.90413
2017   12  410.68383
