yy mm co2
2000    1  381.40983
2000    2  371.87268
2000    3  363.49834
2000    4  375.56802
2000    5  373.28017
2000    6  371.57821
2000    7  364.73753
2000    8  366.29062
2000    9  364.32006
2000   10  373.23870
2000   11  373.23008
2000   12  381.58617
2001    1  379.91896
2001    2  380.64085
2001    3  377.12572
2001    4  381.33728
2001    5  375.40167
2001    6  366.12790
2001    7  361.46483
2001    8  363.57617
2001    9  365.90727
2001   10  373.14708
2001   11  381.91021
2001   12  383.80138
2002    1  381.57278
2002    2  380.78596
2002    3  381.03320
2002    4  377.58230
2002    5  379.52131
2002    6  374.26248
2002    7  368.62519
2002    8  367.96366
2002    9  372.17778
2002   10  379.97382
2002   11  385.40724
2002   12  384.04684
2003    1  386.11010
2003    2  382.77559
2003    3  384.37246
2003    4  383.91733
2003    5  380.32638
2003    6  375.29346
2003    7  369.03852
2003    8  372.07341
2003    9  373.63017
2003   10  380.46375
2003   11  383.80953
2003   12  385.02645
2004    1  384.49440
2004    2  383.79108
2004    3  386.51557
2004    4  385.80041
2004    5  383.34698
2004    6  378.77052
2004    7  367.80257
2004    8  369.17673
2004    9  376.22187
2004   10  382.44319
2004   11  385.41722
2004   12  385.31239
2005    1  386.79072
2005    2  387.03793
2005    3  387.04177
2005    4  387.12315
2005    5  383.94186
2005    6  375.47905
2005    7  370.18649
2005    8  374.78394
2005    9  376.55080
2005   10  384.98690
2005   11  386.76045
2005   12  387.03956
2006    1  388.87624
2006    2  388.59452
2006    3  389.35931
2006    4  390.22882
2006    5  386.78560
2006    6  380.74370
2006    7  375.13458
2006    8  377.06600
2006    9  383.47111
2006   10  384.72554
2006   11  387.65595
2006   12  391.02352
2007    1  391.73558
2007    2  389.04173
2007    3  391.95790
2007    4  391.55950
2007    5  388.44161
2007    6  381.25669
2007    7  378.67494
2007    8  376.02734
2007    9  383.07818
2007   10  389.17630
2007   11  391.46488
2007   12  395.49108
2008    1  396.27220
2008    2  395.14631
2008    3  396.21530
2008    4  398.02099
2008    5  391.92449
2008    6  385.73903
2008    7  378.07896
2008    8  380.93355
2008    9  384.23555
2008   10  385.90800
2008   11  392.30293
2008   12  392.68131
2009    1  394.45484
2009    2  394.25289
2009    3  397.39473
2009    4  396.66492
2009    5  393.31854
2009    6  388.18776
2009    7  378.11499
2009    8  380.17947
2009    9  388.56134
2009   10  393.61580
2009   11  395.53523
2009   12  395.39402
2010    1  396.91123
2010    2  397.54543
2010    3  398.92166
2010    4  396.56312
2010    5  394.03138
2010    6  387.28389
2010    7  384.23296
2010    8  385.16667
2010    9  388.77456
2010   10  397.63367
2010   11  398.02337
2010   12  401.07395
2011    1  401.60425
2011    2  400.90698
2011    3  403.09489
2011    4  402.91221
2011    5  396.90491
2011    6  390.70728
2011    7  382.90457
2011    8  384.19649
2011    9  390.82114
2011   10  400.93632
2011   11  403.56480
2011   12  401.63402
2012    1  398.57478
2012    2  398.65138
2012    3  400.78026
2012    4  400.78146
2012    5  398.83074
2012    6  390.66275
2012    7  386.23690
2012    8  386.49756
2012    9  391.84940
2012   10  398.96314
2012   11  404.56344
2012   12  404.72954
2013    1  407.30328
2013    2  406.79114
2013    3  403.69094
2013    4  403.12341
2013    5  400.45765
2013    6  398.74256
2013    7  389.06999
2013    8  391.67720
2013    9  395.14698
2013   10  404.33911
2013   11  404.85480
2013   12  407.31815
2014    1  405.18524
2014    2  407.39193
2014    3  405.58240
2014    4  407.41693
2014    5  403.84263
2014    6  396.64024
2014    7  385.01262
2014    8  391.93776
2014    9  396.41894
2014   10  403.71757
2014   11  406.06468
2014   12  410.46093
2015    1  407.30977
2015    2  406.82085
2015    3  409.02843
2015    4  408.53486
2015    5  406.73689
2015    6  397.62189
2015    7  387.33304
2015    8  394.21002
2015    9  399.63942
2015   10  409.63388
2015   11  408.31778
2015   12  410.65470
2016    1  411.90919
2016    2  408.15034
2016    3  413.23242
2016    4  411.45677
2016    5  408.53606
2016    6  401.73013
2016    7  396.00389
2016    8  395.84612
2016    9  400.75241
2016   10  407.59306
2016   11  410.70304
2016   12  412.34228
2017    1  414.29291
2017    2  412.02677
2017    3  413.50513
2017    4  412.71606
2017    5  411.69225
2017    6  404.81461
2017    7  395.41250
2017    8  401.22514
2017    9  410.50269
2017   10  406.79364
2017   11  414.84361
2017   12  417.90423
