yy mm co2
2000    1  366.24592
2000    2  367.08420
2000    3  366.96729
2000    4  367.71822
2000    5  367.62812
2000    6  368.21526
2000    7  368.67743
2000    8  369.39720
2000    9  368.40403
2000   10  368.33354
2000   11  367.88304
2000   12  367.38277
2001    1  367.97678
2001    2  367.63799
2001    3  368.14332
2001    4  368.52297
2001    5  369.51958
2001    6  370.21900
2001    7  371.42981
2001    8  370.41432
2001    9  370.48222
2001   10  370.11664
2001   11  369.86827
2001   12  369.64921
2002    1  369.63989
2002    2  369.57304
2002    3  369.81382
2002    4  371.40102
2002    5  371.35938
2002    6  371.76325
2002    7  371.89899
2002    8  372.57301
2002    9  372.62007
2002   10  372.52271
2002   11  371.91689
2002   12  371.80260
2003    1  372.73372
2003    2  372.82481
2003    3  373.10118
2003    4  373.96644
2003    5  374.41647
2003    6  374.54659
2003    7  375.66960
2003    8  375.08109
2003    9  374.79820
2003   10  374.68132
2003   11  374.11996
2003   12  374.01661
2004    1  374.18844
2004    2  374.47261
2004    3  374.75175
2004    4  375.83010
2004    5  375.79605
2004    6  376.16779
2004    7  377.19973
2004    8  377.73236
2004    9  377.59883
2004   10  376.42184
2004   11  375.66680
2004   12  375.48807
2005    1  375.58601
2005    2  375.93566
2005    3  376.35065
2005    4  377.70998
2005    5  378.29342
2005    6  380.19035
2005    7  378.49281
2005    8  378.80064
2005    9  379.75359
2005   10  379.10455
2005   11  378.10247
2005   12  378.04918
2006    1  378.55571
2006    2  377.94668
2006    3  378.68012
2006    4  378.69299
2006    5  379.52073
2006    6  380.14757
2006    7  382.06414
2006    8  380.40374
2006    9  380.53037
2006   10  380.11849
2006   11  379.59061
2006   12  379.76640
2007    1  380.54414
2007    2  380.75857
2007    3  380.70697
2007    4  381.65171
2007    5  383.04424
2007    6  382.53199
2007    7  383.41855
2007    8  383.00760
2007    9  382.87023
2007   10  382.54051
2007   11  381.97375
2007   12  381.94843
2008    1  382.10445
2008    2  381.74249
2008    3  383.07847
2008    4  383.54393
2008    5  383.86034
2008    6  384.60450
2008    7  384.86545
2008    8  384.71882
2008    9  384.48209
2008   10  384.10543
2008   11  383.67731
2008   12  383.47425
2009    1  383.65473
2009    2  383.61270
2009    3  384.64688
2009    4  384.52653
2009    5  384.67092
2009    6  385.98877
2009    7  386.88822
2009    8  386.90298
2009    9  386.16679
2009   10  385.56059
2009   11  385.68431
2009   12  385.04321
2010    1  385.04298
2010    2  385.71993
2010    3  386.31936
2010    4  386.58833
2010    5  387.20373
2010    6  387.63939
2010    7  388.33689
2010    8  388.98006
2010    9  388.52496
2010   10  388.15857
2010   11  388.05214
2010   12  387.49227
2011    1  387.95214
2011    2  387.90095
2011    3  388.70945
2011    4  389.76283
2011    5  388.47647
2011    6  389.33303
2011    7  389.99922
2011    8  391.93247
2011    9  389.91170
2011   10  389.68047
2011   11  389.51580
2011   12  389.22296
2012    1  388.97339
2012    2  389.44892
2012    3  389.75987
2012    4  390.44514
2012    5  391.03179
2012    6  391.31427
2012    7  393.06548
2012    8  392.68821
2012    9  392.70968
2012   10  391.72129
2012   11  391.43459
2012   12  390.88546
2013    1  391.51253
2013    2  391.84288
2013    3  392.65564
2013    4  392.90747
2013    5  394.71203
2013    6  395.52059
2013    7  396.23107
2013    8  394.94934
2013    9  395.14262
2013   10  394.31141
2013   11  394.19867
2013   12  393.75105
2014    1  393.66557
2014    2  394.42195
2014    3  395.84871
2014    4  395.79466
2014    5  396.66556
2014    6  396.89778
2014    7  397.65335
2014    8  397.87716
2014    9  396.99688
2014   10  396.33756
2014   11  395.79658
2014   12  395.81305
2015    1  395.56404
2015    2  395.95968
2015    3  396.26131
2015    4  397.76365
2015    5  398.11980
2015    6  399.87735
2015    7  399.43709
2015    8  399.84332
2015    9  399.94548
2015   10  398.87353
2015   11  398.64899
2015   12  398.42929
2016    1  399.46352
2016    2  398.94594
2016    3  399.54932
2016    4  400.69697
2016    5  401.44011
2016    6  403.59396
2016    7  403.03505
2016    8  403.32167
2016    9  403.53180
2016   10  401.81392
2016   11  401.81156
2016   12  401.60486
2017    1  400.86324
2017    2  400.53917
2017    3  401.85329
2017    4  403.91576
2017    5  404.62089
2017    6  403.76946
2017    7  404.16280
2017    8  404.32042
2017    9  404.35392
2017   10  404.23282
2017   11  402.99993
2017   12  403.40310
