yy mm co2
2000    1  374.89776
2000    2  376.89478
2000    3  376.52580
2000    4  375.54678
2000    5  373.87744
2000    6  371.54587
2000    7  366.17319
2000    8  369.37566
2000    9  366.61173
2000   10  368.73200
2000   11  371.01796
2000   12  372.93183
2001    1  374.59104
2001    2  377.75162
2001    3  375.39736
2001    4  377.71909
2001    5  373.96787
2001    6  372.56465
2001    7  369.93186
2001    8  368.25764
2001    9  367.49762
2001   10  371.70696
2001   11  373.40925
2001   12  376.00606
2002    1  376.98887
2002    2  377.90823
2002    3  378.91133
2002    4  379.01753
2002    5  377.78361
2002    6  377.98076
2002    7  371.16988
2002    8  370.15072
2002    9  370.21082
2002   10  373.29056
2002   11  375.05757
2002   12  378.29080
2003    1  378.91557
2003    2  381.38006
2003    3  383.58910
2003    4  382.16275
2003    5  380.10743
2003    6  380.43049
2003    7  373.80445
2003    8  373.14810
2003    9  373.17630
2003   10  374.62442
2003   11  378.56749
2003   12  380.23872
2004    1  382.04362
2004    2  382.36741
2004    3  384.24993
2004    4  383.28220
2004    5  381.52648
2004    6  379.01301
2004    7  377.64446
2004    8  373.71402
2004    9  374.19828
2004   10  376.05871
2004   11  380.24128
2004   12  381.61754
2005    1  384.39492
2005    2  385.85748
2005    3  385.88030
2005    4  386.31426
2005    5  384.55182
2005    6  381.49950
2005    7  375.71116
2005    8  374.63658
2005    9  378.57873
2005   10  379.00274
2005   11  382.64104
2005   12  384.57889
2006    1  387.16794
2006    2  389.07310
2006    3  388.16198
2006    4  388.00723
2006    5  386.28382
2006    6  384.50779
2006    7  378.11213
2006    8  377.71874
2006    9  380.99944
2006   10  382.75111
2006   11  384.41730
2006   12  386.29744
2007    1  387.75484
2007    2  388.61053
2007    3  389.59063
2007    4  390.32058
2007    5  386.80536
2007    6  385.95212
2007    7  381.76365
2007    8  378.93868
2007    9  379.70429
2007   10  384.22813
2007   11  387.41506
2007   12  389.19185
2008    1  390.79293
2008    2  391.11965
2008    3  391.44524
2008    4  392.31798
2008    5  390.78933
2008    6  389.69313
2008    7  384.22109
2008    8  381.93396
2008    9  385.14135
2008   10  384.41754
2008   11  387.36945
2008   12  390.64279
2009    1  390.99771
2009    2  393.17686
2009    3  393.84718
2009    4  393.08530
2009    5  389.81377
2009    6  388.73655
2009    7  387.14652
2009    8  386.36127
2009    9  383.19160
2009   10  387.46354
2009   11  390.02381
2009   12  392.26061
2010    1  394.86316
2010    2  395.12780
2010    3  395.83314
2010    4  395.54213
2010    5  392.55965
2010    6  390.52984
2010    7  386.93484
2010    8  389.77832
2010    9  386.34369
2010   10  389.84479
2010   11  392.40954
2010   12  396.05156
2011    1  396.93911
2011    2  398.27853
2011    3  399.26759
2011    4  398.90478
2011    5  394.04759
2011    6  394.42428
2011    7  388.46044
2011    8  389.48763
2011    9  387.31535
2011   10  390.84654
2011   11  394.64812
2011   12  396.49085
2012    1  397.74735
2012    2  400.09679
2012    3  399.90054
2012    4  399.00400
2012    5  397.05134
2012    6  393.77133
2012    7  391.15944
2012    8  390.13932
2012    9  390.30018
2012   10  392.57883
2012   11  397.23463
2012   12  399.78081
2013    1  401.47192
2013    2  403.16230
2013    3  402.15976
2013    4  403.14274
2013    5  400.34755
2013    6  394.81907
2013    7  393.58929
2013    8  391.97231
2013    9  392.98116
2013   10  396.12383
2013   11  399.63477
2013   12  402.02148
2014    1  402.60906
2014    2  403.20519
2014    3  405.48193
2014    4  404.22878
2014    5  402.77155
2014    6  398.26575
2014    7  395.49367
2014    8  392.79816
2014    9  396.63029
2014   10  398.54710
2014   11  400.45890
2014   12  403.93305
2015    1  404.51132
2015    2  405.85740
2015    3  407.01832
2015    4  406.55676
2015    5  402.90676
2015    6  400.67156
2015    7  397.51877
2015    8  395.84850
2015    9  396.35279
2015   10  400.86693
2015   11  402.69317
2015   12  405.41525
2016    1  407.23034
2016    2  407.67639
2016    3  409.91069
2016    4  409.89200
2016    5  405.97774
2016    6  402.75510
2016    7  399.12906
2016    8  398.11543
2016    9  401.02878
2016   10  404.53603
2016   11  406.22641
2016   12  410.13036
2017    1  410.85418
2017    2  412.17337
2017    3  413.73810
2017    4  413.37687
2017    5  409.90300
2017    6  407.43261
2017    7  402.43237
2017    8  403.09964
2017    9  401.22619
2017   10  406.55289
2017   11  408.85044
2017   12  411.24533
