yy mm co2
2000    1  377.35613
2000    2  378.27686
2000    3  376.58110
2000    4  376.13357
2000    5  376.65528
2000    6  372.46052
2000    7  364.86934
2000    8  359.11769
2000    9  361.30086
2000   10  369.20721
2000   11  374.43623
2000   12  380.07105
2001    1  378.74919
2001    2  378.04505
2001    3  377.74770
2001    4  379.55146
2001    5  377.16702
2001    6  371.81188
2001    7  365.31253
2001    8  361.66119
2001    9  364.71020
2001   10  370.32392
2001   11  375.78566
2001   12  379.24177
2002    1  379.86189
2002    2  379.72457
2002    3  379.21898
2002    4  380.43028
2002    5  379.76034
2002    6  375.99346
2002    7  366.50687
2002    8  367.37340
2002    9  370.32695
2002   10  372.30636
2002   11  377.80535
2002   12  380.60982
2003    1  380.93439
2003    2  383.26893
2003    3  382.44657
2003    4  382.64913
2003    5  381.98390
2003    6  378.59380
2003    7  371.15009
2003    8  371.27323
2003    9  373.49833
2003   10  376.31163
2003   11  381.80628
2003   12  385.83443
2004    1  384.70107
2004    2  385.64173
2004    3  383.92571
2004    4  384.82965
2004    5  383.88389
2004    6  379.96779
2004    7  372.88718
2004    8  375.51494
2004    9  381.54403
2004   10  375.44346
2004   11  381.05354
2004   12  383.23220
2005    1  385.63754
2005    2  385.19097
2005    3  385.58419
2005    4  386.45585
2005    5  384.65663
2005    6  383.79291
2005    7  375.54262
2005    8  372.31605
2005    9  374.43099
2005   10  380.71832
2005   11  383.47251
2005   12  387.16523
2006    1  389.98210
2006    2  387.50927
2006    3  388.93186
2006    4  388.50639
2006    5  386.79587
2006    6  384.94100
2006    7  381.44831
2006    8  373.48206
2006    9  380.91122
2006   10  381.54746
2006   11  386.57570
2006   12  389.68027
2007    1  391.02448
2007    2  390.63432
2007    3  391.10507
2007    4  391.59105
2007    5  392.57415
2007    6  388.66428
2007    7  378.33734
2007    8  380.19568
2007    9  375.72999
2007   10  383.72184
2007   11  388.33942
2007   12  390.32698
2008    1  391.50906
2008    2  392.90995
2008    3  393.17191
2008    4  393.80125
2008    5  393.30081
2008    6  387.95234
2008    7  380.59425
2008    8  379.79521
2008    9  383.99364
2008   10  382.67675
2008   11  388.19836
2008   12  392.11512
2009    1  394.11636
2009    2  393.92570
2009    3  394.17174
2009    4  395.36358
2009    5  395.37184
2009    6  391.38630
2009    7  380.45406
2009    8  381.22881
2009    9  385.99945
2009   10  385.67654
2009   11  393.44060
2009   12  394.67070
2010    1  395.58631
2010    2  396.32246
2010    3  396.84295
2010    4  396.49746
2010    5  395.11162
2010    6  391.07821
2010    7  384.12731
2010    8  383.16110
2010    9  386.02159
2010   10  389.95824
2010   11  393.70731
2010   12  395.61861
2011    1  398.80938
2011    2  398.83141
2011    3  398.39177
2011    4  401.55702
2011    5  398.63866
2011    6  392.51283
2011    7  384.07385
2011    8  379.04707
2011    9  387.80484
2011   10  390.11950
2011   11  395.59850
2011   12  398.25568
2012    1  399.33485
2012    2  399.33404
2012    3  400.63754
2012    4  401.26857
2012    5  400.54644
2012    6  393.45512
2012    7  387.20929
2012    8  383.28124
2012    9  388.44853
2012   10  392.70933
2012   11  398.79052
2012   12  402.41421
2013    1  401.61793
2013    2  402.41968
2013    3  402.75150
2013    4  404.05427
2013    5  403.35488
2013    6  399.28305
2013    7  395.49230
2013    8  388.23052
2013    9  391.70127
2013   10  395.48634
2013   11  400.73725
2013   12  403.44123
2014    1  402.60912
2014    2  404.75206
2014    3  405.37061
2014    4  406.33880
2014    5  405.87652
2014    6  399.70281
2014    7  392.17784
2014    8  390.42556
2014    9  392.82412
2014   10  395.65028
2014   11  401.95239
2014   12  405.20396
2015    1  406.08909
2015    2  406.71098
2015    3  407.14664
2015    4  407.70968
2015    5  407.02638
2015    6  401.83894
2015    7  393.08553
2015    8  393.44249
2015    9  394.92114
2015   10  399.52956
2015   11  405.59217
2015   12  410.91646
2016    1  410.66488
2016    2  409.80041
2016    3  409.36834
2016    4  409.54523
2016    5  409.55329
2016    6  405.03289
2016    7  397.24534
2016    8  396.75698
2016    9  400.63375
2016   10  403.29539
2016   11  408.04074
2016   12  410.77324
2017    1  411.64504
2017    2  413.49925
2017    3  414.34958
2017    4  414.11843
2017    5  412.92753
2017    6  409.72937
2017    7  400.61222
2017    8  404.23198
2017    9  403.78154
2017   10  406.12306
2017   11  412.51854
2017   12  418.81195
