yy mm co2
2000    1  378.59840
2000    2  376.40551
2000    3  376.80374
2000    4  376.35764
2000    5  374.40614
2000    6  370.17319
2000    7  363.68368
2000    8  356.83473
2000    9  365.79018
2000   10  369.86446
2000   11  376.31782
2000   12  376.18916
2001    1  378.40861
2001    2  379.94844
2001    3  378.83304
2001    4  377.97226
2001    5  375.59168
2001    6  371.56162
2001    7  369.81105
2001    8  369.53433
2001    9  369.21236
2001   10  372.32824
2001   11  377.92095
2001   12  380.23066
2002    1  381.81673
2002    2  381.18710
2002    3  380.89653
2002    4  381.02636
2002    5  378.09074
2002    6  375.07564
2002    7  369.94569
2002    8  366.54939
2002    9  374.80734
2002   10  374.24846
2002   11  378.13926
2002   12  383.06054
2003    1  381.50619
2003    2  382.09208
2003    3  382.91770
2003    4  382.57864
2003    5  383.80438
2003    6  379.26406
2003    7  370.48323
2003    8  373.54275
2003    9  377.86466
2003   10  379.79824
2003   11  384.44373
2003   12  387.56841
2004    1  385.22555
2004    2  384.42475
2004    3  385.71915
2004    4  384.00362
2004    5  381.50020
2004    6  378.61793
2004    7  376.00892
2004    8  374.84846
2004    9  377.23873
2004   10  379.43086
2004   11  383.98785
2004   12  386.34500
2005    1  388.05106
2005    2  388.80145
2005    3  386.92963
2005    4  385.45567
2005    5  385.06341
2005    6  383.13173
2005    7  376.44830
2005    8  379.06307
2005    9  376.04410
2005   10  381.14769
2005   11  384.77624
2005   12  387.81573
2006    1  391.34492
2006    2  390.06377
2006    3  388.89705
2006    4  387.78546
2006    5  385.82520
2006    6  380.77126
2006    7  372.99073
2006    8  376.24597
2006    9  386.25032
2006   10  385.49287
2006   11  389.23172
2006   12  390.65207
2007    1  392.32514
2007    2  391.07580
2007    3  390.93423
2007    4  388.88602
2007    5  387.89507
2007    6  385.66589
2007    7  381.61449
2007    8  379.60257
2007    9  380.11197
2007   10  387.59058
2007   11  390.00023
2007   12  392.20499
2008    1  394.16255
2008    2  394.36496
2008    3  393.81057
2008    4  392.88751
2008    5  390.82894
2008    6  387.72539
2008    7  381.16472
2008    8  379.03030
2008    9  385.46658
2008   10  387.12373
2008   11  394.65347
2008   12  398.47859
2009    1  398.65260
2009    2  396.75258
2009    3  398.70033
2009    4  394.84451
2009    5  392.37348
2009    6  386.72856
2009    7  379.21383
2009    8  378.49534
2009    9  384.91053
2009   10  389.33789
2009   11  394.81567
2009   12  394.41290
2010    1  395.79999
2010    2  394.58682
2010    3  396.37749
2010    4  395.26282
2010    5  394.47157
2010    6  392.01966
2010    7  386.37751
2010    8  384.52577
2010    9  388.18267
2010   10  390.96628
2010   11  396.41239
2010   12  397.99360
2011    1  400.62246
2011    2  401.17340
2011    3  400.41126
2011    4  399.13092
2011    5  396.31085
2011    6  391.36939
2011    7  387.96908
2011    8  382.95597
2011    9  386.35152
2011   10  392.66489
2011   11  399.10033
2011   12  401.26112
2012    1  401.30023
2012    2  401.23239
2012    3  401.96162
2012    4  400.35538
2012    5  398.21115
2012    6  395.78666
2012    7  392.82913
2012    8  386.35381
2012    9  389.44485
2012   10  397.07980
2012   11  403.00647
2012   12  402.28176
2013    1  403.77493
2013    2  404.69391
2013    3  403.24806
2013    4  403.72554
2013    5  401.09435
2013    6  398.54037
2013    7  397.51749
2013    8  392.46911
2013    9  395.20205
2013   10  402.81584
2013   11  403.03025
2013   12  406.35577
2014    1  406.24326
2014    2  406.83275
2014    3  406.59556
2014    4  406.06296
2014    5  404.51108
2014    6  400.63803
2014    7  390.84218
2014    8  396.46935
2014    9  394.94075
2014   10  402.63592
2014   11  403.58290
2014   12  408.30151
2015    1  407.29076
2015    2  408.92948
2015    3  407.80424
2015    4  407.27301
2015    5  405.27029
2015    6  401.53018
2015    7  395.71084
2015    8  396.04265
2015    9  400.93879
2015   10  401.98723
2015   11  408.99782
2015   12  412.09350
2016    1  412.33230
2016    2  411.34082
2016    3  410.28336
2016    4  411.19099
2016    5  407.09667
2016    6  405.96590
2016    7  404.18238
2016    8  395.22161
2016    9  403.22033
2016   10  408.22546
2016   11  413.50737
2016   12  412.84159
2017    1  414.05324
2017    2  414.15487
2017    3  414.04547
2017    4  413.97806
2017    5  411.52135
2017    6  407.34230
2017    7  401.98784
2017    8  397.94095
2017    9  402.27149
2017   10  409.38862
2017   11  413.10728
2017   12  417.56858
