yy mm co2
2000    1  374.05264
2000    2  374.62008
2000    3  375.15690
2000    4  374.57558
2000    5  372.26710
2000    6  369.34769
2000    7  363.92768
2000    8  365.07231
2000    9  365.87965
2000   10  369.16332
2000   11  370.55821
2000   12  372.34250
2001    1  373.82133
2001    2  375.40676
2001    3  375.42233
2001    4  377.14015
2001    5  372.55234
2001    6  370.52587
2001    7  367.06051
2001    8  365.93981
2001    9  366.78463
2001   10  369.73652
2001   11  373.01041
2001   12  375.11883
2002    1  375.24541
2002    2  375.99725
2002    3  377.83824
2002    4  378.81479
2002    5  376.19582
2002    6  373.76466
2002    7  369.74045
2002    8  368.64847
2002    9  369.77330
2002   10  371.96244
2002   11  374.77713
2002   12  377.26961
2003    1  378.26059
2003    2  379.99972
2003    3  381.08870
2003    4  381.51062
2003    5  377.93041
2003    6  375.03228
2003    7  374.08376
2003    8  372.57696
2003    9  372.06250
2003   10  375.31147
2003   11  377.66321
2003   12  379.53997
2004    1  381.47572
2004    2  383.23546
2004    3  384.15412
2004    4  382.97192
2004    5  380.12885
2004    6  377.62980
2004    7  372.91611
2004    8  372.02338
2004    9  373.38046
2004   10  375.81677
2004   11  379.63854
2004   12  380.43715
2005    1  382.47366
2005    2  386.92282
2005    3  384.83314
2005    4  385.49901
2005    5  381.79685
2005    6  379.01895
2005    7  375.12195
2005    8  374.64409
2005    9  377.30701
2005   10  378.67148
2005   11  382.97981
2005   12  384.61332
2006    1  385.29016
2006    2  387.93084
2006    3  388.09967
2006    4  387.37679
2006    5  385.06259
2006    6  382.68484
2006    7  377.26780
2006    8  377.75005
2006    9  379.05300
2006   10  380.46684
2006   11  383.06028
2006   12  385.34959
2007    1  386.50085
2007    2  387.52978
2007    3  389.03591
2007    4  388.80607
2007    5  386.22078
2007    6  383.16110
2007    7  380.13750
2007    8  378.01079
2007    9  379.01962
2007   10  383.28499
2007   11  385.56565
2007   12  387.45007
2008    1  388.55564
2008    2  389.83938
2008    3  391.81692
2008    4  391.97106
2008    5  388.34618
2008    6  384.97098
2008    7  381.68728
2008    8  379.61776
2008    9  382.69823
2008   10  383.83788
2008   11  386.94750
2008   12  389.79747
2009    1  390.51415
2009    2  393.06778
2009    3  393.42133
2009    4  391.91818
2009    5  389.86353
2009    6  386.22384
2009    7  383.66820
2009    8  383.15530
2009    9  382.03900
2009   10  386.16985
2009   11  388.25042
2009   12  392.23768
2010    1  395.44492
2010    2  395.58663
2010    3  394.92783
2010    4  395.11899
2010    5  391.92953
2010    6  388.63911
2010    7  385.83804
2010    8  383.85621
2010    9  386.50242
2010   10  389.38437
2010   11  392.55488
2010   12  395.39268
2011    1  395.77406
2011    2  397.10174
2011    3  398.29954
2011    4  396.90075
2011    5  392.94697
2011    6  390.56080
2011    7  387.01299
2011    8  386.19476
2011    9  387.69221
2011   10  389.94517
2011   11  392.85576
2011   12  395.60060
2012    1  396.75052
2012    2  398.82585
2012    3  397.92995
2012    4  399.21355
2012    5  395.87606
2012    6  393.88216
2012    7  389.82229
2012    8  388.19102
2012    9  389.65073
2012   10  393.66289
2012   11  395.86987
2012   12  398.96811
2013    1  400.09565
2013    2  403.51879
2013    3  401.89270
2013    4  403.14702
2013    5  399.38110
2013    6  395.26596
2013    7  390.50123
2013    8  389.89511
2013    9  392.26827
2013   10  395.73334
2013   11  399.47676
2013   12  400.11527
2014    1  402.06942
2014    2  403.19597
2014    3  404.19769
2014    4  403.50526
2014    5  401.37046
2014    6  397.60102
2014    7  395.04687
2014    8  391.39215
2014    9  394.92996
2014   10  398.04808
2014   11  399.97275
2014   12  402.54116
2015    1  403.37219
2015    2  405.15402
2015    3  406.31235
2015    4  406.35670
2015    5  402.93744
2015    6  400.36679
2015    7  397.31339
2015    8  394.33749
2015    9  395.76530
2015   10  400.85253
2015   11  401.77087
2015   12  402.91806
2016    1  406.66669
2016    2  407.39897
2016    3  409.94838
2016    4  408.10517
2016    5  405.28949
2016    6  400.82695
2016    7  400.17132
2016    8  396.90593
2016    9  400.31492
2016   10  404.71886
2016   11  407.21355
2016   12  407.94184
2017    1  410.32772
2017    2  410.95557
2017    3  411.64141
2017    4  412.88606
2017    5  409.74247
2017    6  405.72946
2017    7  402.91363
2017    8  401.65978
2017    9  401.69762
2017   10  405.22034
2017   11  408.17782
2017   12  410.16567
