yy mm co2
2000    1  374.55099
2000    2  375.26534
2000    3  376.19751
2000    4  377.42546
2000    5  374.59459
2000    6  369.72039
2000    7  367.68339
2000    8  364.98863
2000    9  366.05386
2000   10  369.55933
2000   11  373.11568
2000   12  374.95347
2001    1  375.75595
2001    2  377.79525
2001    3  378.28778
2001    4  379.55929
2001    5  376.61591
2001    6  369.91242
2001    7  366.30011
2001    8  364.06785
2001    9  366.61208
2001   10  370.86449
2001   11  375.43281
2001   12  376.20706
2002    1  377.52089
2002    2  379.51421
2002    3  381.39214
2002    4  380.99097
2002    5  378.59174
2002    6  373.24408
2002    7  370.99651
2002    8  368.92953
2002    9  368.86841
2002   10  374.01996
2002   11  376.57376
2002   12  378.41761
2003    1  379.59107
2003    2  381.07292
2003    3  382.43199
2003    4  384.36361
2003    5  382.83327
2003    6  378.32698
2003    7  374.84310
2003    8  372.33182
2003    9  371.64491
2003   10  376.65578
2003   11  379.84640
2003   12  380.96748
2004    1  382.01190
2004    2  384.14009
2004    3  385.30550
2004    4  385.90876
2004    5  383.50368
2004    6  378.54322
2004    7  375.07070
2004    8  370.90003
2004    9  373.18308
2004   10  377.65066
2004   11  381.37651
2004   12  382.68237
2005    1  383.87752
2005    2  384.48704
2005    3  387.19666
2005    4  387.45618
2005    5  385.10180
2005    6  379.74323
2005    7  375.97283
2005    8  375.13379
2005    9  376.59649
2005   10  380.53305
2005   11  384.42237
2005   12  384.37051
2006    1  386.65265
2006    2  388.46207
2006    3  389.26874
2006    4  389.10238
2006    5  387.89108
2006    6  383.39637
2006    7  378.90652
2006    8  379.79212
2006    9  378.72102
2006   10  383.31258
2006   11  386.55000
2006   12  388.11765
2007    1  389.28929
2007    2  391.41945
2007    3  391.01069
2007    4  390.72213
2007    5  389.65137
2007    6  383.96890
2007    7  378.23510
2007    8  379.35728
2007    9  380.85517
2007   10  383.88552
2007   11  387.46887
2007   12  389.22293
2008    1  390.87003
2008    2  392.43134
2008    3  394.61919
2008    4  395.24306
2008    5  393.00858
2008    6  386.96945
2008    7  383.63360
2008    8  379.29913
2008    9  382.44465
2008   10  385.95876
2008   11  389.06641
2008   12  390.74436
2009    1  391.33639
2009    2  393.41394
2009    3  395.43991
2009    4  396.61641
2009    5  394.53353
2009    6  389.44359
2009    7  384.58037
2009    8  380.89001
2009    9  381.86213
2009   10  387.79754
2009   11  390.53537
2009   12  392.88928
2010    1  393.31874
2010    2  395.45895
2010    3  397.53437
2010    4  397.97439
2010    5  396.82700
2010    6  390.12125
2010    7  390.16071
2010    8  387.22280
2010    9  386.70236
2010   10  390.94620
2010   11  395.03266
2010   12  396.62595
2011    1  397.04135
2011    2  399.24934
2011    3  400.05791
2011    4  401.14540
2011    5  397.54013
2011    6  390.94308
2011    7  387.18572
2011    8  387.19017
2011    9  388.16364
2011   10  392.55703
2011   11  397.61153
2011   12  397.64124
2012    1  398.50333
2012    2  400.20517
2012    3  400.89616
2012    4  401.33944
2012    5  399.83683
2012    6  396.21314
2012    7  392.99511
2012    8  391.61014
2012    9  390.93685
2012   10  394.61421
2012   11  397.63385
2012   12  400.10744
2013    1  401.03044
2013    2  402.76334
2013    3  405.30061
2013    4  405.21967
2013    5  403.17961
2013    6  398.21083
2013    7  392.95960
2013    8  391.41072
2013    9  392.14367
2013   10  396.83722
2013   11  400.68023
2013   12  402.11112
2014    1  404.82017
2014    2  405.81514
2014    3  408.39272
2014    4  409.10568
2014    5  405.65542
2014    6  399.26977
2014    7  393.94139
2014    8  393.19083
2014    9  393.28545
2014   10  398.75158
2014   11  402.96820
2014   12  404.78213
2015    1  405.59971
2015    2  406.71966
2015    3  411.61120
2015    4  410.59114
2015    5  407.39839
2015    6  401.61502
2015    7  399.60261
2015    8  393.73912
2015    9  396.12435
2015   10  400.97628
2015   11  404.39295
2015   12  408.22435
2016    1  408.76862
2016    2  410.64026
2016    3  413.92501
2016    4  411.70721
2016    5  410.21529
2016    6  404.82136
2016    7  401.88007
2016    8  400.05025
2016    9  399.14402
2016   10  405.76354
2016   11  409.23257
2016   12  411.29373
2017    1  412.66525
2017    2  413.44544
2017    3  414.45845
2017    4  416.16263
2017    5  413.32378
2017    6  406.60612
2017    7  402.78581
2017    8  401.85641
2017    9  401.93944
2017   10  407.06515
2017   11  411.44679
2017   12  412.91956
