yy mm co2
2000    1  366.10058
2000    2  366.18413
2000    3  366.51688
2000    4  367.04875
2000    5  368.07606
2000    6  369.22542
2000    7  368.77370
2000    8  368.17402
2000    9  368.17143
2000   10  367.75618
2000   11  367.63569
2000   12  367.21979
2001    1  367.35271
2001    2  367.18903
2001    3  367.52119
2001    4  367.91243
2001    5  368.99489
2001    6  369.86699
2001    7  370.01510
2001    8  369.98969
2001    9  369.47432
2001   10  369.38724
2001   11  368.76978
2001   12  369.04763
2002    1  368.99818
2002    2  368.85502
2002    3  369.41035
2002    4  369.93271
2002    5  371.03629
2002    6  371.66782
2002    7  372.20586
2002    8  372.52411
2002    9  372.08298
2002   10  371.74436
2002   11  371.50522
2002   12  371.45623
2003    1  371.66290
2003    2  371.83144
2003    3  372.10065
2003    4  372.34859
2003    5  373.77290
2003    6  374.52939
2003    7  374.62165
2003    8  374.53399
2003    9  374.23967
2003   10  373.70369
2003   11  373.53399
2003   12  373.85049
2004    1  373.65910
2004    2  373.78119
2004    3  373.97607
2004    4  374.89241
2004    5  376.17702
2004    6  376.83663
2004    7  377.20383
2004    8  376.69769
2004    9  376.11902
2004   10  375.63295
2004   11  375.02102
2004   12  375.19273
2005    1  375.20551
2005    2  375.31430
2005    3  375.89014
2005    4  376.14885
2005    5  377.08375
2005    6  378.14688
2005    7  378.89188
2005    8  378.56563
2005    9  378.24063
2005   10  377.79062
2005   11  377.78562
2005   12  377.60221
2006    1  377.62086
2006    2  377.77820
2006    3  378.22925
2006    4  378.57782
2006    5  379.41479
2006    6  381.58434
2006    7  380.31623
2006    8  379.89678
2006    9  379.28385
2006   10  379.23289
2006   11  379.03804
2006   12  379.17367
2007    1  379.29812
2007    2  379.69404
2007    3  379.74259
2007    4  380.25252
2007    5  381.90759
2007    6  382.55632
2007    7  381.97517
2007    8  382.17616
2007    9  382.09950
2007   10  381.67232
2007   11  381.21032
2007   12  380.89490
2008    1  380.99755
2008    2  381.62354
2008    3  381.89319
2008    4  382.54826
2008    5  384.37982
2008    6  383.95158
2008    7  384.10971
2008    8  384.10380
2008    9  383.67065
2008   10  383.48848
2008   11  382.99823
2008   12  383.00327
2009    1  382.89852
2009    2  383.33973
2009    3  383.67519
2009    4  383.86739
2009    5  384.70034
2009    6  385.49953
2009    7  385.86513
2009    8  385.71359
2009    9  385.51533
2009   10  385.29205
2009   11  384.76169
2009   12  384.51570
2010    1  384.79760
2010    2  384.76812
2010    3  385.16993
2010    4  385.46664
2010    5  386.44840
2010    6  387.13455
2010    7  387.95549
2010    8  388.33832
2010    9  387.80953
2010   10  387.74154
2010   11  387.39984
2010   12  386.99203
2011    1  386.78510
2011    2  386.94832
2011    3  387.25379
2011    4  387.29465
2011    5  388.99196
2011    6  389.02558
2011    7  389.62055
2011    8  389.31108
2011    9  388.83384
2011   10  388.88340
2011   11  388.84702
2011   12  388.62339
2012    1  388.64356
2012    2  388.79059
2012    3  389.10672
2012    4  389.70765
2012    5  390.50204
2012    6  391.30152
2012    7  391.35170
2012    8  391.40898
2012    9  391.32804
2012   10  391.04474
2012   11  390.69180
2012   12  390.95673
2013    1  391.10775
2013    2  391.18883
2013    3  391.63124
2013    4  392.59696
2013    5  393.54872
2013    6  394.11787
2013    7  395.06803
2013    8  395.00222
2013    9  394.13365
2013   10  394.03580
2013   11  393.85096
2013   12  393.54659
2014    1  393.49217
2014    2  393.82730
2014    3  394.29194
2014    4  394.69765
2014    5  395.45484
2014    6  396.33340
2014    7  396.73501
2014    8  396.75494
2014    9  396.38198
2014   10  395.81012
2014   11  395.46849
2014   12  395.32452
2015    1  395.21002
2015    2  395.42789
2015    3  395.98218
2015    4  396.59429
2015    5  397.77363
2015    6  399.04792
2015    7  398.41735
2015    8  399.57443
2015    9  398.91942
2015   10  398.49748
2015   11  397.99031
2015   12  398.02495
2016    1  398.24864
2016    2  398.43805
2016    3  398.85932
2016    4  399.69329
2016    5  401.56947
2016    6  401.95405
2016    7  402.17326
2016    8  402.41465
2016    9  401.86409
2016   10  401.49107
2016   11  401.38970
2016   12  401.08105
2017    1  400.57243
2017    2  400.82220
2017    3  401.17934
2017    4  402.06627
2017    5  403.80927
2017    6  404.22918
2017    7  404.37360
2017    8  404.32360
2017    9  404.14548
2017   10  403.78273
2017   11  403.72537
2017   12  403.29827
