yy mm co2
2000    1  371.74759
2000    2  372.31014
2000    3  373.21044
2000    4  373.07205
2000    5  371.78694
2000    6  369.56315
2000    7  368.77187
2000    8  368.17827
2000    9  370.45777
2000   10  369.50497
2000   11  370.13614
2000   12  375.64838
2001    1  376.35214
2001    2  373.13910
2001    3  372.51806
2001    4  373.63273
2001    5  372.56422
2001    6  371.46051
2001    7  371.74145
2001    8  372.00566
2001    9  367.88030
2001   10  365.35421
2001   11  368.50458
2001   12  379.61610
2002    1  375.43610
2002    2  377.69441
2002    3  374.89607
2002    4  377.79441
2002    5  375.53950
2002    6  370.74176
2002    7  372.82929
2002    8  375.21368
2002    9  375.34119
2002   10  375.74087
2002   11  378.90181
2002   12  373.77782
2003    1  384.02193
2003    2  377.85686
2003    3  378.81895
2003    4  379.30155
2003    5  378.28647
2003    6  376.94752
2003    7  374.54930
2003    8  374.34796
2003    9  375.34747
2003   10  372.19029
2003   11  383.22277
2003   12  380.84213
2004    1  378.24639
2004    2  383.00472
2004    3  380.39440
2004    4  379.47993
2004    5  381.15808
2004    6  379.52268
2004    7  379.21622
2004    8  377.12627
2004    9  381.03454
2004   10  373.29039
2004   11  374.74136
2004   12  379.17140
2005    1  379.30853
2005    2  381.63312
2005    3  382.62401
2005    4  383.40819
2005    5  383.44419
2005    6  383.47312
2005    7  382.35151
2005    8  384.10103
2005    9  382.95230
2005   10  382.18737
2005   11  385.70605
2005   12  394.55236
2006    1  392.00790
2006    2  385.24761
2006    3  383.30356
2006    4  384.61087
2006    5  385.49982
2006    6  391.04768
2006    7  383.30915
2006    8  382.96016
2006    9  379.09715
2006   10  385.02432
2006   11  393.26871
2006   12  391.58249
2007    1  387.95648
2007    2  385.01664
2007    3  387.11473
2007    4  387.73895
2007    5  386.91153
2007    6  386.38481
2007    7  385.19275
2007    8  385.05511
2007    9  385.16059
2007   10  386.57404
2007   11  384.73026
2007   12  386.69014
2008    1  386.63455
2008    2  388.38113
2008    3  393.45995
2008    4  388.23957
2008    5  388.06855
2008    6  386.67969
2008    7  385.66970
2008    8  385.86956
2008    9  380.95913
2008   10  397.20352
2008   11  401.20978
2008   12  398.15629
2009    1  390.08330
2009    2  389.49252
2009    3  391.42114
2009    4  392.58861
2009    5  388.91312
2009    6  386.11906
2009    7  386.25509
2009    8  388.16972
2009    9  388.85375
2009   10  408.58216
2009   11  396.67817
2009   12  401.72978
2010    1  393.20067
2010    2  391.95857
2010    3  390.38074
2010    4  394.36744
2010    5  392.41309
2010    6  386.79573
2010    7  392.16786
2010    8  388.69359
2010    9  396.47915
2010   10  394.53647
2010   11  396.68183
2010   12  398.57088
2011    1  399.37915
2011    2  393.70748
2011    3  394.52600
2011    4  398.06770
2011    5  394.43964
2011    6  392.14737
2011    7  390.11234
2011    8  388.24664
2011    9  389.85649
2011   10  393.37392
2011   11  401.13591
2011   12  393.64561
2012    1  395.51928
2012    2  397.85283
2012    3  398.80894
2012    4  397.53504
2012    5  397.06918
2012    6  397.72748
2012    7  389.79718
2012    8  391.67123
2012    9  393.92535
2012   10  390.39328
2012   11  393.59889
2012   12  400.79019
2013    1  399.52734
2013    2  399.80625
2013    3  399.01267
2013    4  399.31646
2013    5  399.28910
2013    6  399.92321
2013    7  394.83674
2013    8  398.37818
2013    9  396.45535
2013   10  400.87977
2013   11  404.57424
2013   12  402.52504
2014    1  399.91806
2014    2  399.68450
2014    3  401.82946
2014    4  402.12614
2014    5  402.95336
2014    6  400.36216
2014    7  394.10504
2014    8  394.45519
2014    9  394.67873
2014   10  390.74500
2014   11  392.98643
2014   12  396.96132
2015    1  404.13774
2015    2  405.01362
2015    3  405.46359
2015    4  405.37983
2015    5  404.59595
2015    6  402.78095
2015    7  404.54435
2015    8  404.26262
2015    9  397.01568
2015   10  407.81894
2015   11  396.33381
2015   12  403.46466
2016    1  406.20347
2016    2  405.60390
2016    3  409.36423
2016    4  407.13538
2016    5  405.51528
2016    6  404.41635
2016    7  407.75439
2016    8  406.01156
2016    9  404.82203
2016   10  396.23497
2016   11  400.35089
2016   12  403.90619
2017    1  406.92289
2017    2  411.52205
2017    3  411.52636
2017    4  411.50441
2017    5  410.75685
2017    6  409.14433
2017    7  411.14993
2017    8  405.77239
2017    9  408.46516
2017   10  412.89063
2017   11  412.88038
2017   12  410.32262
