yy mm co2
2000    1  365.97619
2000    2  366.02141
2000    3  366.26094
2000    4  366.53876
2000    5  366.86173
2000    6  367.43755
2000    7  367.83019
2000    8  368.10598
2000    9  368.17740
2000   10  367.96828
2000   11  367.73476
2000   12  367.44939
2001    1  367.24817
2001    2  367.18260
2001    3  367.24500
2001    4  367.60213
2001    5  368.07437
2001    6  368.60822
2001    7  369.20060
2001    8  369.62435
2001    9  369.79435
2001   10  369.75660
2001   11  369.67846
2001   12  369.42025
2002    1  369.15537
2002    2  369.13124
2002    3  369.30270
2002    4  369.51460
2002    5  370.04871
2002    6  370.55611
2002    7  371.24025
2002    8  371.75155
2002    9  372.00109
2002   10  372.01258
2002   11  371.79928
2002   12  371.82067
2003    1  371.64049
2003    2  371.61409
2003    3  371.78662
2003    4  372.11922
2003    5  372.55528
2003    6  373.17438
2003    7  373.69336
2003    8  374.15649
2003    9  374.39412
2003   10  374.24182
2003   11  373.92895
2003   12  373.75867
2004    1  373.60535
2004    2  373.56580
2004    3  373.78553
2004    4  374.11653
2004    5  374.55998
2004    6  375.23665
2004    7  375.81133
2004    8  376.18191
2004    9  376.15717
2004   10  375.90717
2004   11  375.57594
2004   12  375.40484
2005    1  375.33900
2005    2  375.12954
2005    3  375.39861
2005    4  375.82195
2005    5  376.42775
2005    6  377.12196
2005    7  377.75654
2005    8  378.26682
2005    9  378.46607
2005   10  378.30594
2005   11  378.02637
2005   12  377.86626
2006    1  377.68215
2006    2  377.52342
2006    3  377.85250
2006    4  378.13684
2006    5  378.66624
2006    6  379.13665
2006    7  379.57510
2006    8  379.66712
2006    9  379.82684
2006   10  379.70761
2006   11  379.60729
2006   12  379.42055
2007    1  379.29229
2007    2  379.32181
2007    3  379.49905
2007    4  379.81468
2007    5  380.25630
2007    6  380.91157
2007    7  381.39755
2007    8  381.81807
2007    9  382.02712
2007   10  382.04523
2007   11  381.80430
2007   12  381.52971
2008    1  381.44164
2008    2  381.48509
2008    3  381.67922
2008    4  382.06801
2008    5  382.50553
2008    6  383.07844
2008    7  383.49556
2008    8  383.68799
2008    9  383.80982
2008   10  383.68235
2008   11  383.43537
2008   12  383.29136
2009    1  383.15146
2009    2  383.12044
2009    3  383.25790
2009    4  383.44323
2009    5  383.76017
2009    6  384.30429
2009    7  384.84373
2009    8  385.30445
2009    9  385.39153
2009   10  385.33157
2009   11  385.16099
2009   12  384.84175
2010    1  384.77039
2010    2  384.61396
2010    3  384.64414
2010    4  385.05328
2010    5  385.57150
2010    6  386.38854
2010    7  386.99954
2010    8  387.60534
2010    9  387.79865
2010   10  387.66087
2010   11  387.50886
2010   12  387.18962
2011    1  386.90827
2011    2  386.82268
2011    3  386.98217
2011    4  387.16148
2011    5  387.56576
2011    6  388.18043
2011    7  388.71972
2011    8  389.07543
2011    9  389.27412
2011   10  389.14138
2011   11  389.02252
2011   12  388.81440
2012    1  388.59225
2012    2  388.44836
2012    3  388.71504
2012    4  389.25017
2012    5  389.83684
2012    6  390.50178
2012    7  391.01930
2012    8  391.49282
2012    9  391.54405
2012   10  391.42172
2012   11  391.36282
2012   12  391.33345
2013    1  391.14724
2013    2  391.02716
2013    3  391.45761
2013    4  391.99472
2013    5  392.53620
2013    6  393.15189
2013    7  393.82707
2013    8  394.37838
2013    9  394.42925
2013   10  394.31825
2013   11  394.10722
2013   12  393.95681
2014    1  393.84863
2014    2  393.66630
2014    3  393.87267
2014    4  394.18100
2014    5  394.64407
2014    6  395.20249
2014    7  395.75467
2014    8  396.05747
2014    9  396.16972
2014   10  396.04673
2014   11  395.80135
2014   12  395.43264
2015    1  395.20534
2015    2  395.23814
2015    3  395.74757
2015    4  396.24292
2015    5  396.73501
2015    6  397.31630
2015    7  397.87308
2015    8  398.56316
2015    9  398.63627
2015   10  398.59497
2015   11  398.47201
2015   12  398.32859
2016    1  398.22349
2016    2  398.19843
2016    3  398.42972
2016    4  399.15842
2016    5  399.60502
2016    6  400.39280
2016    7  401.20847
2016    8  401.71310
2016    9  401.96269
2016   10  401.83731
2016   11  401.54892
2016   12  401.15436
2017    1  400.83629
2017    2  400.79054
2017    3  400.88972
2017    4  401.35114
2017    5  401.98237
2017    6  402.63275
2017    7  403.23357
2017    8  403.77842
2017    9  403.89595
2017   10  403.62991
2017   11  403.54350
2017   12  403.45715
