yy mm co2
2000    1  375.20449
2000    2  376.23892
2000    3  377.12921
2000    4  377.69531
2000    5  374.55064
2000    6  372.09329
2000    7  370.14554
2000    8  369.77220
2000    9  368.16997
2000   10  370.85408
2000   11  373.40837
2000   12  375.50254
2001    1  376.12594
2001    2  378.62165
2001    3  379.10373
2001    4  378.74942
2001    5  376.30583
2001    6  373.30645
2001    7  370.13891
2001    8  368.72597
2001    9  368.72784
2001   10  371.56450
2001   11  375.28775
2001   12  376.99554
2002    1  377.95669
2002    2  380.01587
2002    3  380.58430
2002    4  380.02266
2002    5  379.12841
2002    6  376.00883
2002    7  374.11237
2002    8  372.26026
2002    9  371.18891
2002   10  374.67849
2002   11  377.41387
2002   12  378.87791
2003    1  380.34678
2003    2  381.87220
2003    3  382.81141
2003    4  382.64671
2003    5  382.18859
2003    6  378.81438
2003    7  377.25375
2003    8  375.97059
2003    9  375.12276
2003   10  376.68282
2003   11  379.38540
2003   12  382.11272
2004    1  383.22568
2004    2  385.53975
2004    3  385.80550
2004    4  385.96930
2004    5  383.05882
2004    6  379.96253
2004    7  378.71354
2004    8  376.33700
2004    9  375.79768
2004   10  377.82869
2004   11  381.85870
2004   12  383.72012
2005    1  384.89222
2005    2  386.04371
2005    3  387.98293
2005    4  387.97356
2005    5  386.26685
2005    6  382.65891
2005    7  380.23581
2005    8  380.10202
2005    9  379.06031
2005   10  381.01763
2005   11  384.87895
2005   12  386.11441
2006    1  387.76803
2006    2  389.36234
2006    3  390.02829
2006    4  390.47195
2006    5  387.35068
2006    6  385.18920
2006    7  383.11383
2006    8  382.14715
2006    9  381.19085
2006   10  383.26264
2006   11  386.53146
2006   12  388.66673
2007    1  390.27142
2007    2  392.05721
2007    3  391.98191
2007    4  392.08218
2007    5  390.14692
2007    6  386.58557
2007    7  383.28025
2007    8  384.35933
2007    9  382.60652
2007   10  384.91725
2007   11  388.44277
2007   12  390.16220
2008    1  391.47594
2008    2  393.35655
2008    3  395.04934
2008    4  394.53723
2008    5  392.57505
2008    6  388.32103
2008    7  386.43563
2008    8  384.99283
2008    9  384.96449
2008   10  386.16976
2008   11  389.59918
2008   12  391.53601
2009    1  392.72432
2009    2  394.83284
2009    3  395.31567
2009    4  396.72220
2009    5  393.72387
2009    6  390.87405
2009    7  388.05534
2009    8  384.42525
2009    9  384.59827
2009   10  388.49603
2009   11  390.91651
2009   12  393.91406
2010    1  394.95551
2010    2  396.18529
2010    3  398.11817
2010    4  397.43294
2010    5  396.47121
2010    6  392.37022
2010    7  391.56017
2010    8  389.54811
2010    9  390.16828
2010   10  391.53668
2010   11  395.56049
2010   12  397.04554
2011    1  398.59946
2011    2  399.93806
2011    3  401.01822
2011    4  400.84912
2011    5  397.34904
2011    6  394.83260
2011    7  391.89437
2011    8  391.37620
2011    9  389.62302
2011   10  392.76227
2011   11  396.58014
2011   12  399.12746
2012    1  400.09312
2012    2  401.76703
2012    3  402.36636
2012    4  402.52614
2012    5  399.79085
2012    6  396.17450
2012    7  395.31349
2012    8  392.98029
2012    9  392.73154
2012   10  395.90316
2012   11  399.64335
2012   12  401.26330
2013    1  402.87169
2013    2  404.73996
2013    3  405.59121
2013    4  405.28335
2013    5  403.91466
2013    6  399.19440
2013    7  397.22741
2013    8  395.51620
2013    9  394.83234
2013   10  396.67747
2013   11  402.40103
2013   12  403.64434
2014    1  405.40847
2014    2  407.17344
2014    3  408.22296
2014    4  407.87799
2014    5  405.51316
2014    6  401.87675
2014    7  399.57528
2014    8  397.64907
2014    9  396.62365
2014   10  399.34006
2014   11  402.96046
2014   12  405.89843
2015    1  406.48706
2015    2  408.61778
2015    3  409.68019
2015    4  408.66548
2015    5  406.30533
2015    6  403.64676
2015    7  402.08883
2015    8  401.06697
2015    9  398.52908
2015   10  402.45955
2015   11  405.54046
2015   12  409.46115
2016    1  410.37169
2016    2  412.22115
2016    3  413.49066
2016    4  412.03626
2016    5  409.53525
2016    6  406.44308
2016    7  405.69759
2016    8  402.69873
2016    9  402.69870
2016   10  405.85315
2016   11  410.20097
2016   12  411.96984
2017    1  413.82958
2017    2  414.97036
2017    3  416.49930
2017    4  416.13504
2017    5  414.09011
2017    6  409.00201
2017    7  408.48699
2017    8  407.44414
2017    9  405.24840
2017   10  407.68346
2017   11  412.12785
2017   12  414.40484
