yy mm co2
2000    1  365.93986
2000    2  365.98922
2000    3  366.25937
2000    4  366.70233
2000    5  367.07876
2000    6  367.35999
2000    7  367.88211
2000    8  368.04620
2000    9  368.14183
2000   10  367.99940
2000   11  367.72920
2000   12  367.54558
2001    1  367.36482
2001    2  367.27605
2001    3  367.29485
2001    4  367.57364
2001    5  368.35673
2001    6  368.62795
2001    7  369.13046
2001    8  369.53844
2001    9  369.77293
2001   10  369.69737
2001   11  369.64557
2001   12  369.46154
2002    1  369.33261
2002    2  369.22281
2002    3  369.43599
2002    4  369.67301
2002    5  369.95311
2002    6  370.52354
2002    7  371.48199
2002    8  371.70778
2002    9  372.04725
2002   10  371.97329
2002   11  371.87306
2002   12  371.85111
2003    1  371.61860
2003    2  371.55324
2003    3  371.78950
2003    4  372.19704
2003    5  372.72638
2003    6  373.07866
2003    7  373.58882
2003    8  374.23774
2003    9  374.34598
2003   10  374.19214
2003   11  373.94534
2003   12  373.77980
2004    1  373.49088
2004    2  373.54493
2004    3  373.86088
2004    4  374.26027
2004    5  374.79881
2004    6  375.24404
2004    7  375.82149
2004    8  376.13846
2004    9  376.13022
2004   10  375.86506
2004   11  375.47885
2004   12  375.38144
2005    1  375.18839
2005    2  375.01633
2005    3  375.34625
2005    4  375.90085
2005    5  376.62999
2005    6  377.10078
2005    7  377.73454
2005    8  378.18612
2005    9  378.40600
2005   10  378.25602
2005   11  377.97695
2005   12  377.74723
2006    1  377.43614
2006    2  377.43908
2006    3  377.82959
2006    4  378.35891
2006    5  379.17911
2006    6  379.28153
2006    7  379.55493
2006    8  379.74273
2006    9  379.76279
2006   10  379.70746
2006   11  379.51421
2006   12  379.16540
2007    1  379.10524
2007    2  379.27783
2007    3  379.49806
2007    4  379.83639
2007    5  380.29303
2007    6  380.80855
2007    7  381.38195
2007    8  381.71312
2007    9  382.01516
2007   10  382.03335
2007   11  381.68245
2007   12  381.40692
2008    1  381.42677
2008    2  381.41318
2008    3  381.72441
2008    4  382.07081
2008    5  382.49529
2008    6  383.09966
2008    7  383.50327
2008    8  383.58296
2008    9  383.84719
2008   10  383.67853
2008   11  383.38199
2008   12  383.32789
2009    1  382.90676
2009    2  382.96863
2009    3  383.32184
2009    4  383.54754
2009    5  383.89937
2009    6  384.23116
2009    7  384.95092
2009    8  385.40471
2009    9  385.33116
2009   10  385.28722
2009   11  385.22764
2009   12  384.74012
2010    1  384.72182
2010    2  384.35683
2010    3  384.63765
2010    4  385.13495
2010    5  385.63847
2010    6  386.32468
2010    7  387.00932
2010    8  387.61258
2010    9  387.71314
2010   10  387.59867
2010   11  387.33124
2010   12  387.02201
2011    1  386.72955
2011    2  386.67151
2011    3  386.97018
2011    4  387.31858
2011    5  387.80298
2011    6  388.21631
2011    7  388.72624
2011    8  389.06001
2011    9  389.25238
2011   10  389.08276
2011   11  388.97028
2011   12  388.84129
2012    1  388.54106
2012    2  388.42647
2012    3  388.74141
2012    4  389.19505
2012    5  389.79232
2012    6  390.26092
2012    7  391.10240
2012    8  391.51765
2012    9  391.53543
2012   10  391.46506
2012   11  391.28805
2012   12  391.38386
2013    1  390.98135
2013    2  391.18470
2013    3  391.44137
2013    4  392.08346
2013    5  392.62467
2013    6  393.05957
2013    7  393.84761
2013    8  394.29785
2013    9  394.37722
2013   10  394.26720
2013   11  394.07104
2013   12  393.97093
2014    1  393.69278
2014    2  393.49784
2014    3  393.75431
2014    4  394.52527
2014    5  394.97743
2014    6  395.25368
2014    7  395.82170
2014    8  396.18579
2014    9  396.37141
2014   10  396.03186
2014   11  395.75080
2014   12  395.34454
2015    1  395.19899
2015    2  395.40639
2015    3  395.79262
2015    4  396.16731
2015    5  396.98512
2015    6  397.28769
2015    7  397.92425
2015    8  398.50720
2015    9  398.57975
2015   10  398.55874
2015   11  398.41587
2015   12  398.47207
2016    1  398.23557
2016    2  398.35917
2016    3  398.66057
2016    4  399.02184
2016    5  399.76224
2016    6  400.37182
2016    7  401.30760
2016    8  401.73859
2016    9  401.98959
2016   10  401.88435
2016   11  401.52331
2016   12  401.02881
2017    1  400.81821
2017    2  400.78588
2017    3  400.96696
2017    4  401.37835
2017    5  402.18473
2017    6  402.60833
2017    7  403.33485
2017    8  403.84979
2017    9  403.80974
2017   10  403.66611
2017   11  403.51143
2017   12  403.40587
