yy mm co2
2000    1  378.88036
2000    2  377.43227
2000    3  377.96077
2000    4  377.03151
2000    5  378.97596
2000    6  371.76962
2000    7  372.26701
2000    8  349.87443
2000    9  360.54471
2000   10  389.84398
2000   11  381.10797
2000   12  381.37645
2001    1  380.33095
2001    2  378.49869
2001    3  377.81490
2001    4  376.90319
2001    5  377.68565
2001    6  377.02144
2001    7  368.31753
2001    8  368.79501
2001    9  368.06174
2001   10  375.50388
2001   11  375.69928
2001   12  380.26622
2002    1  378.86010
2002    2  380.32656
2002    3  380.41023
2002    4  378.87556
2002    5  380.23785
2002    6  376.11776
2002    7  375.70321
2002    8  375.14593
2002    9  373.84694
2002   10  381.02362
2002   11  390.03789
2002   12  380.11337
2003    1  380.72051
2003    2  380.35671
2003    3  380.82252
2003    4  380.65962
2003    5  378.81557
2003    6  378.87768
2003    7  372.75540
2003    8  379.82402
2003    9  378.66918
2003   10  378.53452
2003   11  377.79220
2003   12  383.69879
2004    1  382.40346
2004    2  382.95190
2004    3  381.46385
2004    4  383.81657
2004    5  383.95831
2004    6  381.78719
2004    7  377.41114
2004    8  376.64216
2004    9  377.77729
2004   10  396.43882
2004   11  398.32306
2004   12  384.74638
2005    1  392.22266
2005    2  386.70268
2005    3  386.92978
2005    4  385.89482
2005    5  382.32777
2005    6  382.76552
2005    7  381.22843
2005    8  373.52205
2005    9  380.93928
2005   10  392.23477
2005   11  395.20254
2005   12  384.82004
2006    1  388.70450
2006    2  387.51165
2006    3  383.36226
2006    4  386.10786
2006    5  388.19478
2006    6  383.64105
2006    7  383.45641
2006    8  375.32946
2006    9  362.03797
2006   10  375.22713
2006   11  389.94761
2006   12  392.14306
2007    1  388.21567
2007    2  392.48797
2007    3  388.88041
2007    4  393.43903
2007    5  389.77989
2007    6  385.63347
2007    7  382.86729
2007    8  376.56256
2007    9  364.67079
2007   10  383.22440
2007   11  397.09141
2007   12  388.56405
2008    1  390.70984
2008    2  390.92611
2008    3  390.75149
2008    4  394.22832
2008    5  392.20240
2008    6  391.79935
2008    7  386.55792
2008    8  366.38044
2008    9  392.74496
2008   10  387.52664
2008   11  404.54583
2008   12  409.24796
2009    1  388.44187
2009    2  393.52212
2009    3  392.91379
2009    4  394.59937
2009    5  394.68918
2009    6  387.78750
2009    7  387.21360
2009    8  388.28445
2009    9  387.54419
2009   10  394.43854
2009   11  392.81926
2009   12  397.05387
2010    1  397.04918
2010    2  395.98241
2010    3  395.38526
2010    4  395.45004
2010    5  396.02042
2010    6  392.50392
2010    7  387.64972
2010    8  385.24417
2010    9  391.53572
2010   10  409.03699
2010   11  404.42360
2010   12  394.62812
2011    1  397.29883
2011    2  397.31505
2011    3  398.17757
2011    4  399.22312
2011    5  398.93916
2011    6  396.36772
2011    7  393.07465
2011    8  384.50357
2011    9  394.26945
2011   10  412.78242
2011   11  400.20698
2011   12  400.93035
2012    1  398.30693
2012    2  400.35209
2012    3  401.12121
2012    4  403.43235
2012    5  399.50848
2012    6  398.66604
2012    7  393.85463
2012    8  398.02821
2012    9  404.04501
2012   10  405.03440
2012   11  410.84745
2012   12  402.04180
2013    1  404.77398
2013    2  402.11258
2013    3  404.61475
2013    4  404.66664
2013    5  404.03078
2013    6  402.06540
2013    7  392.14984
2013    8  400.72887
2013    9  412.67436
2013   10  426.34353
2013   11  409.72047
2013   12  406.38234
2014    1  408.11079
2014    2  406.46736
2014    3  404.83262
2014    4  403.04984
2014    5  405.91095
2014    6  405.77864
2014    7  400.66769
2014    8  395.25377
2014    9  399.82740
2014   10  443.13815
2014   11  421.64777
2014   12  403.44949
2015    1  415.28951
2015    2  405.00305
2015    3  406.56715
2015    4  407.07836
2015    5  405.95638
2015    6  403.27458
2015    7  398.91319
2015    8  401.15626
2015    9  432.46979
2015   10  436.81130
2015   11  415.39592
2015   12  410.08752
2016    1  412.18681
2016    2  410.38721
2016    3  409.16068
2016    4  410.80409
2016    5  410.42943
2016    6  406.75365
2016    7  402.04692
2016    8  401.59863
2016    9  414.46387
2016   10  420.29761
2016   11  411.70217
2016   12  411.54024
2017    1  413.32108
2017    2  412.60064
2017    3  414.39509
2017    4  414.60784
2017    5  413.24904
2017    6  411.11824
2017    7  406.36270
2017    8  405.41420
2017    9  393.24487
2017   10  417.38333
2017   11  414.37190
2017   12  424.49406
