yy mm co2
2000    1  378.04677
2000    2  377.83381
2000    3  377.55838
2000    4  376.27618
2000    5  376.90092
2000    6  373.20252
2000    7  370.77389
2000    8  367.11519
2000    9  368.44891
2000   10  375.86884
2000   11  377.41772
2000   12  377.00019
2001    1  378.38297
2001    2  379.32501
2001    3  377.52913
2001    4  377.40954
2001    5  374.91665
2001    6  375.06170
2001    7  374.23227
2001    8  371.54369
2001    9  371.35082
2001   10  377.35215
2001   11  378.93714
2001   12  381.46516
2002    1  381.72022
2002    2  380.24297
2002    3  380.73314
2002    4  380.93855
2002    5  379.37282
2002    6  377.63073
2002    7  376.34806
2002    8  373.56099
2002    9  377.16050
2002   10  377.74193
2002   11  381.23471
2002   12  381.30427
2003    1  381.91053
2003    2  381.87025
2003    3  384.48122
2003    4  382.99430
2003    5  382.02308
2003    6  379.22041
2003    7  376.52248
2003    8  370.88586
2003    9  378.21475
2003   10  381.78902
2003   11  384.97034
2003   12  385.05037
2004    1  386.53763
2004    2  385.85503
2004    3  386.88525
2004    4  384.74571
2004    5  384.21253
2004    6  380.81885
2004    7  377.29545
2004    8  375.73968
2004    9  375.29907
2004   10  382.29401
2004   11  384.67167
2004   12  386.56523
2005    1  387.12582
2005    2  387.48723
2005    3  386.52620
2005    4  386.01525
2005    5  386.40815
2005    6  383.58587
2005    7  380.36067
2005    8  375.76145
2005    9  382.81397
2005   10  384.41175
2005   11  387.99376
2005   12  388.85244
2006    1  391.41712
2006    2  389.80844
2006    3  389.33245
2006    4  387.73436
2006    5  389.30145
2006    6  391.84303
2006    7  391.47597
2006    8  384.63195
2006    9  381.64895
2006   10  386.15064
2006   11  390.37349
2006   12  390.42748
2007    1  391.44891
2007    2  390.46648
2007    3  391.39396
2007    4  390.04092
2007    5  388.25176
2007    6  386.59282
2007    7  382.33612
2007    8  386.45550
2007    9  380.19411
2007   10  390.30772
2007   11  390.28018
2007   12  393.08614
2008    1  394.62169
2008    2  394.28979
2008    3  393.76828
2008    4  393.26018
2008    5  391.85511
2008    6  388.09396
2008    7  384.32796
2008    8  382.20445
2008    9  384.64234
2008   10  388.91667
2008   11  392.05182
2008   12  394.23213
2009    1  396.34740
2009    2  394.70423
2009    3  395.45065
2009    4  394.30612
2009    5  393.52558
2009    6  389.80250
2009    7  384.19830
2009    8  377.02272
2009    9  384.24120
2009   10  391.15860
2009   11  395.92441
2009   12  394.33429
2010    1  394.82125
2010    2  393.35637
2010    3  395.67272
2010    4  396.14565
2010    5  395.69763
2010    6  393.35244
2010    7  386.35262
2010    8  389.48472
2010    9  389.81071
2010   10  393.76464
2010   11  398.87946
2010   12  399.06331
2011    1  400.57060
2011    2  399.67033
2011    3  400.24164
2011    4  399.09224
2011    5  397.49712
2011    6  398.36121
2011    7  395.62362
2011    8  391.58284
2011    9  389.81094
2011   10  398.51491
2011   11  400.40663
2011   12  401.29389
2012    1  401.67657
2012    2  402.04718
2012    3  401.87416
2012    4  400.09970
2012    5  398.81546
2012    6  398.19916
2012    7  392.45086
2012    8  391.48875
2012    9  394.14645
2012   10  400.14629
2012   11  402.34459
2012   12  404.84848
2013    1  404.52069
2013    2  405.61595
2013    3  403.35555
2013    4  403.89685
2013    5  401.62334
2013    6  400.62587
2013    7  393.97186
2013    8  397.85646
2013    9  394.83747
2013   10  402.52859
2013   11  403.61128
2013   12  406.34774
2014    1  405.61787
2014    2  406.49748
2014    3  406.66343
2014    4  405.87675
2014    5  404.89927
2014    6  399.57490
2014    7  393.64482
2014    8  403.06197
2014    9  397.66336
2014   10  401.97655
2014   11  405.44872
2014   12  409.23725
2015    1  408.44243
2015    2  408.61004
2015    3  408.54086
2015    4  407.45258
2015    5  407.05287
2015    6  402.61101
2015    7  395.70779
2015    8  400.66335
2015    9  403.99356
2015   10  404.08288
2015   11  412.85536
2015   12  413.77984
2016    1  411.96548
2016    2  411.72540
2016    3  413.53737
2016    4  411.06425
2016    5  407.47380
2016    6  406.12428
2016    7  398.91645
2016    8  396.06809
2016    9  399.23380
2016   10  409.36080
2016   11  413.48915
2016   12  412.69572
2017    1  414.83477
2017    2  415.29836
2017    3  415.14949
2017    4  413.18929
2017    5  411.76536
2017    6  412.61408
2017    7  417.66459
2017    8  412.42974
2017    9  412.81895
2017   10  411.73378
2017   11  413.95513
2017   12  417.04238
