yy mm co2
2000    1  374.98394
2000    2  376.75313
2000    3  376.69219
2000    4  375.25632
2000    5  375.02585
2000    6  374.00110
2000    7  368.92059
2000    8  373.85634
2000    9  367.14104
2000   10  368.66075
2000   11  371.47116
2000   12  373.00563
2001    1  374.15043
2001    2  377.10837
2001    3  375.86104
2001    4  377.85535
2001    5  374.01362
2001    6  371.50932
2001    7  368.16398
2001    8  368.60252
2001    9  367.30690
2001   10  371.28915
2001   11  373.32880
2001   12  375.99349
2002    1  377.08448
2002    2  377.47127
2002    3  378.47826
2002    4  379.45664
2002    5  378.02267
2002    6  379.73249
2002    7  373.78501
2002    8  371.17550
2002    9  369.92226
2002   10  373.31917
2002   11  374.86039
2002   12  378.16845
2003    1  378.89919
2003    2  381.20098
2003    3  383.21762
2003    4  382.41275
2003    5  381.38955
2003    6  376.26576
2003    7  376.36331
2003    8  372.86160
2003    9  373.52974
2003   10  374.70277
2003   11  378.06566
2003   12  380.22728
2004    1  381.96932
2004    2  382.77154
2004    3  384.28104
2004    4  383.22422
2004    5  381.74048
2004    6  383.09451
2004    7  381.09435
2004    8  376.85217
2004    9  375.15105
2004   10  378.69465
2004   11  379.67673
2004   12  381.13972
2005    1  384.05831
2005    2  385.55812
2005    3  385.45945
2005    4  386.14610
2005    5  385.22918
2005    6  384.54487
2005    7  379.29439
2005    8  375.65443
2005    9  378.92818
2005   10  379.30181
2005   11  382.49869
2005   12  384.17094
2006    1  386.80533
2006    2  388.33002
2006    3  388.36544
2006    4  388.45354
2006    5  388.61460
2006    6  385.95535
2006    7  379.07297
2006    8  379.56325
2006    9  376.73206
2006   10  382.69733
2006   11  384.08034
2006   12  386.11377
2007    1  387.68939
2007    2  388.44784
2007    3  389.32011
2007    4  389.43658
2007    5  386.76403
2007    6  385.93926
2007    7  382.21385
2007    8  381.34382
2007    9  379.87318
2007   10  383.66602
2007   11  386.47302
2007   12  388.44973
2008    1  390.20940
2008    2  390.94762
2008    3  391.48185
2008    4  392.90549
2008    5  391.31843
2008    6  391.70875
2008    7  389.10087
2008    8  392.56571
2008    9  387.37498
2008   10  384.40371
2008   11  386.99078
2008   12  390.28013
2009    1  390.74654
2009    2  393.06554
2009    3  393.91860
2009    4  393.15334
2009    5  394.76520
2009    6  395.32661
2009    7  392.44769
2009    8  384.70427
2009    9  383.07250
2009   10  387.23537
2009   11  389.45026
2009   12  392.07307
2010    1  394.67707
2010    2  394.96890
2010    3  395.35668
2010    4  396.25957
2010    5  391.55869
2010    6  389.64362
2010    7  389.70684
2010    8  392.33861
2010    9  386.25952
2010   10  389.59671
2010   11  391.95005
2010   12  395.71468
2011    1  396.56300
2011    2  398.10941
2011    3  398.74329
2011    4  400.33655
2011    5  394.18545
2011    6  397.66752
2011    7  391.33860
2011    8  381.10977
2011    9  387.38147
2011   10  390.42812
2011   11  394.17556
2011   12  396.22455
2012    1  397.67742
2012    2  399.94912
2012    3  400.48393
2012    4  399.61608
2012    5  398.27320
2012    6  389.68166
2012    7  393.03856
2012    8  393.67925
2012    9  391.79745
2012   10  392.89703
2012   11  396.29039
2012   12  399.84845
2013    1  401.09438
2013    2  402.52926
2013    3  402.16101
2013    4  403.12039
2013    5  400.45977
2013    6  396.37450
2013    7  389.58888
2013    8  389.97122
2013    9  393.13664
2013   10  396.06262
2013   11  399.45610
2013   12  401.72631
2014    1  402.42964
2014    2  403.35214
2014    3  405.38143
2014    4  404.39490
2014    5  402.60644
2014    6  396.42007
2014    7  396.28649
2014    8  389.08151
2014    9  397.95530
2014   10  398.56086
2014   11  400.69525
2014   12  403.89664
2015    1  404.22188
2015    2  405.44145
2015    3  406.97734
2015    4  406.35496
2015    5  404.72570
2015    6  399.04148
2015    7  393.31734
2015    8  398.35338
2015    9  398.44238
2015   10  400.57441
2015   11  404.27345
2015   12  405.77739
2016    1  407.45543
2016    2  407.64248
2016    3  409.64279
2016    4  409.69020
2016    5  406.21433
2016    6  404.64365
2016    7  408.61292
2016    8  401.65483
2016    9  400.77206
2016   10  403.91402
2016   11  406.01089
2016   12  409.58897
2017    1  410.82906
2017    2  411.85095
2017    3  413.43117
2017    4  413.52902
2017    5  411.47674
2017    6  410.97970
2017    7  404.28262
2017    8  394.90007
2017    9  400.94455
2017   10  405.96805
2017   11  408.37485
2017   12  411.08378
