yy mm co2
2000    1  374.97541
2000    2  375.76107
2000    3  377.44388
2000    4  378.04028
2000    5  375.52897
2000    6  372.45080
2000    7  370.67881
2000    8  369.00039
2000    9  368.25720
2000   10  371.18469
2000   11  373.85200
2000   12  375.19727
2001    1  375.93057
2001    2  378.10966
2001    3  380.03409
2001    4  379.94067
2001    5  377.01728
2001    6  373.05406
2001    7  370.75506
2001    8  366.97299
2001    9  368.70915
2001   10  373.02918
2001   11  375.31779
2001   12  376.28226
2002    1  378.13550
2002    2  379.57804
2002    3  380.34789
2002    4  380.73558
2002    5  379.71279
2002    6  376.60217
2002    7  374.72957
2002    8  371.95333
2002    9  371.90394
2002   10  374.89951
2002   11  377.15069
2002   12  378.48201
2003    1  380.03043
2003    2  381.79738
2003    3  383.52041
2003    4  384.98561
2003    5  383.87609
2003    6  378.94523
2003    7  377.17752
2003    8  374.86496
2003    9  375.36625
2003   10  377.53355
2003   11  380.15249
2003   12  382.26601
2004    1  382.70664
2004    2  385.05014
2004    3  386.02814
2004    4  386.62116
2004    5  383.44454
2004    6  381.37258
2004    7  379.04995
2004    8  377.11821
2004    9  376.17664
2004   10  379.21840
2004   11  382.54805
2004   12  383.67021
2005    1  384.47563
2005    2  385.84700
2005    3  387.62070
2005    4  388.17601
2005    5  387.67123
2005    6  383.21907
2005    7  381.63509
2005    8  379.29523
2005    9  379.50935
2005   10  382.45547
2005   11  384.31076
2005   12  386.07148
2006    1  388.64769
2006    2  390.24238
2006    3  390.91177
2006    4  391.45988
2006    5  389.55588
2006    6  386.36013
2006    7  382.93330
2006    8  382.73103
2006    9  381.13852
2006   10  386.77751
2006   11  387.41605
2006   12  388.60989
2007    1  390.50623
2007    2  392.42927
2007    3  392.04571
2007    4  394.04468
2007    5  391.70403
2007    6  387.35935
2007    7  385.08524
2007    8  383.82906
2007    9  383.38901
2007   10  386.27940
2007   11  388.80936
2007   12  389.99724
2008    1  392.23692
2008    2  393.77130
2008    3  396.73172
2008    4  396.99001
2008    5  393.55189
2008    6  389.60562
2008    7  386.99107
2008    8  384.55904
2008    9  385.34089
2008   10  387.76398
2008   11  390.85420
2008   12  392.41405
2009    1  392.89490
2009    2  396.97762
2009    3  396.11361
2009    4  399.98154
2009    5  395.84437
2009    6  391.84443
2009    7  387.56087
2009    8  385.08989
2009    9  385.59132
2009   10  389.70151
2009   11  391.30327
2009   12  394.78502
2010    1  395.35583
2010    2  397.02031
2010    3  399.09183
2010    4  398.90324
2010    5  398.16214
2010    6  394.42562
2010    7  391.58718
2010    8  390.49838
2010    9  389.54377
2010   10  392.91594
2010   11  396.19196
2010   12  397.33766
2011    1  397.78854
2011    2  402.60545
2011    3  401.24726
2011    4  402.48310
2011    5  398.97583
2011    6  395.19774
2011    7  393.21533
2011    8  391.59684
2011    9  390.22890
2011   10  394.68645
2011   11  397.03498
2011   12  398.80356
2012    1  400.34205
2012    2  402.03385
2012    3  404.43148
2012    4  403.88512
2012    5  403.86888
2012    6  399.07111
2012    7  395.81073
2012    8  393.80961
2012    9  393.74075
2012   10  397.55178
2012   11  400.38209
2012   12  401.76007
2013    1  403.59527
2013    2  405.65321
2013    3  408.19700
2013    4  407.16928
2013    5  406.65659
2013    6  402.16721
2013    7  399.21020
2013    8  397.42471
2013    9  394.58572
2013   10  398.74940
2013   11  403.07845
2013   12  404.28370
2014    1  406.43368
2014    2  408.56880
2014    3  409.87518
2014    4  410.43261
2014    5  407.82313
2014    6  403.87406
2014    7  399.76547
2014    8  398.09325
2014    9  398.61837
2014   10  400.39804
2014   11  404.13285
2014   12  405.64779
2015    1  407.76806
2015    2  410.12283
2015    3  411.65578
2015    4  412.16923
2015    5  409.79634
2015    6  405.74247
2015    7  402.34774
2015    8  400.37479
2015    9  399.32813
2015   10  405.25844
2015   11  407.72089
2015   12  410.81576
2016    1  411.19405
2016    2  412.19837
2016    3  414.53054
2016    4  415.96391
2016    5  413.42576
2016    6  407.84868
2016    7  405.23792
2016    8  403.34661
2016    9  403.56431
2016   10  407.62257
2016   11  411.40488
2016   12  412.42337
2017    1  414.68823
2017    2  415.90666
2017    3  418.08886
2017    4  418.72394
2017    5  414.65470
2017    6  410.89047
2017    7  410.63112
2017    8  406.03231
2017    9  405.89136
2017   10  409.56130
2017   11  412.71307
2017   12  414.55741
