yy mm co2
2000    1  372.96221
2000    2  374.15099
2000    3  374.91581
2000    4  374.91610
2000    5  373.25459
2000    6  371.74585
2000    7  370.23451
2000    8  369.24166
2000    9  367.66092
2000   10  368.65991
2000   11  370.95320
2000   12  373.46652
2001    1  374.59043
2001    2  375.61965
2001    3  376.82857
2001    4  376.38322
2001    5  374.11915
2001    6  372.55284
2001    7  371.14476
2001    8  369.08174
2001    9  368.97941
2001   10  371.17032
2001   11  373.39682
2001   12  375.13976
2002    1  376.50170
2002    2  377.47991
2002    3  377.27988
2002    4  377.43233
2002    5  376.30397
2002    6  374.51950
2002    7  373.77659
2002    8  371.96086
2002    9  371.27477
2002   10  372.99964
2002   11  375.36732
2002   12  376.84388
2003    1  378.62221
2003    2  379.64963
2003    3  381.18300
2003    4  380.07039
2003    5  379.83109
2003    6  377.46190
2003    7  377.19973
2003    8  375.49378
2003    9  374.43146
2003   10  375.63397
2003   11  377.18221
2003   12  380.32405
2004    1  381.64301
2004    2  382.65323
2004    3  384.22536
2004    4  383.81104
2004    5  380.53730
2004    6  379.05027
2004    7  378.01932
2004    8  376.87243
2004    9  375.90828
2004   10  377.33663
2004   11  379.73808
2004   12  381.50896
2005    1  383.87359
2005    2  384.66888
2005    3  385.64828
2005    4  385.03591
2005    5  382.86031
2005    6  381.47307
2005    7  380.89522
2005    8  379.37332
2005    9  378.30477
2005   10  379.49791
2005   11  382.82419
2005   12  384.44326
2006    1  386.15084
2006    2  387.54972
2006    3  388.03293
2006    4  387.96544
2006    5  385.43492
2006    6  383.98622
2006    7  382.61918
2006    8  381.52668
2006    9  380.72732
2006   10  382.17520
2006   11  384.71210
2006   12  386.33894
2007    1  388.37400
2007    2  388.62752
2007    3  389.74453
2007    4  389.95955
2007    5  388.82811
2007    6  385.95195
2007    7  384.60514
2007    8  383.04392
2007    9  382.18359
2007   10  384.13994
2007   11  386.08743
2007   12  388.70954
2008    1  390.44605
2008    2  391.85651
2008    3  392.99438
2008    4  393.33376
2008    5  390.21138
2008    6  388.15415
2008    7  386.63749
2008    8  385.41175
2008    9  384.88867
2008   10  385.26102
2008   11  387.98343
2008   12  389.64738
2009    1  391.09553
2009    2  393.34141
2009    3  393.43582
2009    4  393.46333
2009    5  392.18538
2009    6  389.16079
2009    7  388.08788
2009    8  385.79103
2009    9  384.79397
2009   10  387.00161
2009   11  389.62715
2009   12  393.43184
2010    1  393.86138
2010    2  394.55836
2010    3  395.67525
2010    4  396.04260
2010    5  394.23260
2010    6  392.31713
2010    7  390.75440
2010    8  389.09022
2010    9  388.40706
2010   10  390.01906
2010   11  392.88934
2010   12  395.79405
2011    1  396.87954
2011    2  398.97414
2011    3  399.71215
2011    4  399.76503
2011    5  395.79993
2011    6  394.00312
2011    7  392.34853
2011    8  390.84579
2011    9  389.25887
2011   10  391.74530
2011   11  393.83746
2011   12  396.65072
2012    1  399.17143
2012    2  399.76550
2012    3  400.71143
2012    4  399.61078
2012    5  397.94258
2012    6  395.20985
2012    7  394.73874
2012    8  393.07811
2012    9  392.08523
2012   10  394.77728
2012   11  398.96372
2012   12  400.08378
2013    1  401.78717
2013    2  402.84847
2013    3  402.53196
2013    4  403.49303
2013    5  400.93786
2013    6  398.78441
2013    7  397.67631
2013    8  396.40890
2013    9  394.16450
2013   10  396.48564
2013   11  400.31510
2013   12  402.48159
2014    1  403.49140
2014    2  404.66691
2014    3  405.66956
2014    4  405.76587
2014    5  403.18430
2014    6  400.54071
2014    7  399.41201
2014    8  398.17125
2014    9  397.79770
2014   10  398.76797
2014   11  401.45387
2014   12  404.39155
2015    1  405.97015
2015    2  407.46771
2015    3  408.10270
2015    4  407.22339
2015    5  404.50488
2015    6  403.02146
2015    7  401.09703
2015    8  400.44240
2015    9  398.64818
2015   10  401.89875
2015   11  403.66568
2015   12  407.89510
2016    1  409.00349
2016    2  410.30216
2016    3  410.85045
2016    4  409.29121
2016    5  407.36308
2016    6  405.91406
2016    7  404.77456
2016    8  402.45950
2016    9  402.22934
2016   10  403.70584
2016   11  408.16754
2016   12  409.99590
2017    1  412.91045
2017    2  413.64331
2017    3  415.63984
2017    4  413.75324
2017    5  410.93453
2017    6  408.90556
2017    7  408.03340
2017    8  406.53176
2017    9  405.22733
2017   10  406.30667
2017   11  409.74718
2017   12  412.53891
