yy mm co2
2000    1  379.58546
2000    2  379.23414
2000    3  383.06994
2000    4  381.29711
2000    5  378.91127
2000    6  374.57180
2000    7  373.73352
2000    8  372.05452
2000    9  371.51840
2000   10  372.75508
2000   11  376.42062
2000   12  380.77572
2001    1  381.71085
2001    2  383.21238
2001    3  383.60487
2001    4  381.67578
2001    5  378.68205
2001    6  375.59291
2001    7  374.88792
2001    8  375.53857
2001    9  375.18013
2001   10  375.87335
2001   11  377.81944
2001   12  382.33498
2002    1  383.71590
2002    2  384.40383
2002    3  383.74049
2002    4  381.31463
2002    5  380.12816
2002    6  377.43413
2002    7  376.57766
2002    8  377.07915
2002    9  374.82503
2002   10  378.92594
2002   11  381.27956
2002   12  384.39507
2003    1  384.61754
2003    2  387.36800
2003    3  387.26910
2003    4  386.17145
2003    5  384.48398
2003    6  381.52427
2003    7  380.48931
2003    8  378.49377
2003    9  380.91821
2003   10  381.93027
2003   11  384.52263
2003   12  387.29032
2004    1  390.64637
2004    2  393.34907
2004    3  394.24899
2004    4  391.70706
2004    5  387.94399
2004    6  385.13323
2004    7  382.34398
2004    8  385.09420
2004    9  384.67933
2004   10  384.32400
2004   11  387.20039
2004   12  389.83449
2005    1  395.07452
2005    2  394.97891
2005    3  394.91587
2005    4  394.88258
2005    5  387.54454
2005    6  384.98009
2005    7  387.72658
2005    8  385.78740
2005    9  390.16939
2005   10  388.29830
2005   11  394.22596
2005   12  392.36806
2006    1  398.69189
2006    2  398.61299
2006    3  400.08104
2006    4  395.13843
2006    5  392.42176
2006    6  389.59301
2006    7  388.82924
2006    8  389.70093
2006    9  388.33843
2006   10  394.78482
2006   11  395.07600
2006   12  394.62681
2007    1  399.24515
2007    2  400.52790
2007    3  399.20805
2007    4  398.34317
2007    5  397.39453
2007    6  392.42103
2007    7  391.55426
2007    8  390.45257
2007    9  391.59288
2007   10  392.08229
2007   11  392.81097
2007   12  401.11813
2008    1  402.88494
2008    2  402.46520
2008    3  408.14345
2008    4  403.36620
2008    5  397.66124
2008    6  393.48149
2008    7  393.79051
2008    8  396.25322
2008    9  395.61870
2008   10  395.59262
2008   11  397.48775
2008   12  401.04904
2009    1  402.85723
2009    2  404.99604
2009    3  405.56033
2009    4  403.10522
2009    5  401.59959
2009    6  395.98055
2009    7  396.47927
2009    8  399.54492
2009    9  393.98405
2009   10  397.17485
2009   11  403.11704
2009   12  405.54343
2010    1  405.32619
2010    2  404.77072
2010    3  407.96644
2010    4  406.13321
2010    5  402.02134
2010    6  398.63563
2010    7  396.80471
2010    8  400.83894
2010    9  400.03035
2010   10  397.43906
2010   11  402.99667
2010   12  408.30011
2011    1  406.42355
2011    2  417.35606
2011    3  411.08875
2011    4  411.92886
2011    5  405.30378
2011    6  400.21713
2011    7  401.08510
2011    8  403.92095
2011    9  400.04295
2011   10  400.80072
2011   11  405.14505
2011   12  405.93607
2012    1  413.30434
2012    2  412.98105
2012    3  413.56619
2012    4  408.56106
2012    5  405.27011
2012    6  403.48226
2012    7  403.43672
2012    8  405.91959
2012    9  402.21593
2012   10  405.60312
2012   11  410.61535
2012   12  411.71905
2013    1  416.09228
2013    2  417.90251
2013    3  416.97852
2013    4  414.89617
2013    5  408.51880
2013    6  405.37096
2013    7  403.25115
2013    8  404.24024
2013    9  403.21631
2013   10  405.95626
2013   11  409.91631
2013   12  413.91313
2014    1  417.49133
2014    2  418.33552
2014    3  418.64731
2014    4  417.82230
2014    5  412.20596
2014    6  408.56953
2014    7  409.62486
2014    8  410.52961
2014    9  413.42611
2014   10  408.58352
2014   11  413.46074
2014   12  413.02975
2015    1  417.74331
2015    2  422.01695
2015    3  420.72867
2015    4  418.15644
2015    5  411.58631
2015    6  410.02923
2015    7  409.45839
2015    8  412.00241
2015    9  411.56349
2015   10  412.09022
2015   11  417.26779
2015   12  421.13150
2016    1  421.86028
2016    2  420.47573
2016    3  424.77011
2016    4  419.27290
2016    5  416.50078
2016    6  411.88716
2016    7  414.07740
2016    8  417.52774
2016    9  414.35935
2016   10  417.46738
2016   11  423.16044
2016   12  423.44216
2017    1  428.85513
2017    2  427.40704
2017    3  428.50908
2017    4  426.42729
2017    5  424.67509
2017    6  415.51844
2017    7  415.69333
2017    8  417.96945
2017    9  420.98982
2017   10  416.25314
2017   11  423.71222
2017   12  425.05036
