yy mm co2
2000    1  392.07545
2000    2  402.46508
2000    3  404.65448
2000    4  385.76568
2000    5  381.96854
2000    6  380.21419
2000    7  371.22465
2000    8  378.42512
2000    9  378.97352
2000   10  380.32621
2000   11  383.30536
2000   12  403.51404
2001    1  388.51963
2001    2  383.74099
2001    3  380.43311
2001    4  386.82326
2001    5  377.50506
2001    6  369.16169
2001    7  370.78396
2001    8  368.62720
2001    9  376.83791
2001   10  393.62616
2001   11  384.79650
2001   12  386.70504
2002    1  401.11048
2002    2  389.73094
2002    3  376.99720
2002    4  383.06174
2002    5  378.03012
2002    6  378.87844
2002    7  377.05290
2002    8  383.51590
2002    9  387.12550
2002   10  386.64744
2002   11  393.26213
2002   12  396.75686
2003    1  400.64481
2003    2  399.50409
2003    3  402.12562
2003    4  387.08106
2003    5  383.41703
2003    6  382.09476
2003    7  376.76643
2003    8  375.07908
2003    9  393.25422
2003   10  393.43425
2003   11  398.97705
2003   12  398.64104
2004    1  395.18141
2004    2  391.19774
2004    3  394.37323
2004    4  389.60046
2004    5  386.99419
2004    6  382.81563
2004    7  382.70321
2004    8  377.83736
2004    9  394.20888
2004   10  405.79893
2004   11  391.54215
2004   12  400.11405
2005    1  395.54187
2005    2  405.59677
2005    3  405.52151
2005    4  393.15334
2005    5  388.85817
2005    6  384.26981
2005    7  382.28734
2005    8  387.67405
2005    9  380.55767
2005   10  387.56157
2005   11  403.85651
2005   12  398.55632
2006    1  409.98388
2006    2  403.08505
2006    3  396.07025
2006    4  389.08186
2006    5  392.31757
2006    6  394.34212
2006    7  379.73162
2006    8  382.84453
2006    9  404.61341
2006   10  411.24874
2006   11  409.93281
2006   12  408.26487
2007    1  400.08011
2007    2  403.38223
2007    3  390.35318
2007    4  399.18593
2007    5  387.78695
2007    6  387.26008
2007    7  384.66963
2007    8  382.33891
2007    9  388.84944
2007   10  407.18485
2007   11  401.74869
2007   12  408.41367
2008    1  411.87892
2008    2  400.69057
2008    3  404.63422
2008    4  399.98346
2008    5  392.77860
2008    6  394.14177
2008    7  387.60316
2008    8  398.97842
2008    9  392.41315
2008   10  396.98384
2008   11  404.60407
2008   12  405.83027
2009    1  412.90969
2009    2  409.05279
2009    3  401.52686
2009    4  404.73163
2009    5  393.03518
2009    6  388.88905
2009    7  390.59910
2009    8  398.33851
2009    9  398.11499
2009   10  406.76486
2009   11  414.36596
2009   12  408.22892
2010    1  415.53998
2010    2  409.16662
2010    3  400.87843
2010    4  407.38389
2010    5  395.20761
2010    6  389.93021
2010    7  390.86209
2010    8  402.70874
2010    9  413.06298
2010   10  398.23196
2010   11  417.61022
2010   12  411.10234
2011    1  419.38209
2011    2  415.49711
2011    3  406.80330
2011    4  407.38232
2011    5  393.83731
2011    6  392.76562
2011    7  393.48454
2011    8  400.98277
2011    9  410.60700
2011   10  413.46686
2011   11  429.94809
2011   12  416.35850
2012    1  406.03706
2012    2  413.80772
2012    3  404.01614
2012    4  403.27417
2012    5  401.68301
2012    6  390.75132
2012    7  397.89404
2012    8  395.63616
2012    9  396.40232
2012   10  413.03752
2012   11  421.82382
2012   12  419.68047
2013    1  419.59269
2013    2  419.31681
2013    3  415.34679
2013    4  408.38684
2013    5  402.82169
2013    6  402.29509
2013    7  405.91534
2013    8  394.63953
2013    9  405.36333
2013   10  410.42329
2013   11  416.43472
2013   12  418.68692
2014    1  421.20789
2014    2  411.89083
2014    3  408.73521
2014    4  412.84194
2014    5  404.42689
2014    6  404.09347
2014    7  397.83414
2014    8  408.36801
2014    9  408.51440
2014   10  411.65395
2014   11  415.18739
2014   12  417.44855
2015    1  417.36898
2015    2  414.12329
2015    3  409.10798
2015    4  410.65938
2015    5  402.53013
2015    6  404.13928
2015    7  405.39546
2015    8  405.29046
2015    9  406.86072
2015   10  437.36567
2015   11  429.17373
2015   12  428.71723
2016    1  424.02765
2016    2  416.09904
2016    3  411.20112
2016    4  416.64211
2016    5  406.48205
2016    6  403.52702
2016    7  406.05888
2016    8  399.86530
2016    9  403.18165
2016   10  421.77274
2016   11  422.34451
2016   12  429.28886
2017    1  421.84157
2017    2  415.53882
2017    3  413.31697
2017    4  416.69258
2017    5  408.39068
2017    6  403.45956
2017    7  405.58327
2017    8  406.71730
2017    9  406.15379
2017   10  422.24064
2017   11  418.36462
2017   12  416.82748
