yy mm co2
2000    1  373.32726
2000    2  374.51924
2000    3  374.53254
2000    4  375.07471
2000    5  374.16437
2000    6  371.74125
2000    7  365.97240
2000    8  360.71602
2000    9  363.09450
2000   10  366.96857
2000   11  371.62311
2000   12  372.89000
2001    1  374.51889
2001    2  375.41502
2001    3  376.09623
2001    4  376.40813
2001    5  375.15070
2001    6  372.25109
2001    7  367.08335
2001    8  362.79488
2001    9  364.36997
2001   10  369.38189
2001   11  372.15638
2001   12  374.90533
2002    1  375.88665
2002    2  377.17490
2002    3  377.84295
2002    4  377.89394
2002    5  377.05619
2002    6  372.77507
2002    7  368.50577
2002    8  364.54038
2002    9  366.55436
2002   10  370.69462
2002   11  375.02716
2002   12  377.48337
2003    1  378.23321
2003    2  379.59852
2003    3  380.13709
2003    4  380.92723
2003    5  380.51230
2003    6  376.54885
2003    7  372.14783
2003    8  368.36849
2003    9  369.15563
2003   10  373.77063
2003   11  378.39485
2003   12  379.37233
2004    1  380.62790
2004    2  381.71210
2004    3  382.94247
2004    4  382.88941
2004    5  381.77258
2004    6  378.97556
2004    7  373.83608
2004    8  368.43357
2004    9  369.30543
2004   10  374.69232
2004   11  378.48466
2004   12  381.12878
2005    1  382.52686
2005    2  383.09779
2005    3  383.98174
2005    4  384.91646
2005    5  384.37569
2005    6  380.51457
2005    7  375.29037
2005    8  369.85721
2005    9  371.90010
2005   10  377.49231
2005   11  380.94356
2005   12  383.66264
2006    1  384.35974
2006    2  385.68745
2006    3  386.81796
2006    4  387.30010
2006    5  387.06569
2006    6  383.61319
2006    7  378.00762
2006    8  374.06519
2006    9  375.10358
2006   10  379.20516
2006   11  383.88770
2006   12  386.12250
2007    1  387.04270
2007    2  388.40147
2007    3  388.54973
2007    4  388.64469
2007    5  387.90214
2007    6  384.30540
2007    7  378.31697
2007    8  374.03678
2007    9  375.62221
2007   10  380.72388
2007   11  384.69443
2007   12  387.41206
2008    1  389.69054
2008    2  390.57131
2008    3  391.72292
2008    4  392.20104
2008    5  390.36843
2008    6  387.57251
2008    7  381.09641
2008    8  376.99027
2008    9  377.92348
2008   10  381.91228
2008   11  386.92300
2008   12  389.41164
2009    1  390.94372
2009    2  391.16837
2009    3  392.74627
2009    4  392.78175
2009    5  391.90374
2009    6  387.82624
2009    7  381.68259
2009    8  377.77997
2009    9  378.42814
2009   10  384.13558
2009   11  389.82241
2009   12  391.49163
2010    1  391.83782
2010    2  394.54666
2010    3  394.20190
2010    4  394.97751
2010    5  393.20599
2010    6  389.84511
2010    7  384.82851
2010    8  380.36940
2010    9  383.33517
2010   10  388.48384
2010   11  391.89548
2010   12  394.19474
2011    1  395.38209
2011    2  396.27371
2011    3  397.23213
2011    4  397.43623
2011    5  396.15415
2011    6  392.76117
2011    7  386.62431
2011    8  382.18414
2011    9  383.52612
2011   10  388.37735
2011   11  394.44191
2011   12  395.98119
2012    1  396.78946
2012    2  397.38833
2012    3  398.41112
2012    4  399.12868
2012    5  398.56505
2012    6  395.45825
2012    7  388.86265
2012    8  384.23957
2012    9  386.35585
2012   10  391.59981
2012   11  395.62286
2012   12  399.09978
2013    1  399.89903
2013    2  401.82643
2013    3  401.98350
2013    4  402.65886
2013    5  401.17596
2013    6  397.88464
2013    7  392.17211
2013    8  386.85207
2013    9  388.72298
2013   10  393.48146
2013   11  398.09241
2013   12  400.75686
2014    1  402.68290
2014    2  404.63146
2014    3  404.33664
2014    4  404.12028
2014    5  402.94023
2014    6  399.31873
2014    7  393.37142
2014    8  389.66391
2014    9  390.72745
2014   10  395.48130
2014   11  401.00436
2014   12  402.13886
2015    1  403.56294
2015    2  404.62680
2015    3  405.55414
2015    4  406.36657
2015    5  405.12811
2015    6  401.41877
2015    7  395.26576
2015    8  390.28478
2015    9  392.68457
2015   10  397.67849
2015   11  402.54832
2015   12  405.56208
2016    1  407.37519
2016    2  408.40934
2016    3  409.14927
2016    4  409.28641
2016    5  407.80651
2016    6  403.24824
2016    7  398.89707
2016    8  394.73837
2016    9  396.30634
2016   10  401.84741
2016   11  406.26878
2016   12  408.65931
2017    1  409.83502
2017    2  411.26346
2017    3  412.44004
2017    4  412.83970
2017    5  410.87132
2017    6  407.81149
2017    7  401.01909
2017    8  397.39508
2017    9  398.51759
2017   10  403.85834
2017   11  408.45954
2017   12  410.82109
