yy mm co2
2000    1  372.04727
2000    2  371.79838
2000    3  372.60304
2000    4  373.46684
2000    5  372.97263
2000    6  371.77888
2000    7  369.83879
2000    8  366.90733
2000    9  366.38736
2000   10  367.54512
2000   11  369.10368
2000   12  370.56804
2001    1  371.24293
2001    2  372.15280
2001    3  373.53724
2001    4  374.30020
2001    5  374.38128
2001    6  372.96792
2001    7  370.49543
2001    8  368.43351
2001    9  367.61051
2001   10  368.48185
2001   11  370.75140
2001   12  372.43954
2002    1  373.27787
2002    2  374.31010
2002    3  375.85161
2002    4  376.64338
2002    5  376.16317
2002    6  374.91226
2002    7  372.81064
2002    8  370.71187
2002    9  370.00494
2002   10  370.68879
2002   11  372.88721
2002   12  374.08987
2003    1  375.74008
2003    2  376.68896
2003    3  377.55771
2003    4  378.70699
2003    5  378.72791
2003    6  377.71577
2003    7  376.08677
2003    8  373.45610
2003    9  372.32347
2003   10  373.41975
2003   11  375.63866
2003   12  376.81308
2004    1  377.77232
2004    2  379.52894
2004    3  380.47149
2004    4  381.17060
2004    5  381.08230
2004    6  379.64978
2004    7  377.49129
2004    8  375.16846
2004    9  373.53407
2004   10  374.56010
2004   11  377.30474
2004   12  379.25338
2005    1  379.89565
2005    2  381.66301
2005    3  381.83085
2005    4  382.66415
2005    5  382.76793
2005    6  381.62005
2005    7  379.06235
2005    8  376.63072
2005    9  376.03936
2005   10  377.13168
2005   11  379.75132
2005   12  380.84324
2006    1  382.71255
2006    2  383.51974
2006    3  384.49993
2006    4  385.36638
2006    5  385.15683
2006    6  383.93799
2006    7  381.28486
2006    8  379.75161
2006    9  378.74372
2006   10  379.41444
2006   11  380.95654
2006   12  383.28112
2007    1  383.90499
2007    2  385.10925
2007    3  386.32326
2007    4  387.30213
2007    5  386.89282
2007    6  384.83532
2007    7  382.95702
2007    8  380.66480
2007    9  380.06017
2007   10  381.51260
2007   11  383.37623
2007   12  385.02258
2008    1  385.91100
2008    2  387.33214
2008    3  388.42499
2008    4  389.40297
2008    5  389.15590
2008    6  387.82312
2008    7  385.40538
2008    8  383.31939
2008    9  381.50619
2008   10  383.06860
2008   11  384.78887
2008   12  386.75140
2009    1  387.82004
2009    2  388.86021
2009    3  389.77104
2009    4  390.75490
2009    5  390.84713
2009    6  389.35035
2009    7  387.31628
2009    8  383.86544
2009    9  382.97568
2009   10  384.47671
2009   11  386.44907
2009   12  388.00132
2010    1  389.61973
2010    2  390.55169
2010    3  391.21939
2010    4  392.54790
2010    5  392.68497
2010    6  391.17623
2010    7  388.89365
2010    8  386.89483
2010    9  386.08094
2010   10  387.51768
2010   11  389.19662
2010   12  391.44338
2011    1  392.71597
2011    2  393.86036
2011    3  395.40985
2011    4  395.28703
2011    5  395.16078
2011    6  393.70544
2011    7  391.02841
2011    8  388.76996
2011    9  387.55816
2011   10  389.01437
2011   11  391.74818
2011   12  392.81236
2012    1  394.05454
2012    2  395.71704
2012    3  396.07007
2012    4  397.48865
2012    5  396.84135
2012    6  395.38470
2012    7  393.23632
2012    8  391.22402
2012    9  390.34328
2012   10  391.46841
2012   11  393.70221
2012   12  395.26777
2013    1  396.36248
2013    2  397.76749
2013    3  398.43228
2013    4  399.81765
2013    5  399.97813
2013    6  398.77411
2013    7  396.36547
2013    8  393.25337
2013    9  392.81172
2013   10  394.09238
2013   11  396.37205
2013   12  397.96502
2014    1  399.31427
2014    2  400.13972
2014    3  401.26510
2014    4  401.91389
2014    5  401.90900
2014    6  400.41271
2014    7  397.83464
2014    8  396.10968
2014    9  394.54809
2014   10  395.77801
2014   11  398.19462
2014   12  399.70441
2015    1  401.05413
2015    2  402.13563
2015    3  403.59411
2015    4  404.23678
2015    5  403.42199
2015    6  402.23947
2015    7  399.78680
2015    8  397.21595
2015    9  396.81341
2015   10  398.44468
2015   11  400.30162
2015   12  401.92128
2016    1  403.49885
2016    2  404.79764
2016    3  406.48616
2016    4  406.88587
2016    5  407.25220
2016    6  405.11932
2016    7  402.94393
2016    8  400.82476
2016    9  399.89475
2016   10  401.41458
2016   11  404.09662
2016   12  405.78455
2017    1  407.31070
2017    2  408.41592
2017    3  409.63833
2017    4  410.18173
2017    5  410.24885
2017    6  408.52500
2017    7  405.45006
2017    8  403.46564
2017    9  402.69736
2017   10  404.13093
2017   11  405.34916
2017   12  407.63564
