yy mm co2
2000    1  365.99077
2000    2  365.96417
2000    3  366.15538
2000    4  366.60430
2000    5  367.01662
2000    6  367.32436
2000    7  367.86811
2000    8  368.05106
2000    9  368.14786
2000   10  367.95955
2000   11  367.79151
2000   12  367.57046
2001    1  367.49855
2001    2  367.37352
2001    3  367.28801
2001    4  367.54974
2001    5  368.38974
2001    6  368.48651
2001    7  369.06882
2001    8  369.50957
2001    9  369.71894
2001   10  369.66626
2001   11  369.64507
2001   12  369.59472
2002    1  369.51364
2002    2  369.33788
2002    3  369.47170
2002    4  369.65785
2002    5  369.95063
2002    6  370.44787
2002    7  371.34811
2002    8  371.65140
2002    9  371.96625
2002   10  371.98036
2002   11  371.91092
2002   12  371.97981
2003    1  371.70123
2003    2  371.61692
2003    3  371.71214
2003    4  372.18526
2003    5  372.64178
2003    6  372.95450
2003    7  373.54801
2003    8  374.20759
2003    9  374.29965
2003   10  374.14223
2003   11  373.95940
2003   12  373.82432
2004    1  373.58172
2004    2  373.56158
2004    3  373.85718
2004    4  374.23361
2004    5  374.66371
2004    6  375.22861
2004    7  375.78613
2004    8  376.10743
2004    9  376.14643
2004   10  375.84588
2004   11  375.49244
2004   12  375.54442
2005    1  375.34427
2005    2  375.07628
2005    3  375.30586
2005    4  375.85324
2005    5  376.23270
2005    6  376.95543
2005    7  377.64743
2005    8  378.10314
2005    9  378.30442
2005   10  378.21734
2005   11  377.98341
2005   12  377.87235
2006    1  377.40532
2006    2  377.46472
2006    3  377.74668
2006    4  378.18082
2006    5  378.95422
2006    6  379.20679
2006    7  379.51171
2006    8  379.67076
2006    9  379.74372
2006   10  379.69285
2006   11  379.54262
2006   12  379.24779
2007    1  379.11726
2007    2  379.27998
2007    3  379.47411
2007    4  379.69492
2007    5  380.21526
2007    6  380.71320
2007    7  381.27173
2007    8  381.75579
2007    9  381.91458
2007   10  381.97546
2007   11  381.76888
2007   12  381.50206
2008    1  381.63047
2008    2  381.45066
2008    3  381.70264
2008    4  381.99956
2008    5  382.47940
2008    6  383.02233
2008    7  383.50202
2008    8  383.60275
2008    9  383.77591
2008   10  383.65621
2008   11  383.46334
2008   12  383.48715
2009    1  383.03694
2009    2  383.01706
2009    3  383.25042
2009    4  383.47891
2009    5  383.83860
2009    6  384.10453
2009    7  384.74493
2009    8  385.28530
2009    9  385.32258
2009   10  385.29691
2009   11  385.24863
2009   12  384.83800
2010    1  384.73756
2010    2  384.33244
2010    3  384.54565
2010    4  385.16190
2010    5  385.52133
2010    6  386.27337
2010    7  386.97341
2010    8  387.63552
2010    9  387.71686
2010   10  387.55601
2010   11  387.35440
2010   12  387.17128
2011    1  386.70033
2011    2  386.69171
2011    3  386.97477
2011    4  387.22681
2011    5  387.77065
2011    6  388.11899
2011    7  388.61291
2011    8  388.98483
2011    9  389.22398
2011   10  389.03055
2011   11  388.98701
2011   12  388.89807
2012    1  388.65287
2012    2  388.46265
2012    3  388.73099
2012    4  389.11702
2012    5  389.85859
2012    6  390.22687
2012    7  391.20298
2012    8  391.51486
2012    9  391.50167
2012   10  391.45644
2012   11  391.36558
2012   12  391.39634
2013    1  391.06893
2013    2  391.23534
2013    3  391.40647
2013    4  392.08774
2013    5  392.53503
2013    6  393.01257
2013    7  393.79776
2013    8  394.26281
2013    9  394.37378
2013   10  394.27786
2013   11  394.11185
2013   12  394.04182
2014    1  393.84639
2014    2  393.50492
2014    3  393.60567
2014    4  394.39354
2014    5  394.94649
2014    6  395.14608
2014    7  395.75706
2014    8  396.17100
2014    9  396.32604
2014   10  395.97729
2014   11  395.79734
2014   12  395.39035
2015    1  395.41765
2015    2  395.49620
2015    3  395.84041
2015    4  396.12703
2015    5  396.87267
2015    6  397.22823
2015    7  397.82922
2015    8  398.41107
2015    9  398.59043
2015   10  398.49314
2015   11  398.40923
2015   12  398.58613
2016    1  398.40024
2016    2  398.53726
2016    3  398.76721
2016    4  399.05249
2016    5  399.70368
2016    6  400.30436
2016    7  401.19252
2016    8  401.71403
2016    9  401.91179
2016   10  401.86057
2016   11  401.59971
2016   12  401.24383
2017    1  400.84470
2017    2  400.82005
2017    3  400.91493
2017    4  401.27640
2017    5  402.12978
2017    6  402.59529
2017    7  403.26791
2017    8  403.76402
2017    9  403.77321
2017   10  403.64731
2017   11  403.49548
2017   12  403.35348
