yy mm co2
2000    1  372.68433
2000    2  372.96716
2000    3  373.81740
2000    4  374.43836
2000    5  372.57039
2000    6  371.04596
2000    7  366.78716
2000    8  365.22889
2000    9  365.82022
2000   10  368.09230
2000   11  370.21117
2000   12  371.64096
2001    1  373.02569
2001    2  373.98175
2001    3  374.70338
2001    4  375.87614
2001    5  373.88521
2001    6  372.15519
2001    7  369.22231
2001    8  366.52046
2001    9  366.54648
2001   10  369.06759
2001   11  371.82306
2001   12  373.44635
2002    1  374.14848
2002    2  375.55938
2002    3  376.54187
2002    4  377.48343
2002    5  376.50886
2002    6  374.34304
2002    7  370.39455
2002    8  368.74387
2002    9  369.15738
2002   10  371.30454
2002   11  374.05852
2002   12  376.20906
2003    1  377.31574
2003    2  378.48658
2003    3  378.76068
2003    4  380.16218
2003    5  378.67430
2003    6  376.57461
2003    7  373.67476
2003    8  372.39649
2003    9  371.76526
2003   10  374.24208
2003   11  376.61020
2003   12  378.27788
2004    1  379.54151
2004    2  380.55953
2004    3  382.49471
2004    4  382.87728
2004    5  380.89888
2004    6  378.57253
2004    7  375.15993
2004    8  372.86762
2004    9  373.06210
2004   10  375.50152
2004   11  378.21024
2004   12  379.94783
2005    1  381.27461
2005    2  384.70156
2005    3  383.30417
2005    4  384.09964
2005    5  382.45867
2005    6  380.81544
2005    7  375.95216
2005    8  373.99528
2005    9  375.96215
2005   10  378.06935
2005   11  380.85366
2005   12  382.79858
2006    1  384.16858
2006    2  385.06970
2006    3  386.08623
2006    4  386.55530
2006    5  385.25712
2006    6  383.15705
2006    7  379.87466
2006    8  376.42190
2006    9  378.84677
2006   10  379.92050
2006   11  382.18469
2006   12  384.25237
2007    1  385.22572
2007    2  386.58362
2007    3  388.42176
2007    4  387.26453
2007    5  386.67920
2007    6  383.33601
2007    7  380.64414
2007    8  378.56627
2007    9  379.41622
2007   10  382.42264
2007   11  384.51492
2007   12  386.49043
2008    1  387.10359
2008    2  388.19856
2008    3  390.39872
2008    4  390.98784
2008    5  388.59207
2008    6  385.42724
2008    7  382.74541
2008    8  380.73762
2008    9  381.80553
2008   10  383.28339
2008   11  386.17945
2008   12  388.68806
2009    1  389.53230
2009    2  390.57556
2009    3  391.18394
2009    4  392.09903
2009    5  390.52428
2009    6  387.42408
2009    7  384.40072
2009    8  382.52000
2009    9  382.61132
2009   10  384.93061
2009   11  387.68261
2009   12  390.57669
2010    1  391.77865
2010    2  393.31993
2010    3  393.53222
2010    4  394.56048
2010    5  392.12406
2010    6  389.21562
2010    7  386.23181
2010    8  384.14830
2010    9  385.58998
2010   10  388.48288
2010   11  391.82388
2010   12  393.40486
2011    1  394.03199
2011    2  395.29451
2011    3  396.51242
2011    4  395.75246
2011    5  394.17832
2011    6  392.09606
2011    7  387.81241
2011    8  386.80970
2011    9  387.61986
2011   10  389.53507
2011   11  392.33355
2011   12  394.30754
2012    1  395.21331
2012    2  396.73690
2012    3  396.98667
2012    4  398.57737
2012    5  396.51088
2012    6  394.54154
2012    7  390.53266
2012    8  388.98454
2012    9  389.68102
2012   10  392.11987
2012   11  394.78255
2012   12  397.36641
2013    1  398.43746
2013    2  401.39561
2013    3  400.88725
2013    4  401.28935
2013    5  399.56157
2013    6  396.76891
2013    7  392.49670
2013    8  390.55795
2013    9  392.34679
2013   10  394.96407
2013   11  398.61302
2013   12  398.89061
2014    1  400.89426
2014    2  402.37737
2014    3  403.08080
2014    4  402.77845
2014    5  401.62721
2014    6  398.96331
2014    7  395.10560
2014    8  391.98683
2014    9  394.12294
2014   10  396.64548
2014   11  399.29705
2014   12  401.47698
2015    1  402.56791
2015    2  403.92624
2015    3  404.72270
2015    4  405.11225
2015    5  403.40485
2015    6  400.16303
2015    7  398.17597
2015    8  395.21480
2015    9  395.54454
2015   10  399.24699
2015   11  401.37733
2015   12  402.84713
2016    1  405.51505
2016    2  406.76232
2016    3  408.59330
2016    4  407.99909
2016    5  406.09244
2016    6  402.79605
2016    7  401.27456
2016    8  398.49803
2016    9  399.89836
2016   10  402.97117
2016   11  405.17698
2016   12  406.57437
2017    1  409.10582
2017    2  409.48123
2017    3  410.37588
2017    4  411.77016
2017    5  410.40787
2017    6  407.00007
2017    7  403.38121
2017    8  401.99232
2017    9  401.28388
2017   10  404.51431
2017   11  407.30456
2017   12  409.22288
