yy mm co2
2000    1  376.69562
2000    2  376.93724
2000    3  375.37713
2000    4  375.94730
2000    5  375.44835
2000    6  372.40269
2000    7  366.05587
2000    8  361.91868
2000    9  363.55297
2000   10  368.06054
2000   11  373.28393
2000   12  373.59839
2001    1  377.79947
2001    2  377.69528
2001    3  376.57397
2001    4  377.99377
2001    5  377.77433
2001    6  374.53909
2001    7  362.06230
2001    8  360.83316
2001    9  364.74198
2001   10  371.83100
2001   11  376.93910
2001   12  378.37354
2002    1  379.77810
2002    2  378.17753
2002    3  378.94887
2002    4  379.14744
2002    5  379.30897
2002    6  376.08127
2002    7  366.39412
2002    8  357.28025
2002    9  366.15596
2002   10  374.46726
2002   11  378.30876
2002   12  380.26602
2003    1  381.13637
2003    2  381.97532
2003    3  382.34159
2003    4  382.24345
2003    5  382.85452
2003    6  379.18481
2003    7  370.30704
2003    8  365.56053
2003    9  369.89772
2003   10  378.31641
2003   11  382.67489
2003   12  384.41838
2004    1  384.29417
2004    2  383.43159
2004    3  382.66589
2004    4  383.75636
2004    5  384.17184
2004    6  381.94304
2004    7  372.31887
2004    8  366.82238
2004    9  370.12354
2004   10  375.31447
2004   11  386.66293
2004   12  384.32507
2005    1  386.96491
2005    2  386.83266
2005    3  385.79787
2005    4  386.13312
2005    5  386.38958
2005    6  382.25978
2005    7  372.16060
2005    8  369.32382
2005    9  372.85688
2005   10  379.20463
2005   11  386.00701
2005   12  386.65484
2006    1  386.90589
2006    2  387.90144
2006    3  387.45880
2006    4  387.86873
2006    5  389.13279
2006    6  386.39517
2006    7  376.19699
2006    8  372.77600
2006    9  375.93010
2006   10  382.04974
2006   11  386.30207
2006   12  390.38720
2007    1  391.09823
2007    2  390.72213
2007    3  391.35828
2007    4  391.19454
2007    5  390.28117
2007    6  386.40824
2007    7  374.69415
2007    8  370.75183
2007    9  377.04775
2007   10  384.13631
2007   11  389.79138
2007   12  393.44400
2008    1  393.23035
2008    2  394.53423
2008    3  395.03066
2008    4  393.54776
2008    5  393.84956
2008    6  389.68926
2008    7  378.98854
2008    8  369.70523
2008    9  379.06895
2008   10  386.83583
2008   11  389.92646
2008   12  391.67173
2009    1  393.51970
2009    2  393.27916
2009    3  394.27495
2009    4  395.36806
2009    5  394.03694
2009    6  388.45462
2009    7  380.54754
2009    8  375.89969
2009    9  379.52064
2009   10  383.71276
2009   11  390.45746
2009   12  394.85094
2010    1  394.14625
2010    2  394.41267
2010    3  395.37105
2010    4  396.05182
2010    5  396.24181
2010    6  390.40801
2010    7  379.95598
2010    8  379.99242
2010    9  383.67999
2010   10  389.44368
2010   11  397.29496
2010   12  396.23404
2011    1  398.62262
2011    2  398.17870
2011    3  399.04789
2011    4  399.23238
2011    5  399.21683
2011    6  394.04345
2011    7  383.08662
2011    8  382.50728
2011    9  384.23427
2011   10  390.90379
2011   11  397.87541
2011   12  401.13323
2012    1  402.83540
2012    2  398.64081
2012    3  399.84295
2012    4  400.98463
2012    5  401.09584
2012    6  397.36097
2012    7  385.49540
2012    8  379.72906
2012    9  387.45950
2012   10  392.12831
2012   11  402.50496
2012   12  401.47515
2013    1  400.58995
2013    2  402.55740
2013    3  402.83488
2013    4  403.50374
2013    5  403.71859
2013    6  400.19126
2013    7  389.60949
2013    8  385.85247
2013    9  389.59240
2013   10  396.99016
2013   11  399.52665
2013   12  403.79280
2014    1  405.13815
2014    2  406.13336
2014    3  405.19409
2014    4  405.36697
2014    5  406.30938
2014    6  402.24747
2014    7  390.55932
2014    8  384.12347
2014    9  391.72822
2014   10  397.02462
2014   11  406.07690
2014   12  406.16415
2015    1  408.82587
2015    2  407.78832
2015    3  407.71742
2015    4  407.29216
2015    5  407.39673
2015    6  404.64787
2015    7  388.97537
2015    8  390.63854
2015    9  392.29661
2015   10  398.93077
2015   11  405.67142
2015   12  410.65909
2016    1  409.57358
2016    2  409.50236
2016    3  409.14095
2016    4  410.52475
2016    5  410.69958
2016    6  407.09806
2016    7  395.76454
2016    8  392.21407
2016    9  394.64500
2016   10  404.63594
2016   11  411.37464
2016   12  415.35692
2017    1  413.46037
2017    2  414.80327
2017    3  414.68462
2017    4  415.75794
2017    5  414.38267
2017    6  409.71083
2017    7  399.54195
2017    8  394.98851
2017    9  398.34483
2017   10  406.16174
2017   11  410.27460
2017   12  411.81335
