yy mm co2
2000    1  383.22952
2000    2  389.38955
2000    3  383.13464
2000    4  383.62516
2000    5  376.94073
2000    6  370.86825
2000    7  368.24006
2000    8  361.55235
2000    9  374.65079
2000   10  384.76399
2000   11  378.58228
2000   12  399.21099
2001    1  388.75209
2001    2  387.02809
2001    3  382.12119
2001    4  383.12722
2001    5  376.47341
2001    6  371.67020
2001    7  373.16387
2001    8  367.78589
2001    9  389.54406
2001   10  397.93208
2001   11  389.04298
2001   12  390.71526
2002    1  392.36530
2002    2  386.39014
2002    3  377.22726
2002    4  383.31954
2002    5  378.69005
2002    6  376.19044
2002    7  379.30894
2002    8  393.06638
2002    9  382.41415
2002   10  385.50884
2002   11  397.67125
2002   12  395.87647
2003    1  400.57735
2003    2  400.00756
2003    3  389.34464
2003    4  386.39110
2003    5  380.09707
2003    6  374.93458
2003    7  371.63548
2003    8  360.90729
2003    9  380.40199
2003   10  381.90751
2003   11  397.21190
2003   12  395.15534
2004    1  392.03803
2004    2  399.33887
2004    3  395.60415
2004    4  386.69162
2004    5  380.31943
2004    6  377.26740
2004    7  378.38219
2004    8  370.33448
2004    9  378.54319
2004   10  393.98455
2004   11  408.58181
2004   12  399.97525
2005    1  395.16008
2005    2  409.31933
2005    3  399.33051
2005    4  395.32789
2005    5  387.98735
2005    6  381.60689
2005    7  382.55236
2005    8  381.91318
2005    9  397.37637
2005   10  397.02278
2005   11  403.82033
2005   12  403.42426
2006    1  407.70535
2006    2  407.02478
2006    3  397.14988
2006    4  394.83976
2006    5  390.67268
2006    6  386.81610
2006    7  375.11750
2006    8  387.01552
2006    9  395.44672
2006   10  393.17823
2006   11  403.43881
2006   12  401.46933
2007    1  393.10212
2007    2  397.59502
2007    3  394.82728
2007    4  390.46034
2007    5  388.21815
2007    6  388.00170
2007    7  388.37490
2007    8  392.43238
2007    9  382.94934
2007   10  404.66362
2007   11  404.34836
2007   12  409.11668
2008    1  414.78066
2008    2  397.23251
2008    3  393.70017
2008    4  399.95695
2008    5  391.31925
2008    6  383.88814
2008    7  383.05146
2008    8  385.04781
2008    9  396.12356
2008   10  410.23994
2008   11  413.62460
2008   12  402.23362
2009    1  411.13314
2009    2  401.20663
2009    3  404.04577
2009    4  407.18657
2009    5  392.58215
2009    6  390.18333
2009    7  386.88348
2009    8  391.37551
2009    9  376.02702
2009   10  394.78828
2009   11  429.05757
2009   12  409.64416
2010    1  416.69345
2010    2  411.52132
2010    3  409.40213
2010    4  399.38380
2010    5  391.19087
2010    6  390.57428
2010    7  404.57441
2010    8  397.05820
2010    9  376.39076
2010   10  406.25859
2010   11  440.07631
2010   12  413.42012
2011    1  421.52207
2011    2  413.26453
2011    3  422.24547
2011    4  409.16554
2011    5  395.42458
2011    6  389.37389
2011    7  391.54195
2011    8  409.87571
2011    9  392.79537
2011   10  407.91908
2011   11  435.10867
2011   12  424.43094
2012    1  410.85060
2012    2  417.44625
2012    3  415.34737
2012    4  405.52503
2012    5  400.17170
2012    6  402.62967
2012    7  396.24018
2012    8  402.53115
2012    9  404.10884
2012   10  421.11575
2012   11  427.21626
2012   12  420.00128
2013    1  423.48023
2013    2  421.00871
2013    3  413.26060
2013    4  416.22890
2013    5  406.04617
2013    6  395.67551
2013    7  390.34482
2013    8  394.83007
2013    9  414.68939
2013   10  414.62728
2013   11  415.66123
2013   12  417.51136
2014    1  434.62025
2014    2  416.92305
2014    3  412.46042
2014    4  407.32991
2014    5  403.63200
2014    6  399.06063
2014    7  397.08265
2014    8  403.98756
2014    9  414.85034
2014   10  422.42213
2014   11  431.79392
2014   12  419.85163
2015    1  423.15328
2015    2  420.63877
2015    3  411.56993
2015    4  404.23215
2015    5  405.15457
2015    6  398.02189
2015    7  398.89209
2015    8  399.23438
2015    9  419.73850
2015   10  419.08285
2015   11  432.54424
2015   12  446.07368
2016    1  425.14218
2016    2  419.19350
2016    3  427.79360
2016    4  416.87902
2016    5  409.18993
2016    6  410.24917
2016    7  404.64234
2016    8  398.69000
2016    9  411.22074
2016   10  431.36062
2016   11  433.96154
2016   12  426.44679
2017    1  422.49603
2017    2  425.37824
2017    3  412.17712
2017    4  419.72662
2017    5  411.59615
2017    6  408.06795
2017    7  404.62220
2017    8  399.63768
2017    9  405.54826
2017   10  418.27891
2017   11  416.44421
2017   12  419.68896
