yy mm co2
2000    1  379.13598
2000    2  379.24890
2000    3  375.72769
2000    4  375.43062
2000    5  373.93076
2000    6  370.71068
2000    7  366.88603
2000    8  365.91903
2000    9  368.32393
2000   10  373.36373
2000   11  377.92866
2000   12  378.45300
2001    1  382.13067
2001    2  380.33549
2001    3  378.64893
2001    4  377.86429
2001    5  375.79989
2001    6  371.48860
2001    7  364.93089
2001    8  366.54909
2001    9  368.84344
2001   10  372.63241
2001   11  378.79063
2001   12  381.96324
2002    1  381.52345
2002    2  382.80757
2002    3  380.45456
2002    4  379.89407
2002    5  377.89071
2002    6  374.95713
2002    7  369.72843
2002    8  369.73576
2002    9  371.22497
2002   10  376.05409
2002   11  380.68276
2002   12  384.09696
2003    1  386.67396
2003    2  383.59736
2003    3  382.92000
2003    4  382.42235
2003    5  380.96678
2003    6  378.59194
2003    7  374.38818
2003    8  371.38889
2003    9  374.52352
2003   10  378.69727
2003   11  382.07159
2003   12  385.21178
2004    1  384.88946
2004    2  385.61647
2004    3  385.86711
2004    4  384.89865
2004    5  382.46743
2004    6  378.99250
2004    7  376.05141
2004    8  372.88133
2004    9  374.88292
2004   10  378.54473
2004   11  381.59528
2004   12  385.97095
2005    1  386.83970
2005    2  391.74454
2005    3  389.02290
2005    4  386.41310
2005    5  384.61425
2005    6  380.69548
2005    7  376.63069
2005    8  376.24597
2005    9  377.82668
2005   10  381.30567
2005   11  388.27423
2005   12  390.12908
2006    1  394.80373
2006    2  394.01973
2006    3  389.99825
2006    4  388.05875
2006    5  387.06046
2006    6  382.67407
2006    7  378.82384
2006    8  377.21201
2006    9  378.85024
2006   10  384.19195
2006   11  387.90109
2006   12  395.61407
2007    1  393.76138
2007    2  392.46687
2007    3  391.04398
2007    4  390.94043
2007    5  387.94058
2007    6  385.00314
2007    7  378.34540
2007    8  378.41054
2007    9  381.22106
2007   10  386.14098
2007   11  390.09040
2007   12  394.22087
2008    1  396.35060
2008    2  395.81402
2008    3  393.91019
2008    4  393.17456
2008    5  391.37807
2008    6  388.09769
2008    7  383.05621
2008    8  380.00316
2008    9  384.30796
2008   10  389.01588
2008   11  392.27511
2008   12  400.13739
2009    1  400.22322
2009    2  397.01100
2009    3  395.34547
2009    4  394.83103
2009    5  392.06952
2009    6  387.62717
2009    7  385.55637
2009    8  382.73114
2009    9  383.54058
2009   10  387.72784
2009   11  393.46120
2009   12  398.17099
2010    1  399.91710
2010    2  397.18577
2010    3  397.37875
2010    4  397.64910
2010    5  395.22129
2010    6  394.19491
2010    7  385.94363
2010    8  385.98056
2010    9  388.89755
2010   10  393.33716
2010   11  396.78166
2010   12  400.08730
2011    1  403.66335
2011    2  400.85107
2011    3  400.84778
2011    4  399.46692
2011    5  396.87700
2011    6  391.66622
2011    7  387.10021
2011    8  387.27219
2011    9  392.06294
2011   10  397.82340
2011   11  400.29190
2011   12  405.39037
2012    1  405.25969
2012    2  405.12162
2012    3  402.19791
2012    4  400.91856
2012    5  398.36694
2012    6  395.05219
2012    7  388.52112
2012    8  390.95076
2012    9  392.54612
2012   10  397.40134
2012   11  401.88577
2012   12  405.50818
2013    1  407.56530
2013    2  404.33757
2013    3  403.87898
2013    4  404.52959
2013    5  401.85609
2013    6  397.50672
2013    7  393.63108
2013    8  392.91775
2013    9  397.38970
2013   10  400.69592
2013   11  404.51888
2013   12  404.07124
2014    1  407.67467
2014    2  411.19434
2014    3  409.26118
2014    4  405.56869
2014    5  402.92676
2014    6  400.62596
2014    7  394.26380
2014    8  393.48268
2014    9  396.51548
2014   10  402.38057
2014   11  408.72095
2014   12  415.42857
2015    1  409.61179
2015    2  410.15545
2015    3  409.09482
2015    4  407.56940
2015    5  404.89581
2015    6  400.61743
2015    7  396.89362
2015    8  394.84870
2015    9  398.98112
2015   10  403.44344
2015   11  407.44693
2015   12  411.50954
2016    1  412.92296
2016    2  413.36654
2016    3  410.96396
2016    4  411.15421
2016    5  408.23253
2016    6  404.07540
2016    7  398.24104
2016    8  397.08419
2016    9  401.33562
2016   10  407.34402
2016   11  412.86956
2016   12  415.18905
2017    1  419.42534
2017    2  420.40457
2017    3  416.82745
2017    4  415.75637
2017    5  411.85119
2017    6  408.65669
2017    7  402.40950
2017    8  400.23270
2017    9  404.09405
2017   10  408.53405
2017   11  413.07614
2017   12  417.47387
