yy mm co2
2000    1  376.13738
2000    2  378.36691
2000    3  376.38959
2000    4  375.47425
2000    5  373.44731
2000    6  367.60146
2000    7  364.12844
2000    8  366.03140
2000    9  366.99034
2000   10  370.75550
2000   11  374.62325
2000   12  375.91852
2001    1  378.99759
2001    2  380.51378
2001    3  378.72529
2001    4  377.68076
2001    5  374.92291
2001    6  370.13841
2001    7  364.93104
2001    8  366.29548
2001    9  368.13907
2001   10  372.22865
2001   11  377.12365
2001   12  379.70638
2002    1  379.94937
2002    2  382.58103
2002    3  378.93307
2002    4  379.47696
2002    5  377.05357
2002    6  372.21395
2002    7  366.81120
2002    8  368.57117
2002    9  370.28000
2002   10  375.22492
2002   11  378.97649
2002   12  380.73907
2003    1  384.13258
2003    2  382.50929
2003    3  383.22227
2003    4  382.78499
2003    5  380.05592
2003    6  376.50132
2003    7  370.25590
2003    8  368.75511
2003    9  372.25318
2003   10  377.85579
2003   11  381.81161
2003   12  384.47735
2004    1  384.64851
2004    2  384.58587
2004    3  386.45131
2004    4  384.83291
2004    5  381.56184
2004    6  375.64861
2004    7  372.44358
2004    8  370.97125
2004    9  372.75697
2004   10  378.90064
2004   11  381.36836
2004   12  384.83151
2005    1  386.99122
2005    2  390.25300
2005    3  389.16271
2005    4  386.66741
2005    5  383.19782
2005    6  379.53196
2005    7  373.77505
2005    8  374.36254
2005    9  377.39388
2005   10  380.76704
2005   11  385.17764
2005   12  387.84690
2006    1  391.88715
2006    2  391.69265
2006    3  389.87599
2006    4  388.69129
2006    5  386.39797
2006    6  380.82554
2006    7  378.50023
2006    8  375.71459
2006    9  378.66199
2006   10  383.33473
2006   11  387.11610
2006   12  391.70161
2007    1  392.11867
2007    2  392.01821
2007    3  390.48356
2007    4  389.77107
2007    5  386.84436
2007    6  382.42919
2007    7  377.47360
2007    8  377.50514
2007    9  380.92784
2007   10  385.04330
2007   11  389.81266
2007   12  391.97196
2008    1  392.97421
2008    2  393.66999
2008    3  396.09149
2008    4  393.65850
2008    5  389.69825
2008    6  384.58256
2008    7  379.82251
2008    8  379.97350
2008    9  382.84788
2008   10  387.60967
2008   11  390.46680
2008   12  394.32995
2009    1  395.01797
2009    2  395.79990
2009    3  394.35257
2009    4  394.51162
2009    5  391.30307
2009    6  385.96112
2009    7  383.61686
2009    8  380.45103
2009    9  382.61077
2009   10  386.80027
2009   11  391.83896
2009   12  396.38625
2010    1  397.92355
2010    2  400.08654
2010    3  398.69617
2010    4  398.08833
2010    5  393.53393
2010    6  389.11743
2010    7  383.98101
2010    8  383.46258
2010    9  386.73903
2010   10  392.59868
2010   11  395.93253
2010   12  397.42186
2011    1  400.72919
2011    2  400.45896
2011    3  401.00125
2011    4  400.37814
2011    5  396.45683
2011    6  390.66465
2011    7  386.53525
2011    8  385.88577
2011    9  389.72317
2011   10  395.35185
2011   11  397.40387
2011   12  401.14010
2012    1  403.11893
2012    2  404.28579
2012    3  402.80048
2012    4  403.57077
2012    5  397.75658
2012    6  391.52338
2012    7  384.75636
2012    8  387.19250
2012    9  391.84550
2012   10  396.42278
2012   11  400.46769
2012   12  404.14414
2013    1  408.44272
2013    2  405.07049
2013    3  404.41161
2013    4  404.88507
2013    5  400.78608
2013    6  394.22841
2013    7  390.76101
2013    8  389.70271
2013    9  394.03071
2013   10  398.67143
2013   11  403.19274
2013   12  404.50806
2014    1  406.60505
2014    2  408.66985
2014    3  409.46575
2014    4  406.21436
2014    5  401.97690
2014    6  398.20341
2014    7  393.12098
2014    8  390.89483
2014    9  393.92346
2014   10  399.21195
2014   11  405.40105
2014   12  408.96892
2015    1  408.22470
2015    2  408.17788
2015    3  409.88423
2015    4  407.68945
2015    5  404.48844
2015    6  398.01560
2015    7  396.07385
2015    8  393.89325
2015    9  396.26064
2015   10  400.58556
2015   11  405.56421
2015   12  409.45300
2016    1  411.50153
2016    2  413.11342
2016    3  411.30936
2016    4  410.77763
2016    5  407.54242
2016    6  402.26337
2016    7  397.18379
2016    8  395.12420
2016    9  400.64362
2016   10  405.49249
2016   11  412.42593
2016   12  411.69167
2017    1  414.75854
2017    2  418.43983
2017    3  414.36346
2017    4  415.65570
2017    5  411.36352
2017    6  406.75985
2017    7  400.90529
2017    8  398.31724
2017    9  403.01838
2017   10  407.76678
2017   11  411.69912
2017   12  414.01957
