yy mm co2
2000    1  373.19923
2000    2  374.65457
2000    3  374.64133
2000    4  374.21205
2000    5  371.95490
2000    6  364.91232
2000    7  361.90022
2000    8  362.82174
2000    9  365.67455
2000   10  368.84702
2000   11  370.84881
2000   12  371.57416
2001    1  373.87919
2001    2  374.57841
2001    3  375.11482
2001    4  375.97661
2001    5  373.20927
2001    6  368.12623
2001    7  364.67524
2001    8  365.39102
2001    9  367.08804
2001   10  369.92162
2001   11  371.57114
2001   12  373.33305
2002    1  374.53219
2002    2  376.52711
2002    3  376.94280
2002    4  377.66987
2002    5  375.36403
2002    6  372.05371
2002    7  365.36212
2002    8  366.69432
2002    9  368.56698
2002   10  372.35126
2002   11  374.28981
2002   12  376.34460
2003    1  376.74169
2003    2  378.67154
2003    3  379.67405
2003    4  380.44687
2003    5  379.04983
2003    6  375.11002
2003    7  369.49004
2003    8  368.58907
2003    9  372.26788
2003   10  374.55859
2003   11  377.11096
2003   12  377.91868
2004    1  379.50216
2004    2  381.04979
2004    3  382.83441
2004    4  382.82003
2004    5  379.90816
2004    6  375.08988
2004    7  370.91822
2004    8  371.28461
2004    9  373.50491
2004   10  376.24766
2004   11  377.90259
2004   12  379.79955
2005    1  381.42095
2005    2  383.37713
2005    3  383.75950
2005    4  384.40764
2005    5  382.26286
2005    6  376.56981
2005    7  371.53205
2005    8  372.40740
2005    9  375.54817
2005   10  378.54872
2005   11  380.82045
2005   12  381.75500
2006    1  384.56710
2006    2  385.13460
2006    3  386.62413
2006    4  386.66956
2006    5  385.38800
2006    6  379.57425
2006    7  375.24663
2006    8  374.90521
2006    9  378.38664
2006   10  380.75962
2006   11  382.54948
2006   12  384.18121
2007    1  385.74886
2007    2  387.22996
2007    3  388.10898
2007    4  387.77152
2007    5  385.55887
2007    6  380.74359
2007    7  377.64161
2007    8  376.38136
2007    9  379.88729
2007   10  382.78062
2007   11  384.18296
2007   12  386.93578
2008    1  387.85191
2008    2  389.82340
2008    3  390.67611
2008    4  391.17440
2008    5  388.06192
2008    6  381.81440
2008    7  378.61319
2008    8  379.82003
2008    9  381.75768
2008   10  384.48008
2008   11  385.88943
2008   12  387.43144
2009    1  388.74283
2009    2  390.90877
2009    3  391.63278
2009    4  392.34673
2009    5  390.75891
2009    6  386.52189
2009    7  380.28770
2009    8  380.58372
2009    9  382.46537
2009   10  385.33061
2009   11  388.19783
2009   12  389.92701
2010    1  391.43616
2010    2  393.09045
2010    3  394.41173
2010    4  395.16279
2010    5  392.44079
2010    6  387.98741
2010    7  383.29081
2010    8  382.08152
2010    9  386.14619
2010   10  389.26359
2010   11  390.33036
2010   12  392.58038
2011    1  394.28123
2011    2  395.85173
2011    3  396.86449
2011    4  398.16898
2011    5  395.04768
2011    6  389.70055
2011    7  386.18137
2011    8  385.24659
2011    9  387.35621
2011   10  391.27254
2011   11  392.79525
2011   12  395.32984
2012    1  395.99912
2012    2  398.34692
2012    3  398.77358
2012    4  399.51084
2012    5  396.98908
2012    6  391.62787
2012    7  386.32838
2012    8  387.82138
2012    9  390.38045
2012   10  393.42407
2012   11  395.53843
2012   12  397.42500
2013    1  398.96215
2013    2  400.36818
2013    3  400.34944
2013    4  402.55437
2013    5  399.49585
2013    6  394.79110
2013    7  389.32593
2013    8  390.04249
2013    9  392.41562
2013   10  396.40084
2013   11  397.71770
2013   12  399.48279
2014    1  400.78704
2014    2  403.12976
2014    3  403.93497
2014    4  403.84562
2014    5  401.74808
2014    6  397.55489
2014    7  392.75351
2014    8  389.67159
2014    9  393.88266
2014   10  397.32686
2014   11  400.04469
2014   12  401.02907
2015    1  402.83200
2015    2  403.90788
2015    3  406.53814
2015    4  405.52634
2015    5  402.66808
2015    6  398.46855
2015    7  394.52306
2015    8  392.75523
2015    9  395.63567
2015   10  399.19713
2015   11  401.97276
2015   12  404.12485
2016    1  405.47646
2016    2  406.75825
2016    3  407.41911
2016    4  409.05012
2016    5  405.96281
2016    6  402.52710
2016    7  397.18105
2016    8  395.14343
2016    9  400.06201
2016   10  403.33616
2016   11  405.81537
2016   12  407.09577
2017    1  408.86633
2017    2  410.56413
2017    3  411.73270
2017    4  412.93190
2017    5  409.88508
2017    6  407.14742
2017    7  401.23615
2017    8  399.15211
2017    9  402.34404
2017   10  405.36874
2017   11  407.16943
2017   12  409.04144
