yy mm co2
2000    1  375.81677
2000    2  377.27170
2000    3  377.71900
2000    4  376.08892
2000    5  372.13101
2000    6  366.38824
2000    7  358.69639
2000    8  359.17541
2000    9  365.83902
2000   10  373.88885
2000   11  375.69235
2000   12  376.55304
2001    1  378.33772
2001    2  379.75307
2001    3  378.99750
2001    4  379.45938
2001    5  374.32098
2001    6  366.16754
2001    7  360.39163
2001    8  359.09002
2001    9  364.60147
2001   10  372.96489
2001   11  379.79885
2001   12  379.13671
2002    1  378.98766
2002    2  380.35912
2002    3  380.24868
2002    4  381.20788
2002    5  377.32269
2002    6  368.65426
2002    7  360.42018
2002    8  360.30705
2002    9  369.50692
2002   10  375.89489
2002   11  379.48182
2002   12  381.14184
2003    1  379.63918
2003    2  381.27400
2003    3  383.87373
2003    4  382.36775
2003    5  379.42274
2003    6  369.59851
2003    7  368.70880
2003    8  365.16297
2003    9  371.51069
2003   10  378.14974
2003   11  382.58388
2003   12  384.13357
2004    1  383.63825
2004    2  385.99546
2004    3  386.37346
2004    4  384.16727
2004    5  381.90873
2004    6  375.01339
2004    7  363.68155
2004    8  364.24780
2004    9  371.96052
2004   10  381.25349
2004   11  383.97394
2004   12  385.23160
2005    1  386.83356
2005    2  387.49503
2005    3  386.48862
2005    4  386.67495
2005    5  383.24363
2005    6  375.79570
2005    7  363.94238
2005    8  366.88751
2005    9  376.18517
2005   10  381.75558
2005   11  385.31167
2005   12  388.52135
2006    1  389.54531
2006    2  388.46361
2006    3  389.92648
2006    4  389.00913
2006    5  386.32800
2006    6  376.80377
2006    7  372.24911
2006    8  370.62867
2006    9  375.42355
2006   10  383.98054
2006   11  390.00146
2006   12  391.02882
2007    1  390.71255
2007    2  389.90533
2007    3  392.01256
2007    4  390.06321
2007    5  385.24324
2007    6  376.67248
2007    7  369.86938
2007    8  373.46326
2007    9  380.51297
2007   10  387.83907
2007   11  389.45395
2007   12  392.68241
2008    1  393.11449
2008    2  394.43807
2008    3  394.24316
2008    4  394.49061
2008    5  390.42998
2008    6  383.68892
2008    7  374.17829
2008    8  370.82154
2008    9  380.39603
2008   10  387.51253
2008   11  391.68471
2008   12  392.97168
2009    1  393.96071
2009    2  394.76570
2009    3  396.17598
2009    4  394.81209
2009    5  391.55348
2009    6  383.24809
2009    7  373.21658
2009    8  369.36035
2009    9  375.80670
2009   10  388.57909
2009   11  395.30997
2009   12  394.53263
2010    1  395.81285
2010    2  394.91183
2010    3  397.85088
2010    4  395.53933
2010    5  392.22965
2010    6  383.47568
2010    7  376.51203
2010    8  380.87493
2010    9  385.58393
2010   10  392.55858
2010   11  397.16184
2010   12  397.75568
2011    1  399.73482
2011    2  398.69477
2011    3  400.09807
2011    4  399.47827
2011    5  396.60078
2011    6  387.94297
2011    7  377.76641
2011    8  375.06779
2011    9  385.51536
2011   10  393.37989
2011   11  398.65280
2011   12  399.71209
2012    1  400.30607
2012    2  400.86414
2012    3  401.69121
2012    4  400.33052
2012    5  395.66166
2012    6  385.30215
2012    7  379.53415
2012    8  382.17529
2012    9  388.17292
2012   10  397.70341
2012   11  403.04099
2012   12  403.40464
2013    1  403.92784
2013    2  403.93145
2013    3  403.77810
2013    4  404.64630
2013    5  401.35760
2013    6  393.93929
2013    7  383.53715
2013    8  379.85959
2013    9  391.69568
2013   10  399.75354
2013   11  403.96900
2013   12  405.00305
2014    1  404.69138
2014    2  407.03593
2014    3  407.94746
2014    4  406.80508
2014    5  403.97377
2014    6  394.93074
2014    7  385.03247
2014    8  385.86688
2014    9  392.57717
2014   10  400.23931
2014   11  404.24647
2014   12  407.61122
2015    1  407.38640
2015    2  407.95744
2015    3  408.39208
2015    4  407.68698
2015    5  405.28493
2015    6  394.60207
2015    7  385.03678
2015    8  386.27352
2015    9  396.70992
2015   10  403.71437
2015   11  408.98757
2015   12  410.97618
2016    1  411.16349
2016    2  411.08343
2016    3  412.15136
2016    4  410.68590
2016    5  406.79888
2016    6  395.10382
2016    7  390.95795
2016    8  389.10288
2016    9  400.63800
2016   10  407.72042
2016   11  412.12206
2016   12  413.05044
2017    1  414.28744
2017    2  414.05251
2017    3  414.83832
2017    4  414.16250
2017    5  411.28375
2017    6  403.13776
2017    7  392.23177
2017    8  389.57543
2017    9  399.84059
2017   10  409.59346
2017   11  414.11980
2017   12  415.16108
