yy mm co2
2000    1  371.05850
2000    2  371.96302
2000    3  372.50205
2000    4  372.21791
2000    5  372.38491
2000    6  371.36226
2000    7  370.01708
2000    8  368.88907
2000    9  367.78726
2000   10  367.83586
2000   11  369.13031
2000   12  371.02305
2001    1  372.37763
2001    2  372.65982
2001    3  373.36053
2001    4  373.79400
2001    5  372.78092
2001    6  372.13057
2001    7  371.03481
2001    8  369.31565
2001    9  368.99405
2001   10  370.22942
2001   11  371.40766
2001   12  372.65106
2002    1  373.66099
2002    2  375.61118
2002    3  374.55806
2002    4  374.89782
2002    5  375.51377
2002    6  374.22875
2002    7  373.44321
2002    8  372.25851
2002    9  371.61290
2002   10  372.03674
2002   11  373.87881
2002   12  375.07288
2003    1  376.44169
2003    2  377.13008
2003    3  378.32442
2003    4  377.58236
2003    5  378.09712
2003    6  377.40511
2003    7  376.72205
2003    8  375.18356
2003    9  374.37677
2003   10  374.56406
2003   11  375.36808
2003   12  377.70200
2004    1  379.10673
2004    2  380.30109
2004    3  383.39404
2004    4  380.84979
2004    5  379.84049
2004    6  378.65856
2004    7  377.74912
2004    8  376.45147
2004    9  376.25548
2004   10  376.04902
2004   11  377.22508
2004   12  378.99977
2005    1  381.28893
2005    2  382.55882
2005    3  382.71965
2005    4  383.22207
2005    5  381.48614
2005    6  381.14502
2005    7  380.18933
2005    8  379.02797
2005    9  378.23422
2005   10  379.11680
2005   11  380.29975
2005   12  382.90670
2006    1  383.57661
2006    2  384.54251
2006    3  384.95351
2006    4  384.39941
2006    5  384.18919
2006    6  383.32894
2006    7  382.21176
2006    8  380.83643
2006    9  380.64591
2006   10  381.47374
2006   11  382.01385
2006   12  383.64483
2007    1  385.19147
2007    2  385.29802
2007    3  387.44419
2007    4  387.81433
2007    5  386.72710
2007    6  385.44877
2007    7  384.27868
2007    8  382.88115
2007    9  382.80795
2007   10  383.32085
2007   11  384.16471
2007   12  385.85538
2008    1  387.13121
2008    2  389.31839
2008    3  389.74924
2008    4  388.96812
2008    5  389.00899
2008    6  387.63421
2008    7  386.30812
2008    8  385.04746
2008    9  384.61830
2008   10  384.29687
2008   11  385.72546
2008   12  387.28068
2009    1  388.71905
2009    2  388.89030
2009    3  390.15798
2009    4  390.91642
2009    5  390.95775
2009    6  388.84988
2009    7  387.77385
2009    8  386.14060
2009    9  385.33995
2009   10  386.35221
2009   11  387.94422
2009   12  390.53464
2010    1  391.56518
2010    2  390.99992
2010    3  392.49967
2010    4  392.90055
2010    5  392.35971
2010    6  391.72274
2010    7  390.40219
2010    8  388.62924
2010    9  388.59984
2010   10  389.46813
2010   11  390.23577
2010   12  392.68748
2011    1  395.09434
2011    2  395.58174
2011    3  396.15703
2011    4  397.45637
2011    5  394.42774
2011    6  393.42928
2011    7  392.06265
2011    8  390.70824
2011    9  390.10143
2011   10  390.83316
2011   11  391.53203
2011   12  394.00885
2012    1  395.86236
2012    2  396.15628
2012    3  397.37744
2012    4  396.80721
2012    5  396.08695
2012    6  395.39591
2012    7  394.33097
2012    8  392.82421
2012    9  392.22016
2012   10  393.38111
2012   11  395.36413
2012   12  398.09619
2013    1  399.44646
2013    2  398.77606
2013    3  398.36884
2013    4  399.94757
2013    5  398.39072
2013    6  398.09098
2013    7  397.38748
2013    8  396.21181
2013    9  394.54663
2013   10  395.68203
2013   11  397.35142
2013   12  399.96207
2014    1  400.72305
2014    2  401.34968
2014    3  402.07576
2014    4  402.89920
2014    5  401.26630
2014    6  400.07036
2014    7  399.22740
2014    8  397.92879
2014    9  397.45602
2014   10  397.47692
2014   11  400.29999
2014   12  400.99621
2015    1  402.27649
2015    2  403.13005
2015    3  405.49951
2015    4  403.94807
2015    5  402.60365
2015    6  402.30938
2015    7  400.86269
2015    8  400.00727
2015    9  399.06779
2015   10  400.57226
2015   11  401.68571
2015   12  403.95829
2016    1  405.73743
2016    2  406.41095
2016    3  407.36541
2016    4  406.63223
2016    5  406.18391
2016    6  405.26004
2016    7  404.50360
2016    8  402.92917
2016    9  402.53607
2016   10  402.74661
2016   11  406.26814
2016   12  407.02012
2017    1  409.98065
2017    2  409.73051
2017    3  411.76562
2017    4  410.51998
2017    5  410.11703
2017    6  408.24202
2017    7  407.75922
2017    8  406.21019
2017    9  405.13719
2017   10  405.45783
2017   11  407.53151
2017   12  410.11197
