yy mm co2
2000    1  366.10072
2000    2  366.03509
2000    3  366.15180
2000    4  366.48408
2000    5  366.81342
2000    6  367.34136
2000    7  367.75961
2000    8  368.03176
2000    9  368.15190
2000   10  368.04835
2000   11  367.88080
2000   12  367.71331
2001    1  367.50262
2001    2  367.36648
2001    3  367.27413
2001    4  367.54902
2001    5  367.92501
2001    6  368.51238
2001    7  369.08654
2001    8  369.45046
2001    9  369.75328
2001   10  369.74653
2001   11  369.68777
2001   12  369.58593
2002    1  369.39548
2002    2  369.37968
2002    3  369.45593
2002    4  369.58509
2002    5  369.97412
2002    6  370.55666
2002    7  371.08891
2002    8  371.56951
2002    9  371.90737
2002   10  372.04110
2002   11  371.98552
2002   12  371.92827
2003    1  371.80341
2003    2  371.76569
2003    3  371.77384
2003    4  372.02187
2003    5  372.40551
2003    6  372.99679
2003    7  373.51597
2003    8  374.04906
2003    9  374.34674
2003   10  374.23294
2003   11  374.09720
2003   12  373.94551
2004    1  373.74801
2004    2  373.65087
2004    3  373.85209
2004    4  374.12820
2004    5  374.48466
2004    6  375.08918
2004    7  375.61488
2004    8  376.09131
2004    9  376.17763
2004   10  375.96398
2004   11  375.73773
2004   12  375.55283
2005    1  375.47652
2005    2  375.24902
2005    3  375.37070
2005    4  375.68374
2005    5  376.30324
2005    6  376.97566
2005    7  377.61676
2005    8  378.08865
2005    9  378.32448
2005   10  378.33571
2005   11  378.17098
2005   12  377.93643
2006    1  377.71271
2006    2  377.60346
2006    3  377.80064
2006    4  378.04060
2006    5  378.51743
2006    6  379.10620
2006    7  379.38255
2006    8  379.69602
2006    9  379.81226
2006   10  379.78205
2006   11  379.68528
2006   12  379.59323
2007    1  379.37041
2007    2  379.33231
2007    3  379.51293
2007    4  379.79882
2007    5  380.19018
2007    6  380.75566
2007    7  381.32147
2007    8  381.70136
2007    9  381.96929
2007   10  382.03548
2007   11  381.94802
2007   12  381.70122
2008    1  381.66970
2008    2  381.58862
2008    3  381.71891
2008    4  381.99875
2008    5  382.45620
2008    6  382.80775
2008    7  383.38304
2008    8  383.64663
2008    9  383.72265
2008   10  383.73284
2008   11  383.58045
2008   12  383.38479
2009    1  383.28176
2009    2  383.20394
2009    3  383.31485
2009    4  383.49131
2009    5  383.74486
2009    6  384.21070
2009    7  384.77691
2009    8  385.22203
2009    9  385.41161
2009   10  385.36315
2009   11  385.29545
2009   12  385.07994
2010    1  384.89065
2010    2  384.70956
2010    3  384.64734
2010    4  384.96740
2010    5  385.37235
2010    6  386.08909
2010    7  386.88205
2010    8  387.40298
2010    9  387.73232
2010   10  387.72114
2010   11  387.55749
2010   12  387.33942
2011    1  386.99809
2011    2  386.92428
2011    3  386.93467
2011    4  387.16197
2011    5  387.46727
2011    6  388.07583
2011    7  388.65674
2011    8  389.00651
2011    9  389.25352
2011   10  389.15014
2011   11  389.13594
2011   12  388.99059
2012    1  388.77263
2012    2  388.57874
2012    3  388.69696
2012    4  389.11254
2012    5  389.65981
2012    6  390.25728
2012    7  390.88345
2012    8  391.32658
2012    9  391.55278
2012   10  391.52140
2012   11  391.52842
2012   12  391.37161
2013    1  391.26500
2013    2  391.22064
2013    3  391.37871
2013    4  391.84469
2013    5  392.39062
2013    6  393.07709
2013    7  393.72122
2013    8  394.24212
2013    9  394.44710
2013   10  394.35228
2013   11  394.23941
2013   12  394.01796
2014    1  393.96388
2014    2  393.79296
2014    3  393.82989
2014    4  394.07835
2014    5  394.58970
2014    6  395.09399
2014    7  395.67926
2014    8  396.02490
2014    9  396.21070
2014   10  396.12956
2014   11  395.95360
2014   12  395.62068
2015    1  395.48875
2015    2  395.55278
2015    3  395.76794
2015    4  396.12918
2015    5  396.56649
2015    6  397.23326
2015    7  397.74005
2015    8  398.36328
2015    9  398.60743
2015   10  398.61299
2015   11  398.59256
2015   12  398.58915
2016    1  398.38345
2016    2  398.40693
2016    3  398.66872
2016    4  399.11922
2016    5  399.48028
2016    6  400.07744
2016    7  400.95454
2016    8  401.64500
2016    9  401.89386
2016   10  401.92559
2016   11  401.74145
2016   12  401.40172
2017    1  401.06775
2017    2  400.90721
2017    3  400.91341
2017    4  401.24741
2017    5  401.88944
2017    6  402.50871
2017    7  403.12062
2017    8  403.66952
2017    9  403.89388
2017   10  403.73486
2017   11  403.67609
2017   12  403.55773
