yy mm co2
2000    1  374.26993
2000    2  376.67283
2000    3  375.60490
2000    4  375.88450
2000    5  376.10295
2000    6  373.22499
2000    7  365.94711
2000    8  361.07484
2000    9  362.32412
2000   10  367.68671
2000   11  370.50256
2000   12  373.58637
2001    1  375.62559
2001    2  376.56713
2001    3  376.57647
2001    4  377.60122
2001    5  377.67127
2001    6  374.89182
2001    7  367.53117
2001    8  361.57694
2001    9  363.72349
2001   10  368.43916
2001   11  373.06885
2001   12  376.34361
2002    1  378.09429
2002    2  377.86015
2002    3  378.78274
2002    4  379.32297
2002    5  379.08510
2002    6  376.13619
2002    7  369.75360
2002    8  363.20541
2002    9  366.16958
2002   10  371.12884
2002   11  375.50455
2002   12  377.98987
2003    1  379.10434
2003    2  380.80724
2003    3  381.37144
2003    4  381.73463
2003    5  381.95899
2003    6  379.81218
2003    7  369.96824
2003    8  367.84267
2003    9  369.34047
2003   10  373.14781
2003   11  378.31371
2003   12  381.43195
2004    1  382.36321
2004    2  383.42580
2004    3  382.71761
2004    4  383.80880
2004    5  383.62227
2004    6  381.83277
2004    7  374.26275
2004    8  368.55863
2004    9  369.56882
2004   10  373.83902
2004   11  378.66566
2004   12  382.13932
2005    1  384.89868
2005    2  385.51466
2005    3  385.08201
2005    4  385.94683
2005    5  385.73804
2005    6  383.60586
2005    7  376.77388
2005    8  370.09624
2005    9  371.64672
2005   10  376.97301
2005   11  382.09927
2005   12  385.39467
2006    1  386.07942
2006    2  386.44808
2006    3  387.50135
2006    4  387.96250
2006    5  388.83032
2006    6  385.79697
2006    7  377.67703
2006    8  372.98005
2006    9  374.99849
2006   10  379.49081
2006   11  384.26643
2006   12  387.93331
2007    1  389.02569
2007    2  389.59188
2007    3  390.10879
2007    4  390.29095
2007    5  390.01636
2007    6  386.87009
2007    7  377.81728
2007    8  373.72069
2007    9  375.75030
2007   10  380.43526
2007   11  384.96999
2007   12  389.57439
2008    1  391.04768
2008    2  392.41140
2008    3  393.17276
2008    4  393.18443
2008    5  392.72965
2008    6  389.34403
2008    7  382.06461
2008    8  376.07941
2008    9  378.24470
2008   10  382.15166
2008   11  387.93799
2008   12  390.52707
2009    1  392.76911
2009    2  392.62173
2009    3  393.48000
2009    4  394.48673
2009    5  393.91610
2009    6  391.71730
2009    7  383.33991
2009    8  377.18291
2009    9  378.65079
2009   10  383.35976
2009   11  388.09766
2009   12  391.64376
2010    1  393.06979
2010    2  393.86738
2010    3  394.83819
2010    4  395.89021
2010    5  395.55106
2010    6  392.41731
2010    7  384.82150
2010    8  380.90692
2010    9  382.82841
2010   10  388.20054
2010   11  392.24970
2010   12  396.03061
2011    1  397.54200
2011    2  398.31147
2011    3  398.46802
2011    4  398.86468
2011    5  398.56631
2011    6  394.49646
2011    7  387.26168
2011    8  380.57644
2011    9  383.33843
2011   10  388.51643
2011   11  394.70830
2011   12  397.74185
2012    1  399.54513
2012    2  399.55651
2012    3  399.78515
2012    4  400.59298
2012    5  400.50966
2012    6  395.93165
2012    7  388.28998
2012    8  383.00749
2012    9  386.34418
2012   10  391.04742
2012   11  396.89930
2012   12  399.77033
2013    1  401.12980
2013    2  403.17306
2013    3  402.10839
2013    4  402.91689
2013    5  403.05505
2013    6  399.99411
2013    7  392.58419
2013    8  387.62263
2013    9  388.90264
2013   10  394.03964
2013   11  399.33735
2013   12  403.53645
2014    1  402.61837
2014    2  404.77494
2014    3  405.59520
2014    4  405.44168
2014    5  405.35818
2014    6  402.98159
2014    7  395.47618
2014    8  389.21583
2014    9  390.20358
2014   10  395.08159
2014   11  400.83984
2014   12  404.51493
2015    1  406.07917
2015    2  407.26233
2015    3  407.24542
2015    4  407.63433
2015    5  406.78339
2015    6  403.70293
2015    7  394.35868
2015    8  390.41805
2015    9  392.60479
2015   10  396.94263
2015   11  402.60842
2015   12  407.27644
2016    1  408.94948
2016    2  408.94598
2016    3  409.75420
2016    4  410.10478
2016    5  409.59130
2016    6  406.21898
2016    7  397.20366
2016    8  393.21545
2016    9  395.89970
2016   10  401.89750
2016   11  406.66136
2016   12  411.26725
2017    1  412.40561
2017    2  413.58726
2017    3  414.34326
2017    4  414.41282
2017    5  413.68493
2017    6  410.74297
2017    7  401.46397
2017    8  396.68195
2017    9  398.05810
2017   10  403.50514
2017   11  408.19196
2017   12  411.29335
