yy mm co2
2000    1  369.48160
2000    2  369.94988
2000    3  370.19214
2000    4  371.97210
2000    5  372.69312
2000    6  371.89457
2000    7  370.01265
2000    8  368.47274
2000    9  367.13466
2000   10  368.11343
2000   11  368.98602
2000   12  369.98445
2001    1  370.41836
2001    2  371.05058
2001    3  371.90298
2001    4  373.26897
2001    5  374.18527
2001    6  373.19778
2001    7  371.56194
2001    8  369.76134
2001    9  369.02784
2001   10  368.94798
2001   11  370.22942
2001   12  371.10510
2002    1  372.22763
2002    2  372.99370
2002    3  373.45075
2002    4  374.46304
2002    5  375.81535
2002    6  375.33400
2002    7  373.85969
2002    8  372.07396
2002    9  371.54168
2002   10  371.47352
2002   11  372.63901
2002   12  373.58518
2003    1  374.86441
2003    2  374.99919
2003    3  375.77047
2003    4  378.16819
2003    5  378.95245
2003    6  377.89144
2003    7  376.53832
2003    8  374.67509
2003    9  373.67907
2003   10  374.31961
2003   11  375.00303
2003   12  375.99407
2004    1  377.22019
2004    2  377.84202
2004    3  378.29872
2004    4  379.88013
2004    5  380.50796
2004    6  379.38930
2004    7  378.17191
2004    8  376.04599
2004    9  375.22276
2004   10  375.56165
2004   11  376.30295
2004   12  377.76423
2005    1  378.85614
2005    2  379.45548
2005    3  380.47734
2005    4  382.85801
2005    5  383.83398
2005    6  382.19499
2005    7  380.02126
2005    8  378.51371
2005    9  377.39862
2005   10  378.68711
2005   11  379.02739
2005   12  380.49548
2006    1  381.53175
2006    2  382.00893
2006    3  382.53525
2006    4  383.77312
2006    5  384.56483
2006    6  384.15758
2006    7  382.43801
2006    8  380.73293
2006    9  380.05860
2006   10  380.16448
2006   11  381.17266
2006   12  382.42337
2007    1  383.13805
2007    2  383.49343
2007    3  384.52257
2007    4  385.65104
2007    5  386.73170
2007    6  385.78740
2007    7  384.18730
2007    8  382.45230
2007    9  381.59313
2007   10  382.13778
2007   11  382.82658
2007   12  383.95557
2008    1  384.77883
2008    2  384.96859
2008    3  386.64928
2008    4  388.10412
2008    5  388.33974
2008    6  387.50321
2008    7  386.04101
2008    8  384.55837
2008    9  383.51928
2008   10  383.57420
2008   11  384.53282
2008   12  385.45276
2009    1  386.41566
2009    2  386.93572
2009    3  387.62070
2009    4  388.91425
2009    5  390.17483
2009    6  389.33087
2009    7  387.74143
2009    8  385.91432
2009    9  384.38849
2009   10  384.92700
2009   11  386.34165
2009   12  387.33904
2010    1  388.48695
2010    2  389.38152
2010    3  390.22506
2010    4  390.85807
2010    5  392.42997
2010    6  391.64914
2010    7  389.88842
2010    8  388.28896
2010    9  387.32550
2010   10  387.93858
2010   11  389.07010
2010   12  390.39817
2011    1  391.10932
2011    2  391.71468
2011    3  392.64723
2011    4  393.59738
2011    5  394.48426
2011    6  393.62285
2011    7  392.18110
2011    8  390.44677
2011    9  389.49877
2011   10  389.81723
2011   11  391.04919
2011   12  391.92030
2012    1  392.77252
2012    2  393.07147
2012    3  394.35629
2012    4  395.60528
2012    5  396.32517
2012    6  395.13849
2012    7  394.14206
2012    8  392.55110
2012    9  391.99000
2012   10  392.19434
2012   11  393.48193
2012   12  394.22716
2013    1  395.29504
2013    2  395.49512
2013    3  397.09464
2013    4  398.25856
2013    5  400.17813
2013    6  398.47370
2013    7  396.85931
2013    8  395.11884
2013    9  393.83856
2013   10  394.37247
2013   11  395.82170
2013   12  397.47148
2014    1  398.32591
2014    2  398.70534
2014    3  398.57699
2014    4  400.46845
2014    5  401.62355
2014    6  400.24632
2014    7  398.68522
2014    8  396.21149
2014    9  396.29353
2014   10  396.47866
2014   11  397.72052
2014   12  398.45187
2015    1  399.91754
2015    2  400.11681
2015    3  400.71370
2015    4  402.03324
2015    5  402.91328
2015    6  402.29643
2015    7  400.99720
2015    8  398.83936
2015    9  397.98391
2015   10  398.70662
2015   11  400.03736
2015   12  401.20515
2016    1  402.78348
2016    2  403.32502
2016    3  404.12633
2016    4  405.33199
2016    5  407.03162
2016    6  405.88615
2016    7  403.95869
2016    8  401.95254
2016    9  400.99738
2016   10  402.32608
2016   11  403.75680
2016   12  404.50221
2017    1  405.58772
2017    2  406.15859
2017    3  407.84394
2017    4  408.94395
2017    5  409.88016
2017    6  408.82200
2017    7  406.69827
2017    8  404.50352
2017    9  403.92217
2017   10  404.61493
2017   11  405.64706
2017   12  406.33936
