yy mm co2
2000    1  368.45423
2000    2  369.56725
2000    3  370.00174
2000    4  368.94233
2000    5  367.66499
2000    6  368.73738
2000    7  369.45415
2000    8  368.83669
2000    9  368.87737
2000   10  368.75842
2000   11  368.31468
2000   12  368.69047
2001    1  370.43568
2001    2  370.68588
2001    3  370.91729
2001    4  369.42237
2001    5  368.97429
2001    6  370.04225
2001    7  370.75812
2001    8  370.61199
2001    9  370.68731
2001   10  370.86505
2001   11  370.22712
2001   12  370.03073
2002    1  371.49445
2002    2  372.30342
2002    3  372.32257
2002    4  371.39285
2002    5  370.49412
2002    6  371.55935
2002    7  372.32312
2002    8  372.49635
2002    9  372.54993
2002   10  372.73514
2002   11  372.33226
2002   12  372.39608
2003    1  373.79790
2003    2  374.60931
2003    3  375.23574
2003    4  374.05157
2003    5  373.02717
2003    6  374.79139
2003    7  375.08889
2003    8  375.33708
2003    9  374.77564
2003   10  374.59040
2003   11  374.48943
2003   12  374.76482
2004    1  376.43596
2004    2  377.10689
2004    3  377.40124
2004    4  376.62993
2004    5  375.58252
2004    6  376.60051
2004    7  376.98777
2004    8  376.80368
2004    9  376.46378
2004   10  376.49463
2004   11  376.21838
2004   12  376.67423
2005    1  377.56286
2005    2  379.13429
2005    3  379.39733
2005    4  378.70646
2005    5  377.86763
2005    6  379.33729
2005    7  379.63394
2005    8  379.29625
2005    9  378.96342
2005   10  378.89802
2005   11  378.62040
2005   12  378.95582
2006    1  380.60313
2006    2  381.22371
2006    3  382.24796
2006    4  381.08134
2006    5  380.73611
2006    6  380.85537
2006    7  380.57534
2006    8  380.75112
2006    9  380.54390
2006   10  380.35261
2006   11  379.84268
2006   12  380.83206
2007    1  382.33463
2007    2  382.73321
2007    3  383.29128
2007    4  382.32564
2007    5  381.79429
2007    6  382.87960
2007    7  383.63950
2007    8  382.95184
2007    9  382.42718
2007   10  382.39232
2007   11  382.41883
2007   12  382.91782
2008    1  384.73230
2008    2  385.77241
2008    3  385.53099
2008    4  384.20825
2008    5  384.07953
2008    6  384.32714
2008    7  385.23495
2008    8  384.89146
2008    9  384.52944
2008   10  383.98901
2008   11  383.52504
2008   12  384.33610
2009    1  385.79208
2009    2  386.31304
2009    3  386.80513
2009    4  385.70267
2009    5  385.66289
2009    6  386.26118
2009    7  386.77268
2009    8  386.24799
2009    9  385.83679
2009   10  386.04284
2009   11  385.07875
2009   12  386.51205
2010    1  387.84323
2010    2  388.14606
2010    3  388.89999
2010    4  387.83398
2010    5  387.17780
2010    6  388.04972
2010    7  388.93343
2010    8  388.88928
2010    9  388.26282
2010   10  388.33707
2010   11  388.31224
2010   12  388.53195
2011    1  390.30056
2011    2  391.35184
2011    3  391.98346
2011    4  390.90257
2011    5  389.25972
2011    6  390.46811
2011    7  390.76505
2011    8  390.93749
2011    9  390.14511
2011   10  390.41019
2011   11  389.84415
2011   12  390.57177
2012    1  392.09556
2012    2  392.86629
2012    3  393.63711
2012    4  392.06757
2012    5  391.10027
2012    6  392.59612
2012    7  393.74412
2012    8  392.61638
2012    9  392.43131
2012   10  392.60706
2012   11  392.46224
2012   12  392.68585
2013    1  394.56354
2013    2  395.35735
2013    3  395.34221
2013    4  394.07297
2013    5  394.01214
2013    6  394.80909
2013    7  395.78805
2013    8  395.46951
2013    9  395.50968
2013   10  395.31162
2013   11  395.13034
2013   12  395.15397
2014    1  396.79295
2014    2  398.11261
2014    3  398.62614
2014    4  397.35422
2014    5  396.02013
2014    6  396.72130
2014    7  397.23920
2014    8  397.69997
2014    9  397.53926
2014   10  397.33440
2014   11  396.63841
2014   12  396.73396
2015    1  398.85382
2015    2  399.12379
2015    3  400.06693
2015    4  398.15856
2015    5  397.78851
2015    6  398.89000
2015    7  399.42324
2015    8  399.36401
2015    9  399.12798
2015   10  399.23686
2015   11  399.14541
2015   12  400.03256
2016    1  401.66086
2016    2  402.87687
2016    3  403.16617
2016    4  401.91523
2016    5  400.69147
2016    6  401.53362
2016    7  402.67821
2016    8  402.88936
2016    9  402.60970
2016   10  402.40865
2016   11  402.32012
2016   12  403.07952
2017    1  404.54351
2017    2  405.87952
2017    3  406.38703
2017    4  404.40375
2017    5  403.84382
2017    6  404.66621
2017    7  405.25547
2017    8  405.65510
2017    9  404.98297
2017   10  405.03705
2017   11  404.52337
2017   12  405.38490
