yy mm co2
2000    1  370.33350
2000    2  370.52584
2000    3  371.41494
2000    4  372.47417
2000    5  371.99247
2000    6  371.61229
2000    7  370.21394
2000    8  368.64524
2000    9  367.24622
2000   10  367.45094
2000   11  368.64384
2000   12  369.90870
2001    1  370.78228
2001    2  371.93624
2001    3  373.15401
2001    4  373.33701
2001    5  373.80683
2001    6  372.82048
2001    7  371.39363
2001    8  369.92817
2001    9  368.49687
2001   10  368.70397
2001   11  369.94973
2001   12  371.34151
2002    1  372.55505
2002    2  373.50552
2002    3  374.28865
2002    4  374.75154
2002    5  375.24567
2002    6  375.11680
2002    7  373.84828
2002    8  371.94215
2002    9  370.89508
2002   10  370.83516
2002   11  372.54023
2002   12  373.77488
2003    1  374.88449
2003    2  375.84806
2003    3  376.48089
2003    4  377.70730
2003    5  378.29755
2003    6  377.75654
2003    7  376.74588
2003    8  374.91249
2003    9  373.45511
2003   10  373.42150
2003   11  374.90152
2003   12  376.01794
2004    1  376.97324
2004    2  378.00788
2004    3  379.03892
2004    4  380.95372
2004    5  380.40098
2004    6  379.52614
2004    7  377.87858
2004    8  376.47694
2004    9  374.45387
2004   10  375.17902
2004   11  376.51774
2004   12  377.65826
2005    1  378.62864
2005    2  380.35226
2005    3  381.24766
2005    4  382.22014
2005    5  382.24357
2005    6  381.73710
2005    7  380.65779
2005    8  378.73120
2005    9  377.22374
2005   10  377.59249
2005   11  378.92043
2005   12  380.46454
2006    1  381.54746
2006    2  382.77288
2006    3  383.03327
2006    4  384.99158
2006    5  385.26129
2006    6  384.09673
2006    7  382.57096
2006    8  380.81742
2006    9  379.26115
2006   10  379.76512
2006   11  380.65852
2006   12  382.19310
2007    1  383.42515
2007    2  384.67546
2007    3  385.38166
2007    4  387.03208
2007    5  386.75085
2007    6  385.76729
2007    7  384.09999
2007    8  381.81207
2007    9  381.30669
2007   10  381.79528
2007   11  382.86814
2007   12  384.16337
2008    1  386.23382
2008    2  386.21924
2008    3  386.71819
2008    4  387.85845
2008    5  388.93419
2008    6  387.99163
2008    7  386.24878
2008    8  384.27825
2008    9  383.39457
2008   10  383.28365
2008   11  384.31797
2008   12  385.54092
2009    1  387.18130
2009    2  387.70196
2009    3  389.11903
2009    4  389.31426
2009    5  389.91959
2009    6  389.44202
2009    7  387.81852
2009    8  385.84170
2009    9  384.35336
2009   10  384.56716
2009   11  386.03009
2009   12  387.46221
2010    1  388.69207
2010    2  390.53982
2010    3  391.85103
2010    4  392.82133
2010    5  392.65814
2010    6  391.71803
2010    7  390.20923
2010    8  388.38922
2010    9  387.05359
2010   10  387.77594
2010   11  389.24915
2010   12  390.11904
2011    1  391.61535
2011    2  392.40447
2011    3  393.25637
2011    4  393.73664
2011    5  394.36150
2011    6  393.67628
2011    7  391.99684
2011    8  390.31878
2011    9  389.49554
2011   10  389.53536
2011   11  390.56985
2011   12  392.21361
2012    1  393.74482
2012    2  394.33359
2012    3  395.20263
2012    4  396.54077
2012    5  396.68765
2012    6  395.80138
2012    7  394.29712
2012    8  392.69860
2012    9  391.36177
2012   10  391.73386
2012   11  393.26336
2012   12  394.65920
2013    1  395.90316
2013    2  397.27773
2013    3  398.14526
2013    4  398.92513
2013    5  399.64932
2013    6  398.64625
2013    7  396.92724
2013    8  395.24891
2013    9  393.71807
2013   10  394.04345
2013   11  395.46561
2013   12  397.15049
2014    1  398.36380
2014    2  398.78988
2014    3  400.64802
2014    4  401.99570
2014    5  401.88635
2014    6  401.09563
2014    7  399.15094
2014    8  397.11507
2014    9  395.67935
2014   10  396.32115
2014   11  397.63490
2014   12  399.33313
2015    1  400.00057
2015    2  400.56504
2015    3  402.05242
2015    4  403.85892
2015    5  403.89929
2015    6  402.48584
2015    7  400.84255
2015    8  399.28200
2015    9  397.70728
2015   10  398.53156
2015   11  399.90674
2015   12  401.74022
2016    1  402.69940
2016    2  404.15057
2016    3  405.10201
2016    4  406.89053
2016    5  407.23625
2016    6  406.19896
2016    7  404.24563
2016    8  402.42064
2016    9  401.00163
2016   10  401.86741
2016   11  404.04344
2016   12  404.58480
2017    1  406.46110
2017    2  407.01311
2017    3  408.03690
2017    4  409.59954
2017    5  410.21785
2017    6  409.11310
2017    7  407.12632
2017    8  405.61773
2017    9  403.85104
2017   10  404.31906
2017   11  405.61843
2017   12  407.02999
