yy mm co2
2000    1  371.96153
2000    2  373.25261
2000    3  373.78052
2000    4  373.03549
2000    5  372.30071
2000    6  371.89247
2000    7  370.05910
2000    8  368.35094
2000    9  366.86397
2000   10  367.30923
2000   11  368.98235
2000   12  371.78688
2001    1  372.89321
2001    2  373.98751
2001    3  375.01851
2001    4  374.59753
2001    5  373.82249
2001    6  372.89772
2001    7  370.49261
2001    8  369.17147
2001    9  368.39859
2001   10  368.80153
2001   11  370.60067
2001   12  373.28360
2002    1  374.52721
2002    2  375.49657
2002    3  376.32108
2002    4  377.22322
2002    5  376.28639
2002    6  375.18586
2002    7  373.32351
2002    8  371.98764
2002    9  370.59688
2002   10  370.90242
2002   11  373.21320
2002   12  374.89049
2003    1  376.80336
2003    2  378.25637
2003    3  379.28318
2003    4  379.13921
2003    5  379.20946
2003    6  378.14627
2003    7  376.67391
2003    8  374.57224
2003    9  373.27755
2003   10  373.62409
2003   11  375.84422
2003   12  377.44438
2004    1  379.71325
2004    2  381.36865
2004    3  381.47153
2004    4  381.10724
2004    5  381.76953
2004    6  379.74297
2004    7  377.28500
2004    8  376.39742
2004    9  374.01196
2004   10  375.27311
2004   11  377.19883
2004   12  379.13374
2005    1  381.28212
2005    2  382.44840
2005    3  383.44794
2005    4  383.90409
2005    5  382.67527
2005    6  382.09182
2005    7  380.39160
2005    8  378.24822
2005    9  376.82423
2005   10  377.42668
2005   11  380.09265
2005   12  382.52529
2006    1  384.04818
2006    2  384.70305
2006    3  385.54103
2006    4  386.25515
2006    5  385.73233
2006    6  384.61207
2006    7  382.87809
2006    8  380.77854
2006    9  379.11962
2006   10  380.04332
2006   11  382.30416
2006   12  383.30466
2007    1  385.84947
2007    2  387.38063
2007    3  388.41099
2007    4  387.71814
2007    5  387.49297
2007    6  386.02750
2007    7  384.38794
2007    8  382.15122
2007    9  381.18169
2007   10  381.78114
2007   11  383.29026
2007   12  385.32540
2008    1  387.79015
2008    2  389.67025
2008    3  390.17020
2008    4  389.98175
2008    5  389.35035
2008    6  388.38788
2008    7  386.06595
2008    8  384.46704
2008    9  382.76156
2008   10  383.18118
2008   11  385.48445
2008   12  387.06034
2009    1  388.99161
2009    2  390.17518
2009    3  391.52047
2009    4  390.78592
2009    5  391.34835
2009    6  389.00084
2009    7  387.60304
2009    8  385.76883
2009    9  384.28543
2009   10  384.53587
2009   11  386.61767
2009   12  389.23969
2010    1  391.78526
2010    2  392.41029
2010    3  392.78247
2010    4  393.85891
2010    5  393.82698
2010    6  392.11637
2010    7  390.02320
2010    8  388.15176
2010    9  387.05824
2010   10  387.62382
2010   11  390.27820
2010   12  392.01663
2011    1  394.98921
2011    2  394.74657
2011    3  396.36367
2011    4  396.72473
2011    5  395.41358
2011    6  394.19913
2011    7  391.88119
2011    8  390.10646
2011    9  389.08076
2011   10  389.53172
2011   11  392.20875
2011   12  393.40969
2012    1  396.40456
2012    2  397.20314
2012    3  398.25827
2012    4  398.80379
2012    5  397.60533
2012    6  395.87615
2012    7  394.37349
2012    8  392.13244
2012    9  390.73359
2012   10  391.93797
2012   11  395.15036
2012   12  396.95654
2013    1  399.01544
2013    2  399.92065
2013    3  399.69114
2013    4  400.95582
2013    5  400.30808
2013    6  399.10641
2013    7  397.16260
2013    8  395.28433
2013    9  393.39630
2013   10  394.23551
2013   11  397.11373
2013   12  399.27496
2014    1  401.06318
2014    2  402.12666
2014    3  403.20453
2014    4  402.96852
2014    5  402.94579
2014    6  401.12410
2014    7  398.79419
2014    8  396.82325
2014    9  395.93101
2014   10  396.49071
2014   11  398.51581
2014   12  401.00465
2015    1  402.86232
2015    2  404.17936
2015    3  404.63355
2015    4  404.97087
2015    5  404.54473
2015    6  403.05438
2015    7  400.94944
2015    8  398.24384
2015    9  396.26303
2015   10  398.37524
2015   11  400.53995
2015   12  404.24598
2016    1  405.56589
2016    2  406.84181
2016    3  408.24656
2016    4  408.27499
2016    5  407.81675
2016    6  406.15117
2016    7  404.46609
2016    8  402.56980
2016    9  400.71426
2016   10  401.94613
2016   11  403.78206
2016   12  406.92723
2017    1  409.96107
2017    2  410.67455
2017    3  412.45483
2017    4  411.48288
2017    5  411.12857
2017    6  409.50661
2017    7  407.54478
2017    8  405.59453
2017    9  403.77118
2017   10  404.00482
2017   11  406.75345
2017   12  407.98707
