yy mm co2
2000    1  366.04606
2000    2  366.09071
2000    3  366.23576
2000    4  366.58111
2000    5  366.92389
2000    6  367.45760
2000    7  367.85076
2000    8  368.03843
2000    9  368.04823
2000   10  367.89966
2000   11  367.63278
2000   12  367.32765
2001    1  367.32890
2001    2  367.28624
2001    3  367.19174
2001    4  367.59325
2001    5  368.03249
2001    6  368.66410
2001    7  369.24201
2001    8  369.52406
2001    9  369.69472
2001   10  369.68198
2001   11  369.63515
2001   12  369.33334
2002    1  369.28439
2002    2  369.25342
2002    3  369.29961
2002    4  369.45060
2002    5  369.97578
2002    6  370.64048
2002    7  371.15082
2002    8  371.61543
2002    9  371.89870
2002   10  371.90469
2002   11  371.77937
2002   12  371.73094
2003    1  371.66933
2003    2  371.77041
2003    3  371.82978
2003    4  372.15077
2003    5  372.60918
2003    6  373.18049
2003    7  373.69650
2003    8  374.16280
2003    9  374.27837
2003   10  374.14231
2003   11  373.91690
2003   12  373.57374
2004    1  373.65494
2004    2  373.70020
2004    3  373.80733
2004    4  374.13347
2004    5  374.63065
2004    6  375.16246
2004    7  375.80772
2004    8  376.18948
2004    9  376.14873
2004   10  375.86840
2004   11  375.53374
2004   12  375.29631
2005    1  375.28126
2005    2  375.31441
2005    3  375.51162
2005    4  375.76558
2005    5  376.46791
2005    6  377.22386
2005    7  377.68015
2005    8  378.07386
2005    9  378.33198
2005   10  378.20713
2005   11  377.99895
2005   12  377.64391
2006    1  377.75413
2006    2  377.63247
2006    3  377.80576
2006    4  378.17686
2006    5  378.71517
2006    6  379.27052
2006    7  379.56837
2006    8  379.80484
2006    9  379.77361
2006   10  379.68592
2006   11  379.59684
2006   12  379.27536
2007    1  379.33694
2007    2  379.47635
2007    3  379.47245
2007    4  379.77030
2007    5  380.32132
2007    6  380.85913
2007    7  381.33556
2007    8  381.74653
2007    9  381.90364
2007   10  381.94563
2007   11  381.68664
2007   12  381.33195
2008    1  381.56690
2008    2  381.59100
2008    3  381.68495
2008    4  382.05378
2008    5  382.42032
2008    6  382.96005
2008    7  383.48031
2008    8  383.62492
2008    9  383.74655
2008   10  383.64748
2008   11  383.52225
2008   12  383.19392
2009    1  383.05781
2009    2  383.20676
2009    3  383.25094
2009    4  383.36898
2009    5  383.76142
2009    6  384.22411
2009    7  384.81981
2009    8  385.22878
2009    9  385.22703
2009   10  385.26088
2009   11  385.15974
2009   12  384.76335
2010    1  384.77121
2010    2  384.72092
2010    3  384.71946
2010    4  385.01373
2010    5  385.58419
2010    6  386.31461
2010    7  387.05723
2010    8  387.55257
2010    9  387.72007
2010   10  387.43799
2010   11  387.44655
2010   12  386.98706
2011    1  387.03441
2011    2  386.93548
2011    3  386.96482
2011    4  387.13982
2011    5  387.50618
2011    6  388.27394
2011    7  388.78692
2011    8  388.96117
2011    9  389.10634
2011   10  389.08527
2011   11  388.99583
2011   12  388.71745
2012    1  388.66667
2012    2  388.66629
2012    3  388.70511
2012    4  389.10992
2012    5  389.75413
2012    6  390.40082
2012    7  391.09436
2012    8  391.38031
2012    9  391.43843
2012   10  391.42062
2012   11  391.25944
2012   12  390.97475
2013    1  391.16715
2013    2  391.23325
2013    3  391.46323
2013    4  391.90185
2013    5  392.67418
2013    6  393.24080
2013    7  393.89989
2013    8  394.23647
2013    9  394.29363
2013   10  394.23385
2013   11  394.16732
2013   12  393.62087
2014    1  393.89747
2014    2  393.78137
2014    3  393.86630
2014    4  394.15763
2014    5  394.67280
2014    6  395.26686
2014    7  395.74495
2014    8  395.94815
2014    9  396.09155
2014   10  395.97048
2014   11  395.67795
2014   12  395.37004
2015    1  395.37167
2015    2  395.56608
2015    3  395.64967
2015    4  396.09338
2015    5  396.75159
2015    6  397.34555
2015    7  397.94474
2015    8  398.44465
2015    9  398.56671
2015   10  398.52751
2015   11  398.44264
2015   12  398.03836
2016    1  398.29707
2016    2  398.37221
2016    3  398.61695
2016    4  398.98511
2016    5  399.44693
2016    6  400.38759
2016    7  401.18446
2016    8  401.56758
2016    9  401.84372
2016   10  401.77410
2016   11  401.49043
2016   12  401.06062
2017    1  400.95317
2017    2  400.81874
2017    3  400.93891
2017    4  401.22317
2017    5  402.05775
2017    6  402.61250
2017    7  403.18011
2017    8  403.71658
2017    9  403.79335
2017   10  403.56346
2017   11  403.41899
2017   12  403.46442
