yy mm co2
2000    1  368.86401
2000    2  368.33354
2000    3  368.51328
2000    4  367.23263
2000    5  368.12414
2000    6  368.92286
2000    7  369.33238
2000    8  369.18712
2000    9  369.48925
2000   10  369.85899
2000   11  368.64352
2000   12  368.75447
2001    1  368.03994
2001    2  368.10845
2001    3  369.15080
2001    4  369.11361
2001    5  369.63820
2001    6  370.57081
2001    7  370.62785
2001    8  370.57704
2001    9  370.77401
2001   10  371.39753
2001   11  370.62893
2001   12  370.40072
2002    1  371.12160
2002    2  371.51264
2002    3  370.54351
2002    4  370.83434
2002    5  371.77344
2002    6  372.43956
2002    7  372.83712
2002    8  372.99452
2002    9  372.99667
2002   10  373.17470
2002   11  372.67670
2002   12  372.99673
2003    1  373.74697
2003    2  373.47976
2003    3  373.47095
2003    4  373.89909
2003    5  374.28929
2003    6  375.04564
2003    7  375.09628
2003    8  375.37687
2003    9  375.47218
2003   10  375.35577
2003   11  375.01275
2003   12  375.19741
2004    1  377.14562
2004    2  376.65380
2004    3  376.42734
2004    4  376.09783
2004    5  376.47464
2004    6  376.98296
2004    7  377.69298
2004    8  377.22819
2004    9  377.01469
2004   10  376.78226
2004   11  376.48360
2004   12  376.60031
2005    1  377.52485
2005    2  377.36454
2005    3  377.88827
2005    4  377.97311
2005    5  378.23449
2005    6  379.48703
2005    7  379.54791
2005    8  379.68313
2005    9  379.95720
2005   10  379.83825
2005   11  379.22099
2005   12  379.45455
2006    1  379.73005
2006    2  380.16055
2006    3  380.73963
2006    4  380.57944
2006    5  380.63293
2006    6  380.86931
2006    7  380.90476
2006    8  381.22755
2006    9  381.36926
2006   10  380.97167
2006   11  380.79475
2006   12  380.98474
2007    1  381.62543
2007    2  382.04217
2007    3  382.14098
2007    4  381.50340
2007    5  381.89685
2007    6  382.38990
2007    7  383.24328
2007    8  383.19093
2007    9  383.47248
2007   10  383.39224
2007   11  383.42111
2007   12  383.49995
2008    1  384.30319
2008    2  385.10785
2008    3  383.96180
2008    4  383.82920
2008    5  384.01139
2008    6  384.41404
2008    7  384.84213
2008    8  385.02074
2008    9  385.39350
2008   10  385.15154
2008   11  384.17612
2008   12  384.25237
2009    1  384.95142
2009    2  385.29228
2009    3  385.22060
2009    4  385.30017
2009    5  385.70742
2009    6  386.26455
2009    7  386.76988
2009    8  386.91572
2009    9  386.71910
2009   10  386.53382
2009   11  385.97375
2009   12  386.06965
2010    1  387.04008
2010    2  387.42428
2010    3  387.54128
2010    4  387.71378
2010    5  387.81285
2010    6  388.73852
2010    7  388.56419
2010    8  388.89388
2010    9  388.64274
2010   10  389.16615
2010   11  388.61984
2010   12  388.94234
2011    1  389.54755
2011    2  389.07400
2011    3  389.53699
2011    4  389.56042
2011    5  389.59773
2011    6  390.44698
2011    7  390.60338
2011    8  390.72262
2011    9  390.73374
2011   10  390.48097
2011   11  390.13839
2011   12  390.31525
2012    1  391.03648
2012    2  390.81540
2012    3  390.96095
2012    4  391.44777
2012    5  392.01637
2012    6  392.33465
2012    7  392.76830
2012    8  392.59452
2012    9  393.16833
2012   10  393.04886
2012   11  392.87366
2012   12  393.01289
2013    1  393.22165
2013    2  393.61804
2013    3  393.93001
2013    4  394.56520
2013    5  394.80376
2013    6  395.60409
2013    7  395.93829
2013    8  396.24216
2013    9  395.91119
2013   10  396.17255
2013   11  395.65211
2013   12  396.14161
2014    1  396.49461
2014    2  396.16576
2014    3  396.37537
2014    4  396.67051
2014    5  396.48204
2014    6  396.93373
2014    7  397.18836
2014    8  397.46426
2014    9  397.63481
2014   10  397.59083
2014   11  397.09348
2014   12  397.42616
2015    1  397.05157
2015    2  397.71543
2015    3  397.83915
2015    4  398.89978
2015    5  398.72690
2015    6  399.20822
2015    7  399.76652
2015    8  399.80482
2015    9  400.02717
2015   10  400.26859
2015   11  399.89961
2015   12  400.42677
2016    1  402.34416
2016    2  401.03117
2016    3  400.97797
2016    4  401.07718
2016    5  401.65029
2016    6  402.77035
2016    7  403.15464
2016    8  403.29038
2016    9  403.12961
2016   10  403.77583
2016   11  402.81366
2016   12  402.79250
2017    1  403.54888
2017    2  404.27357
2017    3  404.40771
2017    4  403.62269
2017    5  404.15829
2017    6  405.13198
2017    7  405.04680
2017    8  405.59861
2017    9  405.20722
2017   10  405.63420
2017   11  404.90570
2017   12  404.93516
