yy mm co2
2000    1  368.26718
2000    2  367.41636
2000    3  367.91182
2000    4  369.81062
2000    5  370.38699
2000    6  371.22116
2000    7  370.26004
2000    8  369.87147
2000    9  370.64435
2000   10  372.49256
2000   11  369.52348
2000   12  368.58828
2001    1  368.21538
2001    2  368.55566
2001    3  369.38267
2001    4  369.17659
2001    5  371.24869
2001    6  372.17737
2001    7  371.52681
2001    8  372.14061
2001    9  372.48674
2001   10  374.66292
2001   11  373.45118
2001   12  370.94567
2002    1  370.30448
2002    2  369.84906
2002    3  370.41309
2002    4  371.54873
2002    5  371.90571
2002    6  372.99425
2002    7  374.39726
2002    8  375.01310
2002    9  374.38422
2002   10  375.79768
2002   11  375.34736
2002   12  373.56190
2003    1  372.83351
2003    2  373.26611
2003    3  373.17941
2003    4  373.86225
2003    5  374.44182
2003    6  375.81401
2003    7  376.88005
2003    8  376.46023
2003    9  376.75089
2003   10  378.17843
2003   11  377.43244
2003   12  376.02513
2004    1  375.79300
2004    2  374.79866
2004    3  375.94364
2004    4  376.81658
2004    5  377.90582
2004    6  377.90966
2004    7  378.65265
2004    8  378.41976
2004    9  377.81350
2004   10  378.54037
2004   11  378.91095
2004   12  377.53693
2005    1  377.50608
2005    2  376.42603
2005    3  377.37755
2005    4  378.21024
2005    5  378.57032
2005    6  379.51284
2005    7  380.52822
2005    8  381.12185
2005    9  381.63198
2005   10  382.86654
2005   11  380.65645
2005   12  381.18014
2006    1  380.39908
2006    2  378.58562
2006    3  379.84888
2006    4  379.98141
2006    5  381.03529
2006    6  382.59776
2006    7  382.08268
2006    8  381.33128
2006    9  382.90489
2006   10  384.06468
2006   11  383.00228
2006   12  381.73175
2007    1  380.69501
2007    2  380.36727
2007    3  380.58334
2007    4  382.53894
2007    5  382.67663
2007    6  383.32166
2007    7  383.51704
2007    8  384.92068
2007    9  384.72438
2007   10  389.03794
2007   11  387.89160
2007   12  384.10176
2008    1  383.70077
2008    2  383.96844
2008    3  384.54009
2008    4  383.50341
2008    5  384.27886
2008    6  385.02319
2008    7  385.55369
2008    8  386.44741
2008    9  386.37826
2008   10  386.97594
2008   11  387.21281
2008   12  385.16888
2009    1  384.39382
2009    2  384.74580
2009    3  385.43931
2009    4  384.67901
2009    5  385.86193
2009    6  386.73586
2009    7  386.70810
2009    8  387.34227
2009    9  387.67402
2009   10  389.84575
2009   11  388.53011
2009   12  386.48042
2010    1  386.26161
2010    2  385.81609
2010    3  386.94844
2010    4  387.55703
2010    5  388.23893
2010    6  388.31192
2010    7  389.37246
2010    8  390.20323
2010    9  391.23706
2010   10  391.87772
2010   11  391.76279
2010   12  389.92520
2011    1  389.04880
2011    2  387.34649
2011    3  387.37972
2011    4  388.98460
2011    5  392.05444
2011    6  391.99702
2011    7  392.19265
2011    8  392.43739
2011    9  392.94877
2011   10  391.67496
2011   11  390.69069
2011   12  391.20045
2012    1  389.75186
2012    2  391.15682
2012    3  391.21084
2012    4  391.68730
2012    5  391.96794
2012    6  392.46696
2012    7  393.67910
2012    8  395.40516
2012    9  395.72324
2012   10  396.67121
2012   11  394.98278
2012   12  393.84101
2013    1  392.34734
2013    2  392.07831
2013    3  392.56611
2013    4  393.36347
2013    5  394.55833
2013    6  396.41312
2013    7  397.63018
2013    8  397.72419
2013    9  398.94515
2013   10  399.45816
2013   11  397.96426
2013   12  398.30618
2014    1  396.12374
2014    2  395.61602
2014    3  395.90587
2014    4  396.38384
2014    5  396.86129
2014    6  397.78798
2014    7  399.08587
2014    8  398.46910
2014    9  398.45408
2014   10  400.74313
2014   11  400.67060
2014   12  396.91440
2015    1  395.75741
2015    2  395.89754
2015    3  396.41012
2015    4  399.68576
2015    5  399.41477
2015    6  399.50651
2015    7  400.01169
2015    8  402.43025
2015    9  401.58906
2015   10  402.64727
2015   11  401.26467
2015   12  400.61062
2016    1  399.98148
2016    2  399.27271
2016    3  400.39347
2016    4  400.43192
2016    5  401.51394
2016    6  403.74100
2016    7  403.95232
2016    8  404.28046
2016    9  404.47802
2016   10  404.16102
2016   11  403.46649
2016   12  403.29108
2017    1  402.18129
2017    2  401.48434
2017    3  401.23428
2017    4  402.89084
2017    5  404.24542
2017    6  405.98397
2017    7  406.59495
2017    8  405.93353
2017    9  407.35325
2017   10  407.27446
2017   11  406.36957
2017   12  405.66054
