yy mm co2
2000    1  372.05219
2000    2  372.83771
2000    3  373.99665
2000    4  374.05759
2000    5  373.01512
2000    6  371.14063
2000    7  370.22936
2000    8  368.98546
2000    9  367.30320
2000   10  368.14771
2000   11  370.55736
2000   12  371.49471
2001    1  373.19015
2001    2  374.04944
2001    3  375.35228
2001    4  375.47151
2001    5  374.47555
2001    6  372.74437
2001    7  371.32818
2001    8  369.48940
2001    9  367.74491
2001   10  369.18788
2001   11  371.53927
2001   12  373.29402
2002    1  374.42593
2002    2  375.55263
2002    3  377.20395
2002    4  377.05788
2002    5  376.96181
2002    6  374.90719
2002    7  373.09949
2002    8  370.77407
2002    9  370.55300
2002   10  371.90731
2002   11  373.67165
2002   12  375.31956
2003    1  376.12510
2003    2  378.06775
2003    3  379.35341
2003    4  379.70452
2003    5  379.20460
2003    6  377.58317
2003    7  376.74222
2003    8  374.36010
2003    9  372.96873
2003   10  374.26371
2003   11  376.42961
2003   12  377.71702
2004    1  378.88825
2004    2  381.04996
2004    3  381.28838
2004    4  382.03225
2004    5  381.44199
2004    6  379.43674
2004    7  377.40145
2004    8  374.52680
2004    9  374.39167
2004   10  375.86575
2004   11  377.87706
2004   12  379.28805
2005    1  380.21451
2005    2  382.25448
2005    3  383.88433
2005    4  384.30552
2005    5  383.85569
2005    6  381.28614
2005    7  378.95332
2005    8  377.17182
2005    9  376.62080
2005   10  378.51225
2005   11  380.00706
2005   12  382.16746
2006    1  383.35944
2006    2  384.81920
2006    3  386.41095
2006    4  386.47294
2006    5  385.59292
2006    6  384.01908
2006    7  382.54983
2006    8  380.71154
2006    9  378.86054
2006   10  380.50927
2006   11  382.36575
2006   12  383.89696
2007    1  385.36580
2007    2  386.78461
2007    3  387.22248
2007    4  388.29684
2007    5  386.99326
2007    6  385.44068
2007    7  384.02545
2007    8  381.99394
2007    9  381.55899
2007   10  382.53740
2007   11  384.16681
2007   12  386.44447
2008    1  387.64355
2008    2  388.91871
2008    3  390.28988
2008    4  391.20796
2008    5  390.10387
2008    6  387.47219
2008    7  386.10716
2008    8  383.75863
2008    9  382.26508
2008   10  383.64343
2008   11  385.64380
2008   12  387.84620
2009    1  388.18293
2009    2  390.08533
2009    3  391.22201
2009    4  392.22883
2009    5  391.19256
2009    6  389.50390
2009    7  386.84369
2009    8  383.62146
2009    9  383.93022
2009   10  385.29007
2009   11  387.31052
2009   12  390.19217
2010    1  390.78444
2010    2  392.98018
2010    3  394.09791
2010    4  394.24983
2010    5  393.65733
2010    6  391.88017
2010    7  389.33582
2010    8  387.84457
2010    9  386.82666
2010   10  388.86367
2010   11  391.00225
2010   12  392.14824
2011    1  393.69441
2011    2  395.21919
2011    3  396.12511
2011    4  396.62799
2011    5  395.90418
2011    6  392.17903
2011    7  392.17979
2011    8  390.72160
2011    9  389.03442
2011   10  390.69387
2011   11  392.72680
2011   12  394.05853
2012    1  395.08889
2012    2  397.29557
2012    3  397.33687
2012    4  398.12655
2012    5  397.70952
2012    6  395.94912
2012    7  394.27064
2012    8  392.00333
2012    9  391.11811
2012   10  392.52485
2012   11  394.40347
2012   12  397.04368
2013    1  397.90862
2013    2  399.93878
2013    3  400.49065
2013    4  401.44884
2013    5  400.55139
2013    6  398.96162
2013    7  396.92590
2013    8  395.62144
2013    9  394.58659
2013   10  395.15574
2013   11  397.23195
2013   12  399.16308
2014    1  400.34729
2014    2  401.82468
2014    3  403.20054
2014    4  403.68602
2014    5  402.59596
2014    6  400.54347
2014    7  398.05460
2014    8  396.11661
2014    9  395.68701
2014   10  396.86641
2014   11  399.18284
2014   12  401.20745
2015    1  401.30672
2015    2  403.70805
2015    3  404.21306
2015    4  405.31665
2015    5  404.08649
2015    6  401.70329
2015    7  399.75849
2015    8  397.87852
2015    9  397.68478
2015   10  399.51698
2015   11  401.95315
2015   12  404.17057
2016    1  405.39005
2016    2  406.49381
2016    3  407.87138
2016    4  408.46143
2016    5  407.27964
2016    6  405.86339
2016    7  403.46876
2016    8  401.03821
2016    9  400.65966
2016   10  402.11924
2016   11  405.02695
2016   12  407.03034
2017    1  408.52983
2017    2  409.38426
2017    3  410.49795
2017    4  412.26792
2017    5  410.14227
2017    6  407.79886
2017    7  407.00441
2017    8  404.06370
2017    9  403.48677
2017   10  404.64313
2017   11  406.42169
2017   12  408.79520
