yy mm co2
2000    1  374.59226
2000    2  376.11710
2000    3  375.08615
2000    4  375.03376
2000    5  373.46888
2000    6  366.89217
2000    7  362.84528
2000    8  363.19887
2000    9  365.12653
2000   10  369.63949
2000   11  375.27410
2000   12  377.43189
2001    1  377.15345
2001    2  376.68858
2001    3  376.28331
2001    4  377.18390
2001    5  374.96345
2001    6  370.04027
2001    7  364.30548
2001    8  363.49829
2001    9  365.16268
2001   10  370.83490
2001   11  374.88865
2001   12  376.93081
2002    1  376.57862
2002    2  378.39345
2002    3  378.57160
2002    4  377.79266
2002    5  376.97164
2002    6  369.22449
2002    7  364.44754
2002    8  362.75157
2002    9  368.42420
2002   10  373.05243
2002   11  377.62555
2002   12  378.77887
2003    1  377.99627
2003    2  380.22784
2003    3  379.89719
2003    4  381.32185
2003    5  383.06147
2003    6  377.82051
2003    7  374.70571
2003    8  362.39327
2003    9  370.82194
2003   10  375.26802
2003   11  379.03519
2003   12  381.46292
2004    1  380.31361
2004    2  382.10023
2004    3  382.84558
2004    4  380.77243
2004    5  381.18660
2004    6  378.57075
2004    7  377.88338
2004    8  370.02366
2004    9  370.21676
2004   10  378.98638
2004   11  379.54701
2004   12  381.28323
2005    1  385.45555
2005    2  384.60363
2005    3  384.07699
2005    4  381.86065
2005    5  381.16911
2005    6  378.45530
2005    7  374.97614
2005    8  374.38396
2005    9  372.90039
2005   10  379.66599
2005   11  382.29849
2005   12  386.86738
2006    1  384.99892
2006    2  386.39645
2006    3  387.42911
2006    4  386.67370
2006    5  391.67106
2006    6  387.09334
2006    7  377.63832
2006    8  370.98999
2006    9  381.24053
2006   10  381.86155
2006   11  386.13030
2006   12  388.41201
2007    1  387.40557
2007    2  388.86178
2007    3  388.63302
2007    4  389.01361
2007    5  388.19044
2007    6  386.69174
2007    7  384.07941
2007    8  378.89989
2007    9  379.26080
2007   10  384.06439
2007   11  390.52652
2007   12  389.59709
2008    1  391.72315
2008    2  390.91610
2008    3  391.57912
2008    4  392.13113
2008    5  390.29453
2008    6  385.89674
2008    7  377.07150
2008    8  382.17689
2008    9  379.13275
2008   10  385.18477
2008   11  388.97534
2008   12  395.74149
2009    1  391.21218
2009    2  393.76432
2009    3  392.85683
2009    4  393.90606
2009    5  393.79630
2009    6  390.43475
2009    7  375.84273
2009    8  376.83424
2009    9  381.83073
2009   10  385.86571
2009   11  388.23645
2009   12  392.52514
2010    1  393.44389
2010    2  394.78121
2010    3  394.80449
2010    4  393.47593
2010    5  391.60601
2010    6  393.71804
2010    7  385.01134
2010    8  380.76285
2010    9  386.10699
2010   10  389.44511
2010   11  394.08309
2010   12  395.53185
2011    1  395.94687
2011    2  396.85189
2011    3  397.17151
2011    4  397.86057
2011    5  395.65965
2011    6  392.10333
2011    7  388.76472
2011    8  384.52679
2011    9  384.17880
2011   10  391.96224
2011   11  396.43107
2011   12  398.28717
2012    1  397.17861
2012    2  399.16165
2012    3  399.06151
2012    4  398.08598
2012    5  397.44249
2012    6  397.10753
2012    7  389.07249
2012    8  387.05464
2012    9  382.47558
2012   10  393.18221
2012   11  398.76244
2012   12  401.19249
2013    1  401.37063
2013    2  400.87491
2013    3  402.10129
2013    4  400.74313
2013    5  394.98269
2013    6  392.88850
2013    7  385.17397
2013    8  389.72328
2013    9  389.98661
2013   10  398.06831
2013   11  401.62815
2013   12  402.66584
2014    1  403.66282
2014    2  404.34394
2014    3  403.89327
2014    4  404.59502
2014    5  403.22082
2014    6  400.28515
2014    7  398.23193
2014    8  395.84556
2014    9  393.45905
2014   10  398.29180
2014   11  403.36704
2014   12  403.82094
2015    1  410.01843
2015    2  406.59265
2015    3  404.37945
2015    4  406.16281
2015    5  403.99979
2015    6  403.03287
2015    7  392.73742
2015    8  392.61530
2015    9  393.78036
2015   10  402.45673
2015   11  404.79467
2015   12  406.91506
2016    1  407.89507
2016    2  408.31204
2016    3  408.67340
2016    4  407.72249
2016    5  405.63455
2016    6  407.27315
2016    7  399.54224
2016    8  390.00931
2016    9  396.13061
2016   10  405.27948
2016   11  409.69471
2016   12  409.80775
2017    1  412.12296
2017    2  411.98233
2017    3  412.35751
2017    4  412.61548
2017    5  408.58201
2017    6  405.11141
2017    7  402.15501
2017    8  400.84214
2017    9  402.28167
2017   10  406.55569
2017   11  410.50071
2017   12  415.52741
