yy mm co2
2000    1  375.47699
2000    2  376.49806
2000    3  377.14149
2000    4  375.96450
2000    5  371.93144
2000    6  369.60485
2000    7  364.51142
2000    8  364.36226
2000    9  367.66083
2000   10  370.90361
2000   11  372.07943
2000   12  373.84848
2001    1  376.06765
2001    2  377.43716
2001    3  378.49098
2001    4  377.55436
2001    5  372.00490
2001    6  369.66553
2001    7  366.84028
2001    8  365.76384
2001    9  367.96607
2001   10  371.01714
2001   11  374.28041
2001   12  376.57455
2002    1  376.93337
2002    2  378.37386
2002    3  380.47213
2002    4  380.48066
2002    5  374.73213
2002    6  372.92042
2002    7  368.59795
2002    8  368.48802
2002    9  369.05275
2002   10  373.54176
2002   11  376.90430
2002   12  379.28825
2003    1  380.63014
2003    2  380.67304
2003    3  382.81601
2003    4  382.26531
2003    5  379.28979
2003    6  375.44727
2003    7  372.08747
2003    8  371.87690
2003    9  372.52370
2003   10  377.16425
2003   11  379.95042
2003   12  380.55150
2004    1  383.05801
2004    2  384.40287
2004    3  386.30152
2004    4  384.32106
2004    5  380.55578
2004    6  376.97735
2004    7  374.39933
2004    8  369.84892
2004    9  372.84583
2004   10  376.92662
2004   11  381.69124
2004   12  382.16118
2005    1  384.70983
2005    2  389.25058
2005    3  387.10007
2005    4  386.32122
2005    5  381.70928
2005    6  379.05146
2005    7  374.01266
2005    8  373.01675
2005    9  376.31975
2005   10  380.14899
2005   11  383.68997
2005   12  385.73748
2006    1  386.72335
2006    2  389.64881
2006    3  390.06333
2006    4  388.40665
2006    5  385.16076
2006    6  382.24517
2006    7  379.60210
2006    8  376.53866
2006    9  378.52678
2006   10  382.12974
2006   11  384.56786
2006   12  386.51068
2007    1  388.28500
2007    2  390.96831
2007    3  391.30214
2007    4  387.54422
2007    5  384.10333
2007    6  380.46006
2007    7  379.25900
2007    8  376.83765
2007    9  378.84613
2007   10  386.70347
2007   11  386.59837
2007   12  388.43029
2008    1  390.64448
2008    2  391.43965
2008    3  393.45704
2008    4  393.04962
2008    5  385.27622
2008    6  382.75789
2008    7  379.50298
2008    8  378.63848
2008    9  382.66537
2008   10  385.35288
2008   11  388.33637
2008   12  391.49946
2009    1  392.25767
2009    2  395.32426
2009    3  395.56195
2009    4  393.82771
2009    5  388.63404
2009    6  384.95319
2009    7  382.81787
2009    8  379.75251
2009    9  382.51188
2009   10  386.88679
2009   11  390.76590
2009   12  394.37914
2010    1  396.51891
2010    2  397.89526
2010    3  396.64589
2010    4  396.08646
2010    5  391.43258
2010    6  386.79040
2010    7  384.87671
2010    8  383.07262
2010    9  385.95294
2010   10  390.45335
2010   11  397.25372
2010   12  397.77858
2011    1  396.84525
2011    2  398.28438
2011    3  399.99766
2011    4  396.80401
2011    5  393.29487
2011    6  389.89499
2011    7  385.02822
2011    8  385.81472
2011    9  387.50615
2011   10  390.86700
2011   11  393.96214
2011   12  397.14828
2012    1  398.05248
2012    2  399.58110
2012    3  400.04335
2012    4  399.79359
2012    5  394.59157
2012    6  392.75989
2012    7  388.18771
2012    8  387.35039
2012    9  389.58181
2012   10  393.49150
2012   11  398.03050
2012   12  401.03964
2013    1  403.81768
2013    2  407.94513
2013    3  405.72573
2013    4  404.55235
2013    5  398.15329
2013    6  393.59726
2013    7  392.48780
2013    8  389.36941
2013    9  393.45128
2013   10  397.75216
2013   11  401.57745
2013   12  401.17584
2014    1  404.51408
2014    2  405.49508
2014    3  406.45595
2014    4  403.84507
2014    5  399.72598
2014    6  397.35687
2014    7  392.55581
2014    8  390.55292
2014    9  395.10932
2014   10  398.91852
2014   11  402.72000
2014   12  405.10620
2015    1  406.43188
2015    2  407.69993
2015    3  409.35681
2015    4  406.62495
2015    5  401.53047
2015    6  397.40631
2015    7  396.64263
2015    8  394.64663
2015    9  395.38241
2015   10  403.08113
2015   11  403.83716
2015   12  404.50273
2016    1  407.84944
2016    2  411.11186
2016    3  411.66131
2016    4  409.84468
2016    5  403.85738
2016    6  400.93155
2016    7  397.22450
2016    8  397.30588
2016    9  400.56152
2016   10  407.29862
2016   11  408.91313
2016   12  409.03670
2017    1  410.88363
2017    2  412.81298
2017    3  413.53403
2017    4  413.75225
2017    5  409.94509
2017    6  404.30826
2017    7  400.70669
2017    8  399.09076
2017    9  401.62037
2017   10  405.94055
2017   11  410.58290
2017   12  412.22552
