yy mm co2
2000    1  374.44587
2000    2  376.50633
2000    3  376.11960
2000    4  376.27466
2000    5  373.33171
2000    6  368.74416
2000    7  362.55663
2000    8  360.03444
2000    9  364.64696
2000   10  372.00184
2000   11  376.27117
2000   12  376.58800
2001    1  378.88583
2001    2  379.11377
2001    3  379.18123
2001    4  377.01504
2001    5  375.52402
2001    6  370.87596
2001    7  364.95487
2001    8  363.69116
2001    9  366.85096
2001   10  371.21039
2001   11  374.78647
2001   12  376.57286
2002    1  377.37488
2002    2  378.92780
2002    3  379.21386
2002    4  378.44118
2002    5  375.89541
2002    6  371.92641
2002    7  367.11065
2002    8  363.94424
2002    9  366.91214
2002   10  371.06895
2002   11  377.40936
2002   12  378.27369
2003    1  380.09175
2003    2  382.45213
2003    3  381.58777
2003    4  382.97850
2003    5  379.51331
2003    6  376.77601
2003    7  370.02814
2003    8  366.67642
2003    9  370.08218
2003   10  375.98261
2003   11  381.53131
2003   12  381.55989
2004    1  385.29441
2004    2  383.79704
2004    3  384.73820
2004    4  384.03846
2004    5  381.15226
2004    6  375.56974
2004    7  368.84253
2004    8  367.16962
2004    9  371.77757
2004   10  376.84190
2004   11  380.37598
2004   12  382.89712
2005    1  386.19307
2005    2  386.01094
2005    3  385.43760
2005    4  385.94246
2005    5  383.85837
2005    6  378.91380
2005    7  372.31264
2005    8  370.05646
2005    9  373.41591
2005   10  379.14680
2005   11  384.99542
2005   12  386.92585
2006    1  386.75044
2006    2  388.49754
2006    3  388.79894
2006    4  389.14368
2006    5  385.56024
2006    6  382.37037
2006    7  377.04199
2006    8  371.80883
2006    9  377.63375
2006   10  381.29688
2006   11  388.12024
2006   12  388.04614
2007    1  388.94193
2007    2  391.52455
2007    3  390.68461
2007    4  389.28143
2007    5  387.27763
2007    6  383.93348
2007    7  375.81456
2007    8  374.60274
2007    9  376.88989
2007   10  384.01582
2007   11  387.76043
2007   12  390.04226
2008    1  392.24079
2008    2  392.14877
2008    3  394.82213
2008    4  393.58163
2008    5  390.59960
2008    6  386.09651
2008    7  381.36388
2008    8  378.42317
2008    9  379.71386
2008   10  383.72091
2008   11  388.99129
2008   12  393.98688
2009    1  393.18329
2009    2  396.27406
2009    3  395.37920
2009    4  393.77785
2009    5  391.96585
2009    6  386.76884
2009    7  376.82365
2009    8  377.27205
2009    9  380.04687
2009   10  385.95675
2009   11  395.76285
2009   12  395.96338
2010    1  396.03587
2010    2  398.58930
2010    3  397.26301
2010    4  396.07470
2010    5  389.59522
2010    6  388.59845
2010    7  380.26998
2010    8  380.79158
2010    9  385.24339
2010   10  392.22787
2010   11  393.47194
2010   12  396.97654
2011    1  397.81866
2011    2  400.64857
2011    3  398.49631
2011    4  397.43204
2011    5  395.17766
2011    6  389.94494
2011    7  382.58007
2011    8  381.95553
2011    9  386.74008
2011   10  390.91663
2011   11  396.15092
2011   12  399.27047
2012    1  403.03927
2012    2  401.09726
2012    3  399.58936
2012    4  400.82139
2012    5  397.30524
2012    6  395.25365
2012    7  385.87669
2012    8  384.35220
2012    9  388.21000
2012   10  393.46670
2012   11  398.96779
2012   12  403.58791
2013    1  401.79916
2013    2  404.68911
2013    3  403.11401
2013    4  402.64032
2013    5  399.70499
2013    6  392.95619
2013    7  389.59770
2013    8  387.50726
2013    9  391.91305
2013   10  396.09437
2013   11  399.35613
2013   12  402.21840
2014    1  405.47393
2014    2  409.03507
2014    3  406.53322
2014    4  404.70625
2014    5  401.63388
2014    6  398.07172
2014    7  388.43113
2014    8  388.29164
2014    9  391.27152
2014   10  397.64875
2014   11  402.68968
2014   12  404.02048
2015    1  407.11803
2015    2  407.42586
2015    3  408.99348
2015    4  407.17752
2015    5  403.58043
2015    6  401.51839
2015    7  396.23774
2015    8  387.97894
2015    9  395.67999
2015   10  398.52416
2015   11  408.68649
2015   12  407.38721
2016    1  411.74685
2016    2  412.01629
2016    3  411.93617
2016    4  410.33700
2016    5  405.10160
2016    6  403.45034
2016    7  396.21964
2016    8  395.01450
2016    9  399.16352
2016   10  404.06629
2016   11  410.09136
2016   12  409.49980
2017    1  412.02657
2017    2  413.50478
2017    3  414.66337
2017    4  413.89847
2017    5  411.90902
2017    6  404.78181
2017    7  394.47300
2017    8  396.94525
2017    9  402.34870
2017   10  407.18936
2017   11  411.46856
2017   12  413.39864
