yy mm co2
2000    1  372.82411
2000    2  372.55930
2000    3  373.65468
2000    4  374.39630
2000    5  372.83087
2000    6  371.05425
2000    7  367.54168
2000    8  365.33797
2000    9  365.66090
2000   10  367.88359
2000   11  369.96987
2000   12  371.56013
2001    1  372.99548
2001    2  374.03885
2001    3  374.39770
2001    4  375.64733
2001    5  373.94630
2001    6  372.24244
2001    7  368.92929
2001    8  366.93134
2001    9  366.40745
2001   10  368.95002
2001   11  372.10895
2001   12  373.55151
2002    1  374.16926
2002    2  375.36398
2002    3  376.56850
2002    4  377.37633
2002    5  376.40124
2002    6  374.59066
2002    7  370.95355
2002    8  368.93535
2002    9  368.79658
2002   10  371.31607
2002   11  373.88515
2002   12  375.67271
2003    1  376.89871
2003    2  378.48114
2003    3  378.95277
2003    4  379.77763
2003    5  378.50355
2003    6  377.69767
2003    7  374.28577
2003    8  372.43756
2003    9  371.79465
2003   10  374.24662
2003   11  376.24961
2003   12  378.41804
2004    1  378.95711
2004    2  380.88238
2004    3  382.24520
2004    4  382.26150
2004    5  380.03214
2004    6  379.08010
2004    7  375.79014
2004    8  372.61882
2004    9  373.50034
2004   10  375.09165
2004   11  378.37651
2004   12  380.15150
2005    1  381.02793
2005    2  384.16812
2005    3  383.40976
2005    4  383.90097
2005    5  382.75975
2005    6  380.89242
2005    7  376.46768
2005    8  374.23056
2005    9  375.43336
2005   10  377.86970
2005   11  380.71856
2005   12  382.31330
2006    1  384.37167
2006    2  385.11306
2006    3  385.48195
2006    4  385.91647
2006    5  385.16457
2006    6  383.33697
2006    7  380.41337
2006    8  376.70578
2006    9  378.41199
2006   10  379.75708
2006   11  382.20725
2006   12  384.58573
2007    1  385.00477
2007    2  386.64823
2007    3  388.31745
2007    4  387.69643
2007    5  386.41051
2007    6  383.41386
2007    7  381.43387
2007    8  378.41118
2007    9  379.44876
2007   10  382.71365
2007   11  384.40063
2007   12  386.82573
2008    1  386.97213
2008    2  388.78934
2008    3  389.98295
2008    4  390.64544
2008    5  389.13827
2008    6  386.45836
2008    7  383.24133
2008    8  380.76637
2008    9  381.86283
2008   10  383.15493
2008   11  386.39602
2008   12  388.48093
2009    1  389.57590
2009    2  390.03760
2009    3  390.99209
2009    4  392.11259
2009    5  390.66534
2009    6  388.62380
2009    7  385.78079
2009    8  382.84078
2009    9  381.98743
2009   10  384.75433
2009   11  387.13368
2009   12  390.16322
2010    1  391.73337
2010    2  393.02444
2010    3  393.41929
2010    4  394.10364
2010    5  391.71477
2010    6  389.59144
2010    7  387.26654
2010    8  384.43413
2010    9  385.24801
2010   10  388.19868
2010   11  391.40924
2010   12  393.00168
2011    1  394.07640
2011    2  394.95309
2011    3  397.21822
2011    4  395.83308
2011    5  394.46901
2011    6  392.90823
2011    7  388.30691
2011    8  387.26549
2011    9  387.50723
2011   10  389.44851
2011   11  392.75328
2011   12  393.85623
2012    1  394.95426
2012    2  396.62069
2012    3  397.38620
2012    4  398.27838
2012    5  396.72540
2012    6  395.36008
2012    7  390.38449
2012    8  389.37581
2012    9  389.63684
2012   10  391.75613
2012   11  394.96366
2012   12  396.69056
2013    1  397.88001
2013    2  401.32596
2013    3  401.07348
2013    4  401.16280
2013    5  399.43328
2013    6  396.82319
2013    7  394.29383
2013    8  390.34875
2013    9  391.67068
2013   10  394.62082
2013   11  398.22486
2013   12  399.16663
2014    1  400.60072
2014    2  402.02029
2014    3  403.06698
2014    4  402.33060
2014    5  401.47951
2014    6  398.58549
2014    7  395.00781
2014    8  393.13952
2014    9  393.85917
2014   10  396.13849
2014   11  398.89218
2014   12  400.88056
2015    1  402.26060
2015    2  403.99560
2015    3  404.34036
2015    4  404.86857
2015    5  403.03165
2015    6  399.88640
2015    7  399.29981
2015    8  395.18997
2015    9  395.63319
2015   10  398.46002
2015   11  401.11280
2015   12  402.26302
2016    1  405.18990
2016    2  406.83500
2016    3  408.41059
2016    4  408.09342
2016    5  406.31511
2016    6  403.25776
2016    7  401.23152
2016    8  398.29215
2016    9  399.64102
2016   10  402.20277
2016   11  405.32628
2016   12  407.02111
2017    1  409.02750
2017    2  409.53749
2017    3  410.34285
2017    4  411.76367
2017    5  410.02201
2017    6  407.12056
2017    7  404.25337
2017    8  402.06054
2017    9  400.99325
2017   10  404.41085
2017   11  407.01011
2017   12  409.03679
