yy mm co2
2000    1  371.98982
2000    2  372.95191
2000    3  373.86778
2000    4  374.68018
2000    5  374.31068
2000    6  371.88802
2000    7  368.50671
2000    8  364.83468
2000    9  365.34338
2000   10  367.16581
2000   11  369.83113
2000   12  371.39733
2001    1  372.79015
2001    2  374.09423
2001    3  374.84488
2001    4  376.34806
2001    5  375.95787
2001    6  373.60692
2001    7  369.28241
2001    8  366.83088
2001    9  365.95386
2001   10  368.55289
2001   11  370.72058
2001   12  373.14335
2002    1  374.12357
2002    2  375.19555
2002    3  376.63980
2002    4  377.07726
2002    5  377.47587
2002    6  375.46133
2002    7  371.84518
2002    8  368.70135
2002    9  368.31913
2002   10  370.66516
2002   11  373.17083
2002   12  375.32026
2003    1  375.73246
2003    2  377.27490
2003    3  378.60760
2003    4  380.44839
2003    5  380.76183
2003    6  378.51915
2003    7  375.42800
2003    8  370.88164
2003    9  371.31057
2003   10  373.56646
2003   11  376.07155
2003   12  377.60500
2004    1  378.48871
2004    2  380.03639
2004    3  381.26035
2004    4  382.41266
2004    5  382.07922
2004    6  380.20866
2004    7  376.90197
2004    8  373.13646
2004    9  372.30481
2004   10  375.19343
2004   11  377.82951
2004   12  379.97004
2005    1  380.66844
2005    2  381.99275
2005    3  383.13511
2005    4  384.68791
2005    5  384.35793
2005    6  382.16190
2005    7  377.41446
2005    8  374.65474
2005    9  374.33737
2005   10  377.54962
2005   11  380.02696
2005   12  381.51356
2006    1  383.17833
2006    2  384.51163
2006    3  386.24008
2006    4  387.32021
2006    5  387.31523
2006    6  385.22377
2006    7  382.27154
2006    8  377.03989
2006    9  376.73334
2006   10  379.86727
2006   11  382.19983
2006   12  384.59038
2007    1  385.76298
2007    2  386.76290
2007    3  387.34646
2007    4  388.42665
2007    5  388.30133
2007    6  386.07355
2007    7  382.89907
2007    8  378.96796
2007    9  378.82620
2007   10  381.60541
2007   11  383.80970
2007   12  385.70509
2008    1  387.37527
2008    2  388.28389
2008    3  389.88292
2008    4  391.22778
2008    5  391.07676
2008    6  388.38162
2008    7  384.19064
2008    8  381.22712
2008    9  379.91782
2008   10  382.91555
2008   11  385.54257
2008   12  387.77452
2009    1  388.90299
2009    2  390.05437
2009    3  391.20024
2009    4  392.39659
2009    5  391.91204
2009    6  389.97826
2009    7  385.87887
2009    8  382.09633
2009    9  381.47552
2009   10  384.13101
2009   11  387.38924
2009   12  389.10343
2010    1  390.51974
2010    2  392.05546
2010    3  393.72628
2010    4  394.96252
2010    5  394.50309
2010    6  392.53206
2010    7  387.77926
2010    8  384.85668
2010    9  385.24685
2010   10  387.63482
2010   11  390.45062
2010   12  392.28576
2011    1  393.58903
2011    2  394.97056
2011    3  395.54050
2011    4  396.93926
2011    5  397.00401
2011    6  394.22908
2011    7  389.55838
2011    8  387.09177
2011    9  386.33475
2011   10  389.30881
2011   11  392.48433
2011   12  394.71479
2012    1  395.01552
2012    2  396.29737
2012    3  397.62136
2012    4  399.22268
2012    5  399.01072
2012    6  396.04225
2012    7  392.64656
2012    8  389.33629
2012    9  388.81501
2012   10  391.65744
2012   11  394.23534
2012   12  396.30895
2013    1  398.15964
2013    2  399.23139
2013    3  400.27723
2013    4  400.95023
2013    5  401.27899
2013    6  399.44443
2013    7  393.89799
2013    8  391.93055
2013    9  391.52495
2013   10  394.25382
2013   11  397.31513
2013   12  399.39611
2014    1  400.24242
2014    2  401.25198
2014    3  402.62169
2014    4  403.86015
2014    5  403.36102
2014    6  401.70446
2014    7  397.28376
2014    8  394.93901
2014    9  393.11120
2014   10  395.71762
2014   11  398.90539
2014   12  400.74356
2015    1  401.98423
2015    2  402.74308
2015    3  404.19938
2015    4  405.98385
2015    5  405.60047
2015    6  402.92388
2015    7  398.62789
2015    8  396.21803
2015    9  395.27315
2015   10  398.22928
2015   11  401.53111
2015   12  404.13928
2016    1  405.13350
2016    2  406.19416
2016    3  407.81437
2016    4  408.90175
2016    5  408.81385
2016    6  406.41511
2016    7  402.26214
2016    8  398.62003
2016    9  398.69247
2016   10  401.71118
2016   11  404.91810
2016   12  406.84306
2017    1  408.40480
2017    2  409.62608
2017    3  410.67399
2017    4  412.03361
2017    5  412.10360
2017    6  409.57224
2017    7  405.27800
2017    8  402.87225
2017    9  401.16100
2017   10  404.01536
2017   11  406.48828
2017   12  409.21906
