yy mm co2
2000    1  369.31655
2000    2  370.22500
2000    3  370.82875
2000    4  370.97634
2000    5  369.80092
2000    6  369.37135
2000    7  369.85581
2000    8  368.96745
2000    9  368.67594
2000   10  368.82592
2000   11  369.06963
2000   12  369.26981
2001    1  370.03233
2001    2  370.91106
2001    3  371.54712
2001    4  371.80950
2001    5  370.88446
2001    6  371.10734
2001    7  371.27335
2001    8  370.52136
2001    9  370.33769
2001   10  369.65977
2001   11  370.09278
2001   12  370.87107
2002    1  371.69739
2002    2  372.37207
2002    3  373.21137
2002    4  373.32790
2002    5  373.36798
2002    6  372.60819
2002    7  373.19033
2002    8  372.93660
2002    9  372.53989
2002   10  372.21794
2002   11  372.62464
2002   12  373.04653
2003    1  374.35142
2003    2  374.75119
2003    3  375.21229
2003    4  375.74643
2003    5  375.71712
2003    6  375.57035
2003    7  375.47760
2003    8  375.55947
2003    9  375.03312
2003   10  374.36944
2003   11  374.76569
2003   12  375.87003
2004    1  376.71745
2004    2  376.98430
2004    3  377.91213
2004    4  378.46810
2004    5  377.91295
2004    6  377.54865
2004    7  377.58000
2004    8  377.01157
2004    9  376.62368
2004   10  375.98005
2004   11  376.43299
2004   12  377.27453
2005    1  378.40899
2005    2  379.32154
2005    3  379.04974
2005    4  379.04928
2005    5  379.63275
2005    6  379.76116
2005    7  379.76386
2005    8  379.65042
2005    9  379.00079
2005   10  378.79197
2005   11  378.91779
2005   12  379.74885
2006    1  380.64850
2006    2  381.60692
2006    3  382.22273
2006    4  382.78408
2006    5  381.83309
2006    6  381.18515
2006    7  381.04341
2006    8  380.46981
2006    9  380.48322
2006   10  380.20211
2006   11  380.51265
2006   12  381.20401
2007    1  381.99825
2007    2  382.83542
2007    3  383.81710
2007    4  384.04239
2007    5  383.86884
2007    6  383.49046
2007    7  383.43351
2007    8  383.31529
2007    9  382.91683
2007   10  382.69299
2007   11  382.87029
2007   12  383.56497
2008    1  384.65453
2008    2  384.82476
2008    3  385.24720
2008    4  385.57412
2008    5  385.66435
2008    6  385.44775
2008    7  385.19144
2008    8  385.05002
2008    9  384.42665
2008   10  383.92344
2008   11  384.23200
2008   12  385.21871
2009    1  386.00038
2009    2  386.75850
2009    3  387.88666
2009    4  387.75385
2009    5  387.08159
2009    6  386.99966
2009    7  386.69465
2009    8  386.66598
2009    9  386.04136
2009   10  385.56178
2009   11  385.71315
2009   12  386.04464
2010    1  387.20970
2010    2  388.56917
2010    3  388.45703
2010    4  388.28651
2010    5  388.63195
2010    6  389.00110
2010    7  389.10159
2010    8  388.64827
2010    9  388.48844
2010   10  388.36888
2010   11  388.70820
2010   12  389.52372
2011    1  390.09814
2011    2  390.13001
2011    3  390.70420
2011    4  391.93706
2011    5  390.88723
2011    6  390.92370
2011    7  390.65070
2011    8  391.11628
2011    9  390.48135
2011   10  390.07611
2011   11  390.35731
2011   12  390.79733
2012    1  391.61055
2012    2  392.70066
2012    3  393.94389
2012    4  394.17294
2012    5  393.49438
2012    6  392.93960
2012    7  392.86204
2012    8  392.61687
2012    9  392.57886
2012   10  392.22950
2012   11  392.97494
2012   12  393.48900
2013    1  394.19896
2013    2  394.71430
2013    3  395.87985
2013    4  396.12837
2013    5  395.65531
2013    6  395.94219
2013    7  395.79548
2013    8  395.61876
2013    9  395.06808
2013   10  394.94984
2013   11  395.18491
2013   12  395.88902
2014    1  396.68637
2014    2  397.02910
2014    3  397.50332
2014    4  397.65643
2014    5  397.42922
2014    6  397.65489
2014    7  397.88682
2014    8  397.55728
2014    9  397.31895
2014   10  396.51030
2014   11  396.80896
2014   12  397.39290
2015    1  398.31543
2015    2  398.90636
2015    3  399.53474
2015    4  399.31777
2015    5  399.19681
2015    6  399.35776
2015    7  399.57065
2015    8  399.51445
2015    9  399.01011
2015   10  399.00452
2015   11  399.19183
2015   12  399.83389
2016    1  401.35349
2016    2  401.56671
2016    3  403.41160
2016    4  403.53264
2016    5  402.82725
2016    6  402.93529
2016    7  403.17801
2016    8  402.94157
2016    9  402.79698
2016   10  402.09209
2016   11  402.36139
2016   12  403.24999
2017    1  404.22977
2017    2  405.35553
2017    3  406.64067
2017    4  407.13997
2017    5  405.42675
2017    6  405.32468
2017    7  405.45722
2017    8  404.86210
2017    9  404.47211
2017   10  404.84488
2017   11  404.96819
2017   12  405.37122
