yy mm co2
2000    1  366.18704
2000    2  366.28032
2000    3  366.43835
2000    4  366.80922
2000    5  366.94293
2000    6  367.22925
2000    7  367.36531
2000    8  368.03694
2000    9  367.75254
2000   10  367.94101
2000   11  367.87713
2000   12  367.53248
2001    1  367.23044
2001    2  367.57489
2001    3  367.29776
2001    4  367.71782
2001    5  368.15851
2001    6  368.74492
2001    7  369.28078
2001    8  369.62051
2001    9  369.64644
2001   10  369.34379
2001   11  369.16352
2001   12  369.11166
2002    1  368.98378
2002    2  369.15543
2002    3  369.51649
2002    4  369.73567
2002    5  370.25884
2002    6  370.90300
2002    7  370.88108
2002    8  371.46272
2002    9  371.73292
2002   10  371.80824
2002   11  371.81724
2002   12  371.66741
2003    1  371.70079
2003    2  371.70012
2003    3  372.12204
2003    4  372.54405
2003    5  372.79670
2003    6  373.03159
2003    7  373.61580
2003    8  373.83073
2003    9  373.31437
2003   10  373.87467
2003   11  373.90526
2003   12  373.82345
2004    1  373.66644
2004    2  373.89601
2004    3  373.87095
2004    4  374.29141
2004    5  374.80498
2004    6  375.31916
2004    7  375.70292
2004    8  376.01130
2004    9  375.62504
2004   10  375.60755
2004   11  375.42125
2004   12  375.51729
2005    1  375.30984
2005    2  375.43982
2005    3  375.67868
2005    4  376.03619
2005    5  376.89085
2005    6  377.27680
2005    7  377.57668
2005    8  377.79802
2005    9  378.01295
2005   10  377.80998
2005   11  377.79415
2005   12  377.62304
2006    1  377.77744
2006    2  378.02715
2006    3  377.97043
2006    4  378.46857
2006    5  378.76313
2006    6  378.98144
2006    7  379.17317
2006    8  379.16002
2006    9  379.40766
2006   10  379.26197
2006   11  379.22012
2006   12  379.11837
2007    1  379.46255
2007    2  379.62434
2007    3  379.72638
2007    4  380.09277
2007    5  380.68701
2007    6  381.06562
2007    7  381.14420
2007    8  381.46062
2007    9  381.69406
2007   10  381.62625
2007   11  381.72898
2007   12  381.79132
2008    1  381.90660
2008    2  381.73370
2008    3  382.13871
2008    4  382.26211
2008    5  382.50332
2008    6  382.85149
2008    7  383.04724
2008    8  383.09992
2008    9  383.24334
2008   10  383.43424
2008   11  383.26130
2008   12  383.13449
2009    1  383.00789
2009    2  383.57885
2009    3  383.50414
2009    4  383.74780
2009    5  383.98372
2009    6  384.27580
2009    7  384.58465
2009    8  384.97735
2009    9  385.25081
2009   10  385.02627
2009   11  385.13113
2009   12  384.90407
2010    1  384.71134
2010    2  384.88000
2010    3  384.94426
2010    4  385.29950
2010    5  385.74933
2010    6  386.62326
2010    7  387.08857
2010    8  387.33694
2010    9  387.02827
2010   10  387.47850
2010   11  387.28915
2010   12  387.34390
2011    1  387.39023
2011    2  387.43211
2011    3  387.37655
2011    4  387.39177
2011    5  387.78517
2011    6  388.24623
2011    7  388.69810
2011    8  389.08512
2011    9  389.09359
2011   10  388.77811
2011   11  388.49839
2011   12  388.46256
2012    1  388.55863
2012    2  388.55194
2012    3  389.04839
2012    4  389.40794
2012    5  389.91982
2012    6  390.46147
2012    7  390.73554
2012    8  391.37120
2012    9  391.18735
2012   10  391.04960
2012   11  391.02530
2012   12  390.80909
2013    1  390.96430
2013    2  391.13362
2013    3  391.61748
2013    4  392.31102
2013    5  392.84478
2013    6  393.55824
2013    7  394.16234
2013    8  394.16677
2013    9  394.16127
2013   10  394.00594
2013   11  393.83880
2013   12  393.62127
2014    1  393.78111
2014    2  394.11185
2014    3  394.06097
2014    4  394.54753
2014    5  394.91509
2014    6  395.22618
2014    7  395.79108
2014    8  396.17918
2014    9  396.21972
2014   10  395.74559
2014   11  395.70240
2014   12  395.56934
2015    1  395.47260
2015    2  395.54844
2015    3  395.96163
2015    4  396.29836
2015    5  396.85387
2015    6  397.41429
2015    7  398.02023
2015    8  398.39733
2015    9  398.29616
2015   10  397.96159
2015   11  398.05970
2015   12  398.17626
2016    1  398.44296
2016    2  398.45551
2016    3  398.84160
2016    4  399.26884
2016    5  399.92295
2016    6  400.85660
2016    7  401.23792
2016    8  401.66336
2016    9  401.69698
2016   10  401.52782
2016   11  401.41420
2016   12  400.99645
2017    1  400.78099
2017    2  400.81711
2017    3  401.34176
2017    4  401.80737
2017    5  402.26273
2017    6  402.85289
2017    7  403.39620
2017    8  403.31585
2017    9  403.65089
2017   10  403.51818
2017   11  403.47053
2017   12  403.09769
