yy mm co2
2000    1  371.16697
2000    2  371.88773
2000    3  373.16643
2000    4  373.74030
2000    5  373.74848
2000    6  372.13333
2000    7  369.21224
2000    8  366.84188
2000    9  365.97587
2000   10  367.19590
2000   11  369.41667
2000   12  370.60468
2001    1  372.22414
2001    2  373.07671
2001    3  374.20870
2001    4  375.43991
2001    5  375.23394
2001    6  373.59571
2001    7  370.22229
2001    8  368.19626
2001    9  367.12308
2001   10  368.45051
2001   11  370.17735
2001   12  372.65985
2002    1  373.35043
2002    2  374.57069
2002    3  375.42242
2002    4  376.26328
2002    5  376.80886
2002    6  375.39323
2002    7  373.03957
2002    8  370.40300
2002    9  369.11716
2002   10  370.78341
2002   11  372.77266
2002   12  374.74750
2003    1  375.44157
2003    2  376.70386
2003    3  378.10969
2003    4  379.66459
2003    5  379.89725
2003    6  378.54043
2003    7  376.04783
2003    8  373.25046
2003    9  371.84588
2003   10  373.44624
2003   11  375.56552
2003   12  376.84027
2004    1  377.95177
2004    2  379.21779
2004    3  380.40528
2004    4  381.63227
2004    5  381.61530
2004    6  380.07853
2004    7  377.54307
2004    8  374.52159
2004    9  373.23934
2004   10  375.13312
2004   11  377.38867
2004   12  378.83790
2005    1  379.78502
2005    2  381.69857
2005    3  382.40926
2005    4  383.98753
2005    5  383.61695
2005    6  382.18856
2005    7  378.73993
2005    8  376.39000
2005    9  375.29634
2005   10  377.39030
2005   11  379.48487
2005   12  380.95657
2006    1  382.79136
2006    2  383.02902
2006    3  385.03946
2006    4  386.34465
2006    5  386.41927
2006    6  384.97199
2006    7  382.61121
2006    8  378.47494
2006    9  377.54682
2006   10  379.63878
2006   11  381.61379
2006   12  383.77021
2007    1  385.12488
2007    2  385.81103
2007    3  386.34794
2007    4  387.94903
2007    5  387.95377
2007    6  386.14270
2007    7  383.43648
2007    8  379.85147
2007    9  379.88511
2007   10  381.50558
2007   11  383.35624
2007   12  385.35349
2008    1  386.44852
2008    2  387.33441
2008    3  389.27572
2008    4  390.16854
2008    5  390.64509
2008    6  388.51090
2008    7  385.29900
2008    8  381.89886
2008    9  381.26591
2008   10  382.96101
2008   11  385.36693
2008   12  386.76854
2009    1  387.82728
2009    2  389.21309
2009    3  389.95082
2009    4  391.43523
2009    5  391.11174
2009    6  389.85020
2009    7  386.79218
2009    8  383.80039
2009    9  382.95076
2009   10  384.28081
2009   11  386.93071
2009   12  388.25936
2010    1  390.11869
2010    2  391.54280
2010    3  392.90488
2010    4  394.19500
2010    5  394.11066
2010    6  392.39592
2010    7  388.50572
2010    8  385.72418
2010    9  385.53675
2010   10  387.62766
2010   11  389.74671
2010   12  391.17539
2011    1  392.81385
2011    2  393.91249
2011    3  394.93697
2011    4  396.01681
2011    5  396.21530
2011    6  394.22797
2011    7  390.18187
2011    8  388.15482
2011    9  387.28130
2011   10  389.07991
2011   11  391.84486
2011   12  393.69802
2012    1  393.74814
2012    2  395.43450
2012    3  396.79784
2012    4  398.80819
2012    5  398.35955
2012    6  396.22211
2012    7  393.31318
2012    8  390.49017
2012    9  390.20501
2012   10  391.63820
2012   11  393.41478
2012   12  395.54041
2013    1  397.31152
2013    2  398.19285
2013    3  399.17848
2013    4  399.90275
2013    5  400.20930
2013    6  399.38019
2013    7  395.81981
2013    8  393.08402
2013    9  392.31533
2013   10  394.01668
2013   11  396.52473
2013   12  398.39133
2014    1  398.96872
2014    2  400.25439
2014    3  401.82655
2014    4  402.99271
2014    5  403.16512
2014    6  401.51732
2014    7  398.42972
2014    8  395.79740
2014    9  394.04639
2014   10  395.71422
2014   11  398.55466
2014   12  399.85817
2015    1  400.61172
2015    2  401.35396
2015    3  403.45226
2015    4  405.03585
2015    5  405.07026
2015    6  402.77015
2015    7  400.26757
2015    8  398.10484
2015    9  396.64592
2015   10  398.26025
2015   11  401.06865
2015   12  403.42755
2016    1  404.68990
2016    2  405.18271
2016    3  406.68226
2016    4  408.25241
2016    5  408.21952
2016    6  406.50845
2016    7  402.97068
2016    8  400.74793
2016    9  399.67505
2016   10  401.55838
2016   11  404.27168
2016   12  406.23013
2017    1  407.34609
2017    2  408.42307
2017    3  409.84259
2017    4  411.12708
2017    5  411.58663
2017    6  409.67451
2017    7  406.29986
2017    8  404.18070
2017    9  402.39736
2017   10  403.99501
2017   11  405.63237
2017   12  407.85433
