yy mm co2
2000    1  367.13449
2000    2  367.29479
2000    3  367.81927
2000    4  367.15993
2000    5  366.95265
2000    6  367.24235
2000    7  367.70932
2000    8  367.95871
2000    9  367.80766
2000   10  368.12769
2000   11  368.22597
2000   12  367.88447
2001    1  368.01858
2001    2  367.78470
2001    3  367.94750
2001    4  367.97207
2001    5  368.20973
2001    6  368.77359
2001    7  369.16367
2001    8  369.73527
2001    9  369.73041
2001   10  369.63454
2001   11  369.58861
2001   12  369.39592
2002    1  369.61478
2002    2  370.10957
2002    3  370.41746
2002    4  370.14476
2002    5  370.35006
2002    6  370.90850
2002    7  371.18371
2002    8  371.58278
2002    9  371.83540
2002   10  371.98694
2002   11  371.97105
2002   12  372.04180
2003    1  372.09029
2003    2  372.36491
2003    3  372.57030
2003    4  372.70988
2003    5  372.81270
2003    6  372.97519
2003    7  373.75317
2003    8  374.01196
2003    9  373.60573
2003   10  374.04842
2003   11  374.14022
2003   12  374.19042
2004    1  374.20620
2004    2  374.73880
2004    3  374.99555
2004    4  374.92462
2004    5  375.10303
2004    6  375.31301
2004    7  375.80333
2004    8  375.97475
2004    9  375.63720
2004   10  375.88394
2004   11  375.65368
2004   12  376.05938
2005    1  376.06063
2005    2  376.00283
2005    3  375.95941
2005    4  376.11354
2005    5  376.74399
2005    6  377.28739
2005    7  377.67101
2005    8  377.68960
2005    9  377.90020
2005   10  378.18289
2005   11  378.14607
2005   12  378.06571
2006    1  378.54537
2006    2  379.40725
2006    3  378.95030
2006    4  378.76240
2006    5  379.00475
2006    6  379.08275
2006    7  379.12090
2006    8  379.33854
2006    9  379.26220
2006   10  379.55047
2006   11  379.59532
2006   12  379.38726
2007    1  379.66797
2007    2  380.64274
2007    3  380.49367
2007    4  380.45499
2007    5  380.80534
2007    6  381.38256
2007    7  381.41551
2007    8  381.48716
2007    9  381.63457
2007   10  381.90486
2007   11  382.23766
2007   12  382.04502
2008    1  382.70419
2008    2  382.97617
2008    3  383.08837
2008    4  382.42663
2008    5  382.75321
2008    6  383.17274
2008    7  383.29506
2008    8  383.14256
2008    9  383.34526
2008   10  383.69661
2008   11  383.53459
2008   12  383.44372
2009    1  383.79396
2009    2  384.25639
2009    3  384.29635
2009    4  384.30514
2009    5  384.17996
2009    6  384.26658
2009    7  384.71582
2009    8  385.03710
2009    9  385.37939
2009   10  385.25101
2009   11  385.37200
2009   12  385.20613
2010    1  385.34121
2010    2  385.39202
2010    3  385.83769
2010    4  386.05012
2010    5  386.07541
2010    6  386.73152
2010    7  387.12198
2010    8  387.54314
2010    9  387.06858
2010   10  387.65010
2010   11  387.54669
2010   12  387.57877
2011    1  388.01369
2011    2  388.42217
2011    3  388.34804
2011    4  387.90997
2011    5  387.77088
2011    6  388.47837
2011    7  388.73721
2011    8  389.12220
2011    9  389.13952
2011   10  389.14708
2011   11  388.92322
2011   12  389.20832
2012    1  389.22162
2012    2  389.55078
2012    3  389.47962
2012    4  389.96470
2012    5  389.94511
2012    6  390.47783
2012    7  390.88144
2012    8  391.63011
2012    9  391.34597
2012   10  391.63357
2012   11  391.41582
2012   12  391.02568
2013    1  391.56614
2013    2  391.92245
2013    3  392.88617
2013    4  392.55654
2013    5  393.03064
2013    6  393.59630
2013    7  393.95437
2013    8  394.20222
2013    9  394.22396
2013   10  394.33074
2013   11  394.24305
2013   12  394.38746
2014    1  394.94489
2014    2  395.00927
2014    3  394.71788
2014    4  394.74698
2014    5  394.94407
2014    6  395.45196
2014    7  395.83736
2014    8  396.10342
2014    9  395.87214
2014   10  395.93139
2014   11  395.93998
2014   12  395.57117
2015    1  396.00930
2015    2  396.80317
2015    3  396.95171
2015    4  396.38972
2015    5  396.81804
2015    6  397.38297
2015    7  397.81746
2015    8  398.33147
2015    9  398.28275
2015   10  398.41933
2015   11  398.40949
2015   12  398.86191
2016    1  398.86936
2016    2  398.93220
2016    3  399.14704
2016    4  399.22076
2016    5  399.98355
2016    6  400.67255
2016    7  401.51103
2016    8  401.85443
2016    9  401.63350
2016   10  401.80591
2016   11  401.39660
2016   12  401.40512
2017    1  401.79610
2017    2  401.66767
2017    3  402.21971
2017    4  402.37090
2017    5  402.24884
2017    6  402.99259
2017    7  403.44367
2017    8  403.27443
2017    9  403.40045
2017   10  403.59137
2017   11  403.75465
2017   12  403.64388
