yy mm co2
2000    1  367.57384
2000    2  367.58502
2000    3  368.08889
2000    4  367.80667
2000    5  367.20082
2000    6  367.34622
2000    7  368.03156
2000    8  368.07815
2000    9  367.96494
2000   10  368.18805
2000   11  368.29864
2000   12  368.09623
2001    1  368.30353
2001    2  368.24078
2001    3  368.43834
2001    4  368.24588
2001    5  368.39666
2001    6  369.00816
2001    7  369.45962
2001    8  369.81507
2001    9  369.72584
2001   10  369.64699
2001   11  369.69260
2001   12  369.64851
2002    1  370.01810
2002    2  370.71345
2002    3  371.08402
2002    4  370.36173
2002    5  370.50378
2002    6  371.01272
2002    7  371.39017
2002    8  371.67966
2002    9  371.84820
2002   10  371.99742
2002   11  372.04663
2002   12  372.20825
2003    1  372.72740
2003    2  372.41433
2003    3  373.26926
2003    4  373.06125
2003    5  373.03605
2003    6  373.11402
2003    7  373.86792
2003    8  374.11842
2003    9  373.76248
2003   10  374.12744
2003   11  374.26240
2003   12  374.41909
2004    1  374.39441
2004    2  375.02678
2004    3  375.31857
2004    4  375.23400
2004    5  375.30085
2004    6  375.51584
2004    7  375.99463
2004    8  376.02781
2004    9  375.57390
2004   10  375.97318
2004   11  375.77507
2004   12  376.20158
2005    1  376.44571
2005    2  376.34172
2005    3  376.44303
2005    4  376.52563
2005    5  376.90296
2005    6  377.46580
2005    7  377.89540
2005    8  377.80046
2005    9  378.06234
2005   10  378.37838
2005   11  378.41979
2005   12  378.33204
2006    1  378.92122
2006    2  379.60365
2006    3  379.37018
2006    4  379.20719
2006    5  379.23301
2006    6  379.33263
2006    7  379.26569
2006    8  379.36290
2006    9  379.28467
2006   10  379.66573
2006   11  379.74984
2006   12  379.59812
2007    1  379.87815
2007    2  381.15281
2007    3  381.16655
2007    4  381.18946
2007    5  381.15616
2007    6  381.64496
2007    7  381.75139
2007    8  381.57744
2007    9  381.73821
2007   10  382.02837
2007   11  382.37378
2007   12  382.37244
2008    1  383.18353
2008    2  383.18962
2008    3  383.29032
2008    4  382.76703
2008    5  383.12469
2008    6  383.54611
2008    7  383.53738
2008    8  383.28345
2008    9  383.37422
2008   10  383.72120
2008   11  383.68485
2008   12  383.67117
2009    1  384.16326
2009    2  384.59591
2009    3  384.66172
2009    4  384.76990
2009    5  384.39946
2009    6  384.45625
2009    7  385.01245
2009    8  385.13698
2009    9  385.42860
2009   10  385.31274
2009   11  385.47747
2009   12  385.28664
2010    1  385.63332
2010    2  385.72762
2010    3  386.47038
2010    4  386.49462
2010    5  386.38417
2010    6  386.99570
2010    7  387.39620
2010    8  387.71649
2010    9  387.05824
2010   10  387.73456
2010   11  387.77047
2010   12  387.90156
2011    1  388.53582
2011    2  388.86766
2011    3  388.65657
2011    4  388.26372
2011    5  388.21710
2011    6  388.74501
2011    7  389.22753
2011    8  389.29237
2011    9  389.29857
2011   10  389.40250
2011   11  389.19845
2011   12  389.48792
2012    1  390.05559
2012    2  390.41176
2012    3  390.07640
2012    4  390.66724
2012    5  390.24581
2012    6  390.66476
2012    7  391.09480
2012    8  391.75071
2012    9  391.52376
2012   10  391.70589
2012   11  391.64911
2012   12  391.35071
2013    1  392.13625
2013    2  392.50124
2013    3  393.55305
2013    4  392.70383
2013    5  393.35911
2013    6  393.81010
2013    7  394.10859
2013    8  394.38391
2013    9  394.28443
2013   10  394.42777
2013   11  394.41304
2013   12  394.62908
2014    1  395.31442
2014    2  395.48462
2014    3  395.23173
2014    4  394.92876
2014    5  395.18112
2014    6  395.61986
2014    7  396.01428
2014    8  396.10569
2014    9  395.86323
2014   10  396.01937
2014   11  396.04917
2014   12  395.70112
2015    1  396.35997
2015    2  397.27511
2015    3  397.53248
2015    4  396.57060
2015    5  396.95646
2015    6  397.63615
2015    7  397.91293
2015    8  398.39293
2015    9  398.22533
2015   10  398.47280
2015   11  398.47154
2015   12  399.03959
2016    1  399.24087
2016    2  399.29652
2016    3  399.80080
2016    4  399.59216
2016    5  400.27942
2016    6  400.88108
2016    7  401.74901
2016    8  401.99098
2016    9  401.78339
2016   10  401.95102
2016   11  401.70454
2016   12  401.70329
2017    1  402.13173
2017    2  402.82964
2017    3  402.68200
2017    4  402.69349
2017    5  402.55219
2017    6  403.23348
2017    7  403.70287
2017    8  403.35159
2017    9  403.51477
2017   10  403.73899
2017   11  404.01772
2017   12  404.03102
