yy mm co2
2000    1  368.22419
2000    2  368.16165
2000    3  368.39780
2000    4  368.33613
2000    5  367.95193
2000    6  367.89643
2000    7  368.76916
2000    8  368.70813
2000    9  368.42574
2000   10  368.34416
2000   11  368.46346
2000   12  368.51165
2001    1  368.79300
2001    2  369.24539
2001    3  369.42353
2001    4  369.11119
2001    5  368.94390
2001    6  369.56475
2001    7  370.22514
2001    8  370.12977
2001    9  369.94086
2001   10  369.81254
2001   11  369.87170
2001   12  370.04999
2002    1  370.51734
2002    2  370.98708
2002    3  371.47250
2002    4  371.01904
2002    5  370.97669
2002    6  371.31304
2002    7  371.96698
2002    8  372.21174
2002    9  372.16823
2002   10  372.16561
2002   11  372.38750
2002   12  372.37053
2003    1  373.43713
2003    2  372.94184
2003    3  374.05422
2003    4  373.79132
2003    5  373.69190
2003    6  373.80625
2003    7  374.39534
2003    8  374.75460
2003    9  374.46417
2003   10  374.36496
2003   11  374.44240
2003   12  374.90067
2004    1  374.80606
2004    2  375.64128
2004    3  375.88977
2004    4  376.01625
2004    5  375.62591
2004    6  375.97754
2004    7  376.40968
2004    8  376.76454
2004    9  376.18857
2004   10  376.17085
2004   11  376.11718
2004   12  376.33305
2005    1  377.09362
2005    2  377.35788
2005    3  377.76923
2005    4  377.69639
2005    5  377.30613
2005    6  378.07395
2005    7  378.62585
2005    8  378.62486
2005    9  378.56109
2005   10  378.67576
2005   11  378.72524
2005   12  378.88595
2006    1  379.51730
2006    2  380.54361
2006    3  379.91020
2006    4  380.03101
2006    5  380.29626
2006    6  380.24382
2006    7  380.42539
2006    8  379.92510
2006    9  379.99195
2006   10  379.94504
2006   11  380.02533
2006   12  380.31733
2007    1  380.55400
2007    2  381.84831
2007    3  381.89927
2007    4  382.02159
2007    5  382.05151
2007    6  381.99811
2007    7  382.35958
2007    8  382.45556
2007    9  382.33129
2007   10  382.48044
2007   11  382.57719
2007   12  382.76316
2008    1  383.81157
2008    2  383.56593
2008    3  383.81832
2008    4  383.70141
2008    5  384.13188
2008    6  384.17242
2008    7  384.06168
2008    8  383.98075
2008    9  383.91544
2008   10  383.92458
2008   11  383.83564
2008   12  384.25368
2009    1  385.01961
2009    2  385.19775
2009    3  385.45131
2009    4  385.29676
2009    5  385.23029
2009    6  385.09161
2009    7  385.71534
2009    8  385.74278
2009    9  385.69933
2009   10  385.55506
2009   11  385.47904
2009   12  385.47505
2010    1  386.18341
2010    2  386.25521
2010    3  386.99724
2010    4  386.86889
2010    5  386.93918
2010    6  387.37495
2010    7  388.02574
2010    8  388.27272
2010    9  387.89719
2010   10  387.96302
2010   11  388.11602
2010   12  388.47799
2011    1  389.08390
2011    2  388.91289
2011    3  388.97028
2011    4  388.86775
2011    5  389.14502
2011    6  389.28710
2011    7  389.70835
2011    8  389.97078
2011    9  390.10134
2011   10  389.72672
2011   11  389.80527
2011   12  389.92826
2012    1  390.61235
2012    2  391.14075
2012    3  391.18883
2012    4  391.29713
2012    5  391.09029
2012    6  391.19320
2012    7  391.68246
2012    8  392.11224
2012    9  392.02624
2012   10  391.91183
2012   11  392.25337
2012   12  392.22985
2013    1  393.02517
2013    2  393.52564
2013    3  393.71595
2013    4  393.77247
2013    5  393.90719
2013    6  394.23627
2013    7  394.73613
2013    8  394.93485
2013    9  394.82480
2013   10  394.75944
2013   11  394.72367
2013   12  395.20964
2014    1  395.97691
2014    2  395.89577
2014    3  396.12022
2014    4  395.65106
2014    5  395.75607
2014    6  396.13471
2014    7  396.97130
2014    8  396.86650
2014    9  396.52403
2014   10  396.35078
2014   11  396.37857
2014   12  396.32258
2015    1  397.21903
2015    2  397.70440
2015    3  398.25618
2015    4  397.68996
2015    5  397.59517
2015    6  398.02369
2015    7  398.30635
2015    8  398.69425
2015    9  398.52696
2015   10  398.61121
2015   11  398.82152
2015   12  399.26838
2016    1  399.42010
2016    2  399.93488
2016    3  400.70681
2016    4  400.95378
2016    5  401.16548
2016    6  401.25553
2016    7  402.27428
2016    8  402.61858
2016    9  402.51910
2016   10  402.22608
2016   11  402.15143
2016   12  402.49390
2017    1  402.72539
2017    2  403.82182
2017    3  403.20287
2017    4  403.83873
2017    5  403.45796
2017    6  403.76192
2017    7  404.52863
2017    8  404.22488
2017    9  404.20718
2017   10  404.34639
2017   11  404.57599
2017   12  404.87593
