yy mm co2
2000    1  369.14638
2000    2  369.68294
2000    3  370.20119
2000    4  369.65354
2000    5  369.14210
2000    6  369.26256
2000    7  369.81402
2000    8  369.01332
2000    9  368.86439
2000   10  368.87653
2000   11  369.14623
2000   12  369.36306
2001    1  370.10937
2001    2  370.90963
2001    3  370.82887
2001    4  370.85332
2001    5  370.36772
2001    6  370.82867
2001    7  371.24482
2001    8  370.66182
2001    9  370.44275
2001   10  369.86239
2001   11  370.16478
2001   12  370.98973
2002    1  371.77833
2002    2  372.48430
2002    3  372.83814
2002    4  372.83081
2002    5  373.18305
2002    6  372.48537
2002    7  373.00066
2002    8  373.11294
2002    9  372.64964
2002   10  372.44192
2002   11  372.84524
2002   12  373.19920
2003    1  374.53923
2003    2  374.75806
2003    3  375.07070
2003    4  375.44713
2003    5  375.78720
2003    6  375.41709
2003    7  375.46051
2003    8  375.59133
2003    9  375.14596
2003   10  374.45466
2003   11  374.87585
2003   12  376.03779
2004    1  376.82281
2004    2  376.95287
2004    3  377.48078
2004    4  377.65081
2004    5  377.43925
2004    6  377.53224
2004    7  377.45063
2004    8  377.04545
2004    9  376.66748
2004   10  376.14061
2004   11  376.50164
2004   12  377.31425
2005    1  378.59418
2005    2  379.34873
2005    3  378.76872
2005    4  378.73289
2005    5  379.17588
2005    6  379.55598
2005    7  379.74352
2005    8  379.81773
2005    9  379.12681
2005   10  378.85687
2005   11  379.02070
2005   12  379.85109
2006    1  380.68634
2006    2  381.46714
2006    3  381.80256
2006    4  381.85233
2006    5  381.43492
2006    6  380.88820
2006    7  380.98940
2006    8  380.49000
2006    9  380.50281
2006   10  380.28756
2006   11  380.57956
2006   12  381.18215
2007    1  381.99741
2007    2  382.67471
2007    3  383.23749
2007    4  383.22259
2007    5  383.47743
2007    6  383.27315
2007    7  383.39634
2007    8  383.39142
2007    9  382.89622
2007   10  382.71752
2007   11  382.94727
2007   12  383.70769
2008    1  384.84338
2008    2  384.87485
2008    3  384.87953
2008    4  384.99956
2008    5  385.19868
2008    6  385.27450
2008    7  385.20279
2008    8  385.13567
2008    9  384.50022
2008   10  384.05444
2008   11  384.35101
2008   12  385.40395
2009    1  386.37838
2009    2  386.37381
2009    3  387.31456
2009    4  387.11811
2009    5  386.50856
2009    6  386.72631
2009    7  386.58208
2009    8  386.77722
2009    9  386.24281
2009   10  385.73422
2009   11  385.85544
2009   12  386.00154
2010    1  387.16101
2010    2  388.29134
2010    3  388.15560
2010    4  388.09387
2010    5  388.59958
2010    6  388.99769
2010    7  389.09211
2010    8  388.68762
2010    9  388.43960
2010   10  388.36102
2010   11  388.78337
2010   12  389.61830
2011    1  390.27989
2011    2  390.04581
2011    3  390.30155
2011    4  390.48801
2011    5  390.40009
2011    6  390.58179
2011    7  390.54695
2011    8  391.05644
2011    9  390.48577
2011   10  390.05713
2011   11  390.42323
2011   12  390.84960
2012    1  391.89306
2012    2  391.99091
2012    3  393.20689
2012    4  392.96882
2012    5  392.64068
2012    6  392.59007
2012    7  392.71521
2012    8  392.60674
2012    9  392.41576
2012   10  392.26975
2012   11  393.14272
2012   12  393.57561
2013    1  394.48749
2013    2  394.81118
2013    3  395.10336
2013    4  395.53607
2013    5  395.25956
2013    6  395.75453
2013    7  395.71439
2013    8  395.71518
2013    9  395.17088
2013   10  395.06174
2013   11  395.30158
2013   12  396.04658
2014    1  396.77988
2014    2  397.05192
2014    3  397.40739
2014    4  397.15722
2014    5  396.97895
2014    6  397.50346
2014    7  397.90454
2014    8  397.59866
2014    9  397.47497
2014   10  396.66542
2014   11  396.91007
2014   12  397.36630
2015    1  398.57815
2015    2  398.93496
2015    3  399.49050
2015    4  398.99003
2015    5  398.96125
2015    6  399.06922
2015    7  399.34705
2015    8  399.57545
2015    9  399.06398
2015   10  399.09023
2015   11  399.23456
2015   12  399.66658
2016    1  401.17992
2016    2  401.33964
2016    3  402.57152
2016    4  402.66596
2016    5  402.86678
2016    6  402.90493
2016    7  403.38468
2016    8  403.12749
2016    9  402.97786
2016   10  402.22378
2016   11  402.45050
2016   12  403.29175
2017    1  404.26524
2017    2  404.72264
2017    3  405.94721
2017    4  406.37908
2017    5  404.93204
2017    6  405.07663
2017    7  405.39750
2017    8  405.06275
2017    9  404.53373
2017   10  404.88542
2017   11  405.09959
2017   12  405.45803
