yy mm co2
2000    1  366.52930
2000    2  366.88280
2000    3  366.86001
2000    4  366.86735
2000    5  366.86347
2000    6  367.20384
2000    7  367.36450
2000    8  367.85295
2000    9  367.79500
2000   10  368.03939
2000   11  368.09559
2000   12  367.63211
2001    1  367.47678
2001    2  367.63086
2001    3  367.42628
2001    4  367.73062
2001    5  368.17871
2001    6  368.64929
2001    7  369.04393
2001    8  369.59033
2001    9  369.72426
2001   10  369.52694
2001   11  369.35779
2001   12  369.19906
2002    1  369.19097
2002    2  369.39027
2002    3  369.80052
2002    4  369.78259
2002    5  370.27520
2002    6  370.86499
2002    7  370.85946
2002    8  371.48444
2002    9  371.83997
2002   10  371.90414
2002   11  371.87748
2002   12  371.89134
2003    1  371.90577
2003    2  372.05007
2003    3  372.25615
2003    4  372.54413
2003    5  372.77918
2003    6  373.01882
2003    7  373.52004
2003    8  373.83838
2003    9  373.57328
2003   10  373.93902
2003   11  374.02846
2003   12  374.00279
2004    1  373.81402
2004    2  374.38865
2004    3  374.30090
2004    4  374.37218
2004    5  374.82480
2004    6  375.29966
2004    7  375.61092
2004    8  375.89535
2004    9  375.65333
2004   10  375.72969
2004   11  375.52565
2004   12  375.62673
2005    1  375.60193
2005    2  375.65795
2005    3  375.86808
2005    4  376.04704
2005    5  376.81579
2005    6  377.15328
2005    7  377.50948
2005    8  377.66263
2005    9  377.99418
2005   10  377.90198
2005   11  377.85622
2005   12  377.84394
2006    1  377.97345
2006    2  378.48458
2006    3  378.38795
2006    4  378.67296
2006    5  378.74316
2006    6  378.94977
2006    7  378.94788
2006    8  379.24969
2006    9  379.45903
2006   10  379.40920
2006   11  379.39096
2006   12  379.28129
2007    1  379.56514
2007    2  379.95452
2007    3  379.93334
2007    4  380.07679
2007    5  380.63675
2007    6  381.11786
2007    7  381.17447
2007    8  381.40864
2007    9  381.69857
2007   10  381.79470
2007   11  381.93591
2007   12  381.90157
2008    1  382.27404
2008    2  382.23280
2008    3  382.51441
2008    4  382.29828
2008    5  382.51482
2008    6  382.84101
2008    7  383.11328
2008    8  382.96735
2008    9  383.28805
2008   10  383.55548
2008   11  383.37786
2008   12  383.34352
2009    1  383.23810
2009    2  383.88910
2009    3  383.71875
2009    4  383.80735
2009    5  383.99224
2009    6  384.18485
2009    7  384.43261
2009    8  384.98497
2009    9  385.26327
2009   10  385.12348
2009   11  385.22936
2009   12  385.02645
2010    1  384.94539
2010    2  385.16504
2010    3  385.28079
2010    4  385.36161
2010    5  385.85823
2010    6  386.61750
2010    7  386.87425
2010    8  387.27990
2010    9  387.13319
2010   10  387.57653
2010   11  387.35720
2010   12  387.38947
2011    1  387.79725
2011    2  387.80909
2011    3  387.82458
2011    4  387.49664
2011    5  387.64437
2011    6  388.19280
2011    7  388.47284
2011    8  388.98081
2011    9  388.99228
2011   10  388.92546
2011   11  388.56105
2011   12  388.67284
2012    1  388.74947
2012    2  388.76504
2012    3  389.27697
2012    4  389.47750
2012    5  389.82547
2012    6  390.40254
2012    7  390.64387
2012    8  391.37705
2012    9  391.32714
2012   10  391.32964
2012   11  391.11159
2012   12  390.98188
2013    1  391.27428
2013    2  391.53203
2013    3  392.24551
2013    4  392.36154
2013    5  392.84880
2013    6  393.41362
2013    7  393.85338
2013    8  394.08327
2013    9  394.17666
2013   10  394.16336
2013   11  394.11016
2013   12  393.89217
2014    1  394.25821
2014    2  394.60638
2014    3  394.25437
2014    4  394.67643
2014    5  394.79588
2014    6  395.28671
2014    7  395.65976
2014    8  396.08969
2014    9  396.10776
2014   10  395.84446
2014   11  395.74556
2014   12  395.52044
2015    1  395.67592
2015    2  395.91693
2015    3  396.34565
2015    4  396.24152
2015    5  396.76257
2015    6  397.31333
2015    7  397.79962
2015    8  398.36363
2015    9  398.30263
2015   10  398.28228
2015   11  398.22189
2015   12  398.44026
2016    1  398.57489
2016    2  398.56284
2016    3  398.83182
2016    4  399.16756
2016    5  399.96053
2016    6  400.67307
2016    7  401.33524
2016    8  401.59206
2016    9  401.70626
2016   10  401.67524
2016   11  401.35550
2016   12  401.09892
2017    1  401.18169
2017    2  401.02145
2017    3  401.69622
2017    4  401.83653
2017    5  402.17119
2017    6  402.80606
2017    7  403.25988
2017    8  403.14358
2017    9  403.55642
2017   10  403.57091
2017   11  403.50910
2017   12  403.27743
