yy mm co2
2000    1  372.01127
2000    2  372.61393
2000    3  373.58716
2000    4  374.49761
2000    5  374.07680
2000    6  372.01139
2000    7  368.64288
2000    8  365.43922
2000    9  365.48378
2000   10  367.16592
2000   11  369.58902
2000   12  371.00361
2001    1  372.53075
2001    2  373.84985
2001    3  374.78723
2001    4  376.08825
2001    5  375.66893
2001    6  373.60983
2001    7  369.39562
2001    8  367.35524
2001    9  366.37354
2001   10  368.48910
2001   11  370.48687
2001   12  372.93494
2002    1  373.85774
2002    2  374.74808
2002    3  376.18345
2002    4  376.75354
2002    5  377.24749
2002    6  375.42079
2002    7  372.08624
2002    8  369.38934
2002    9  368.31829
2002   10  370.69368
2002   11  372.84344
2002   12  375.23924
2003    1  375.81715
2003    2  377.03518
2003    3  378.35422
2003    4  380.15438
2003    5  380.44024
2003    6  378.57366
2003    7  375.79593
2003    8  371.73685
2003    9  371.40917
2003   10  373.45683
2003   11  375.83505
2003   12  377.40389
2004    1  378.13533
2004    2  379.78939
2004    3  380.87388
2004    4  382.13786
2004    5  381.79287
2004    6  380.15039
2004    7  377.18323
2004    8  373.60337
2004    9  372.70950
2004   10  375.12346
2004   11  377.61172
2004   12  379.42934
2005    1  380.13418
2005    2  381.92174
2005    3  382.87655
2005    4  384.44923
2005    5  384.00677
2005    6  382.18309
2005    7  377.73859
2005    8  375.38173
2005    9  374.65748
2005   10  377.53157
2005   11  379.67795
2005   12  381.27697
2006    1  383.06418
2006    2  383.98028
2006    3  385.71772
2006    4  387.02594
2006    5  387.04011
2006    6  385.01798
2006    7  382.45722
2006    8  377.55285
2006    9  376.95037
2006   10  379.66552
2006   11  381.85532
2006   12  384.16343
2007    1  385.47779
2007    2  386.57023
2007    3  386.89247
2007    4  388.19099
2007    5  388.04035
2007    6  386.13394
2007    7  383.15682
2007    8  379.35661
2007    9  379.26115
2007   10  381.48713
2007   11  383.48619
2007   12  385.43498
2008    1  386.98135
2008    2  387.80094
2008    3  389.55591
2008    4  390.67678
2008    5  390.90164
2008    6  388.41672
2008    7  384.35531
2008    8  381.52994
2008    9  380.40132
2008   10  382.86345
2008   11  385.30451
2008   12  387.23575
2009    1  388.23287
2009    2  389.93906
2009    3  390.82739
2009    4  391.84472
2009    5  391.52461
2009    6  389.98949
2009    7  386.20495
2009    8  382.70757
2009    9  382.00853
2009   10  384.14481
2009   11  387.13255
2009   12  388.64047
2010    1  390.25000
2010    2  391.97848
2010    3  393.31795
2010    4  394.72294
2010    5  394.18819
2010    6  392.42080
2010    7  388.12106
2010    8  385.22878
2010    9  385.28597
2010   10  387.59655
2010   11  390.16045
2010   12  391.91698
2011    1  393.19837
2011    2  394.45754
2011    3  395.12446
2011    4  396.52776
2011    5  396.75547
2011    6  394.19357
2011    7  389.76606
2011    8  387.45656
2011    9  386.60728
2011   10  389.17793
2011   11  392.21693
2011   12  394.32847
2012    1  394.44427
2012    2  395.99297
2012    3  397.33379
2012    4  399.12894
2012    5  398.61651
2012    6  396.12054
2012    7  392.73509
2012    8  389.87218
2012    9  389.32700
2012   10  391.61043
2012   11  393.96589
2012   12  396.05043
2013    1  397.87826
2013    2  398.88069
2013    3  399.76797
2013    4  400.64022
2013    5  400.95183
2013    6  399.43404
2013    7  394.85443
2013    8  392.44257
2013    9  391.78194
2013   10  394.08426
2013   11  396.86100
2013   12  398.96334
2014    1  399.57708
2014    2  400.85614
2014    3  402.14564
2014    4  403.64955
2014    5  403.31413
2014    6  401.63827
2014    7  397.80696
2014    8  395.22239
2014    9  393.51761
2014   10  395.72167
2014   11  398.81357
2014   12  400.35258
2015    1  401.31019
2015    2  402.20228
2015    3  403.72540
2015    4  405.66962
2015    5  405.51185
2015    6  402.87338
2015    7  399.40345
2015    8  397.00940
2015    9  395.63046
2015   10  398.20344
2015   11  401.25058
2015   12  403.91905
2016    1  404.89252
2016    2  405.72847
2016    3  407.36882
2016    4  408.67957
2016    5  408.59400
2016    6  406.45580
2016    7  402.49800
2016    8  399.47761
2016    9  399.07664
2016   10  401.60437
2016   11  404.71039
2016   12  406.54049
2017    1  408.07642
2017    2  409.20352
2017    3  410.50033
2017    4  411.43788
2017    5  411.90675
2017    6  409.62361
2017    7  405.74552
2017    8  403.44219
2017    9  401.85530
2017   10  403.94225
2017   11  406.28496
2017   12  408.57130
