yy mm co2
2000    1  368.52135
2000    2  368.45377
2000    3  368.57295
2000    4  368.64181
2000    5  368.37682
2000    6  368.63794
2000    7  369.43515
2000    8  368.90674
2000    9  368.65813
2000   10  368.56488
2000   11  368.71133
2000   12  368.99527
2001    1  369.21658
2001    2  369.87168
2001    3  369.64967
2001    4  369.75721
2001    5  369.54810
2001    6  369.94237
2001    7  370.64147
2001    8  370.44208
2001    9  370.33402
2001   10  369.88128
2001   11  370.00436
2001   12  370.46839
2002    1  370.90288
2002    2  371.37399
2002    3  371.83586
2002    4  371.71447
2002    5  371.78592
2002    6  371.79823
2002    7  372.35738
2002    8  372.75752
2002    9  372.46163
2002   10  372.35950
2002   11  372.53191
2002   12  372.77734
2003    1  373.88262
2003    2  374.30212
2003    3  374.24482
2003    4  374.52276
2003    5  374.74468
2003    6  374.93612
2003    7  374.90754
2003    8  375.34678
2003    9  374.93999
2003   10  374.49494
2003   11  374.68623
2003   12  375.38071
2004    1  375.81415
2004    2  376.21695
2004    3  376.38628
2004    4  376.70738
2004    5  376.19879
2004    6  376.52574
2004    7  376.73707
2004    8  376.87380
2004    9  376.46483
2004   10  376.26288
2004   11  376.25516
2004   12  376.67554
2005    1  377.52476
2005    2  378.71653
2005    3  378.19866
2005    4  378.00308
2005    5  377.92022
2005    6  378.58964
2005    7  379.24212
2005    8  379.32553
2005    9  378.97044
2005   10  378.76947
2005   11  378.82905
2005   12  379.33720
2006    1  379.80263
2006    2  380.55738
2006    3  380.37743
2006    4  380.47708
2006    5  380.52502
2006    6  380.66678
2006    7  380.82837
2006    8  380.38229
2006    9  380.30726
2006   10  380.20671
2006   11  380.31256
2006   12  380.75563
2007    1  381.65197
2007    2  382.08920
2007    3  382.15754
2007    4  382.26537
2007    5  382.40809
2007    6  382.30885
2007    7  382.78519
2007    8  382.94398
2007    9  382.74119
2007   10  382.61511
2007   11  382.71895
2007   12  383.20353
2008    1  384.10880
2008    2  384.10621
2008    3  384.01943
2008    4  384.28124
2008    5  384.41768
2008    6  384.64388
2008    7  384.64161
2008    8  384.47027
2008    9  384.12513
2008   10  384.00781
2008   11  384.01372
2008   12  384.69600
2009    1  385.57942
2009    2  385.49464
2009    3  385.93254
2009    4  385.75788
2009    5  385.54598
2009    6  385.83725
2009    7  386.19689
2009    8  386.37710
2009    9  385.99217
2009   10  385.68012
2009   11  385.60177
2009   12  385.71667
2010    1  386.64305
2010    2  387.44291
2010    3  387.64058
2010    4  387.02757
2010    5  387.48508
2010    6  388.01500
2010    7  388.35686
2010    8  388.52700
2010    9  388.19812
2010   10  388.10133
2010   11  388.35005
2010   12  388.87790
2011    1  389.34647
2011    2  389.35393
2011    3  389.29773
2011    4  389.15841
2011    5  389.58329
2011    6  389.46091
2011    7  390.00358
2011    8  390.54462
2011    9  390.25498
2011   10  389.83187
2011   11  390.00707
2011   12  390.24799
2012    1  391.15679
2012    2  391.34931
2012    3  391.62079
2012    4  391.71395
2012    5  391.76483
2012    6  391.90834
2012    7  392.24187
2012    8  392.33989
2012    9  392.27601
2012   10  392.12251
2012   11  392.62834
2012   12  392.95107
2013    1  393.80108
2013    2  394.32154
2013    3  394.00937
2013    4  394.44835
2013    5  394.35108
2013    6  394.84262
2013    7  395.09236
2013    8  395.34873
2013    9  395.02629
2013   10  394.94460
2013   11  395.03362
2013   12  395.51168
2014    1  396.16134
2014    2  396.40866
2014    3  396.93556
2014    4  396.39484
2014    5  396.19001
2014    6  396.76481
2014    7  397.53396
2014    8  397.44374
2014    9  397.22564
2014   10  396.60596
2014   11  396.69499
2014   12  397.07919
2015    1  397.76642
2015    2  398.00102
2015    3  398.75758
2015    4  398.14939
2015    5  398.48420
2015    6  398.50973
2015    7  398.97591
2015    8  399.16838
2015    9  398.93587
2015   10  398.91442
2015   11  399.06285
2015   12  399.47877
2016    1  400.17592
2016    2  400.70692
2016    3  401.11839
2016    4  401.93711
2016    5  402.15848
2016    6  401.93455
2016    7  402.85924
2016    8  402.90013
2016    9  402.73607
2016   10  402.29986
2016   11  402.29541
2016   12  402.79157
2017    1  403.48948
2017    2  403.65267
2017    3  403.81888
2017    4  404.60308
2017    5  403.94161
2017    6  404.42008
2017    7  404.87369
2017    8  404.61146
2017    9  404.48387
2017   10  404.62977
2017   11  404.81598
2017   12  405.08862
