yy mm co2
2000    1  369.31195
2000    2  370.44348
2000    3  371.15283
2000    4  372.03933
2000    5  371.80315
2000    6  370.17043
2000    7  369.85485
2000    8  368.84815
2000    9  368.27524
2000   10  368.53761
2000   11  368.76099
2000   12  369.22199
2001    1  370.16268
2001    2  371.18612
2001    3  372.19282
2001    4  373.35887
2001    5  372.43366
2001    6  371.88592
2001    7  371.18755
2001    8  370.39103
2001    9  370.11877
2001   10  369.42679
2001   11  369.93291
2001   12  370.88391
2002    1  371.76153
2002    2  372.41791
2002    3  373.82895
2002    4  374.19869
2002    5  374.57570
2002    6  373.73300
2002    7  373.20858
2002    8  372.57420
2002    9  372.20647
2002   10  371.84285
2002   11  372.26870
2002   12  373.24056
2003    1  374.48714
2003    2  375.12687
2003    3  376.29879
2003    4  377.26405
2003    5  376.71183
2003    6  376.06948
2003    7  375.54922
2003    8  375.29622
2003    9  374.80093
2003   10  374.24633
2003   11  374.55079
2003   12  375.63444
2004    1  376.82345
2004    2  377.55672
2004    3  378.65710
2004    4  379.52815
2004    5  378.90760
2004    6  377.94732
2004    7  377.66655
2004    8  376.92711
2004    9  376.39591
2004   10  375.78284
2004   11  376.31972
2004   12  377.26207
2005    1  378.41449
2005    2  379.47975
2005    3  380.13005
2005    4  381.53504
2005    5  381.38710
2005    6  380.73867
2005    7  379.73525
2005    8  379.26703
2005    9  378.78446
2005   10  378.55067
2005   11  378.76249
2005   12  379.70580
2006    1  380.88957
2006    2  381.90358
2006    3  382.68190
2006    4  383.91020
2006    5  383.50548
2006    6  382.44718
2006    7  381.20762
2006    8  380.37507
2006    9  380.33078
2006   10  380.04323
2006   11  380.43445
2006   12  381.76760
2007    1  382.85874
2007    2  384.02432
2007    3  384.67016
2007    4  385.75640
2007    5  385.14292
2007    6  384.14949
2007    7  383.43688
2007    8  383.08246
2007    9  382.76191
2007   10  382.49529
2007   11  382.76077
2007   12  383.45673
2008    1  384.60791
2008    2  385.53012
2008    3  386.92329
2008    4  388.10234
2008    5  387.82830
2008    6  386.84031
2008    7  385.44612
2008    8  384.79207
2008    9  384.16724
2008   10  383.72786
2008   11  384.06119
2008   12  385.04793
2009    1  385.96615
2009    2  387.32216
2009    3  387.94021
2009    4  388.73349
2009    5  388.57575
2009    6  387.70217
2009    7  386.84602
2009    8  386.39983
2009    9  385.62869
2009   10  385.18439
2009   11  385.59033
2009   12  386.32590
2010    1  388.32781
2010    2  389.63981
2010    3  390.92978
2010    4  391.12911
2010    5  390.64322
2010    6  389.37503
2010    7  388.91152
2010    8  388.59277
2010    9  388.42906
2010   10  388.22048
2010   11  388.56448
2010   12  389.46944
2011    1  390.14622
2011    2  391.36849
2011    3  392.42668
2011    4  393.88755
2011    5  393.64904
2011    6  392.50677
2011    7  390.78578
2011    8  390.99442
2011    9  390.39907
2011   10  390.01124
2011   11  390.25198
2011   12  390.91820
2012    1  392.25776
2012    2  393.68714
2012    3  394.55446
2012    4  395.79684
2012    5  396.20517
2012    6  394.80024
2012    7  393.38571
2012    8  392.41565
2012    9  392.52598
2012   10  392.04041
2012   11  392.76079
2012   12  393.51059
2013    1  395.00388
2013    2  395.83378
2013    3  397.34395
2013    4  398.00201
2013    5  396.76350
2013    6  396.31239
2013    7  395.76553
2013    8  395.42408
2013    9  394.85589
2013   10  394.66764
2013   11  395.11055
2013   12  395.89035
2014    1  396.86120
2014    2  397.40372
2014    3  398.59762
2014    4  399.68637
2014    5  399.11130
2014    6  398.75566
2014    7  397.74165
2014    8  397.38871
2014    9  397.00439
2014   10  396.35279
2014   11  396.80631
2014   12  397.73542
2015    1  398.54305
2015    2  399.55683
2015    3  400.55168
2015    4  401.14569
2015    5  401.01618
2015    6  400.65785
2015    7  400.05066
2015    8  399.30214
2015    9  398.83889
2015   10  398.75478
2015   11  399.35514
2015   12  401.06452
2016    1  402.38374
2016    2  403.40255
2016    3  404.62479
2016    4  405.54811
2016    5  404.68969
2016    6  403.49827
2016    7  403.10444
2016    8  402.67385
2016    9  402.46901
2016   10  401.80443
2016   11  402.35868
2016   12  403.42083
2017    1  404.97453
2017    2  406.31604
2017    3  407.31797
2017    4  408.48998
2017    5  407.52150
2017    6  406.27210
2017    7  405.42532
2017    8  404.55305
2017    9  404.37304
2017   10  404.74150
2017   11  404.91408
2017   12  405.42966
