yy mm co2
2000    1  369.74705
2000    2  370.72183
2000    3  371.54954
2000    4  372.44565
2000    5  372.96975
2000    6  371.36427
2000    7  370.19100
2000    8  368.79745
2000    9  367.98106
2000   10  368.17789
2000   11  368.84053
2000   12  369.75267
2001    1  371.00544
2001    2  371.81668
2001    3  372.75683
2001    4  374.09956
2001    5  373.71530
2001    6  372.93136
2001    7  371.45073
2001    8  370.17840
2001    9  369.49708
2001   10  369.10054
2001   11  369.89577
2001   12  371.64005
2002    1  372.53648
2002    2  373.37086
2002    3  374.29406
2002    4  374.99057
2002    5  375.86706
2002    6  375.23266
2002    7  373.49859
2002    8  372.16715
2002    9  371.24145
2002   10  371.42125
2002   11  372.34952
2002   12  373.99767
2003    1  374.92416
2003    2  375.77699
2003    3  376.98980
2003    4  378.30262
2003    5  378.43437
2003    6  377.54746
2003    7  376.23607
2003    8  375.08112
2003    9  374.24793
2003   10  373.90520
2003   11  374.76595
2003   12  376.20516
2004    1  377.35113
2004    2  378.32331
2004    3  379.19410
2004    4  380.15348
2004    5  380.53707
2004    6  379.45487
2004    7  377.97081
2004    8  376.68290
2004    9  375.77297
2004   10  375.52638
2004   11  376.66771
2004   12  377.75742
2005    1  378.87017
2005    2  380.42417
2005    3  381.11940
2005    4  382.59188
2005    5  382.67404
2005    6  382.00992
2005    7  380.09958
2005    8  378.84834
2005    9  378.16609
2005   10  377.98507
2005   11  378.85353
2005   12  380.17804
2006    1  381.64458
2006    2  382.29706
2006    3  383.38359
2006    4  384.68369
2006    5  384.84571
2006    6  384.30482
2006    7  382.40920
2006    8  380.28191
2006    9  379.77318
2006   10  379.83453
2006   11  380.83916
2006   12  382.77035
2007    1  383.70036
2007    2  384.57921
2007    3  385.08468
2007    4  386.52704
2007    5  386.86767
2007    6  385.62104
2007    7  383.74591
2007    8  382.62032
2007    9  382.41444
2007   10  382.14878
2007   11  382.87323
2007   12  384.26716
2008    1  385.32130
2008    2  386.12873
2008    3  387.87944
2008    4  388.85852
2008    5  389.09639
2008    6  388.22924
2008    7  386.05000
2008    8  384.34277
2008    9  383.13086
2008   10  383.38621
2008   11  384.51017
2008   12  385.62866
2009    1  386.69063
2009    2  387.76221
2009    3  388.40086
2009    4  389.77549
2009    5  389.83094
2009    6  389.24773
2009    7  387.33616
2009    8  386.19974
2009    9  385.14679
2009   10  384.81137
2009   11  386.12867
2009   12  387.16127
2010    1  389.15814
2010    2  390.42669
2010    3  391.71320
2010    4  392.61224
2010    5  392.98230
2010    6  391.37198
2010    7  389.43492
2010    8  388.37604
2010    9  387.83942
2010   10  388.01756
2010   11  388.68518
2010   12  390.04447
2011    1  391.01095
2011    2  392.32644
2011    3  393.42360
2011    4  394.64596
2011    5  394.94984
2011    6  394.05769
2011    7  391.38072
2011    8  390.46950
2011    9  389.92619
2011   10  389.75154
2011   11  390.71773
2011   12  391.84699
2012    1  392.94228
2012    2  394.34317
2012    3  395.10627
2012    4  396.67700
2012    5  397.15006
2012    6  395.99155
2012    7  394.01869
2012    8  391.99070
2012    9  391.87472
2012   10  391.75389
2012   11  392.86230
2012   12  394.39937
2013    1  396.08459
2013    2  396.91353
2013    3  397.84983
2013    4  398.91101
2013    5  398.58479
2013    6  398.35196
2013    7  396.36862
2013    8  395.26346
2013    9  394.34101
2013   10  394.37183
2013   11  395.51753
2013   12  396.78047
2014    1  397.68417
2014    2  398.48743
2014    3  399.60581
2014    4  401.21807
2014    5  401.40911
2014    6  400.64901
2014    7  398.24404
2014    8  397.23152
2014    9  396.43829
2014   10  396.16734
2014   11  397.31426
2014   12  398.63866
2015    1  399.34300
2015    2  400.41326
2015    3  401.71816
2015    4  402.88648
2015    5  403.17612
2015    6  401.72270
2015    7  400.52770
2015    8  399.25601
2015    9  398.60606
2015   10  398.54241
2015   11  399.95136
2015   12  402.09794
2016    1  403.41821
2016    2  404.15960
2016    3  405.28396
2016    4  406.60147
2016    5  406.73473
2016    6  405.14572
2016    7  403.46125
2016    8  402.60804
2016    9  402.03208
2016   10  401.64005
2016   11  402.78136
2016   12  404.42758
2017    1  405.85734
2017    2  407.07263
2017    3  408.10846
2017    4  409.50259
2017    5  410.10280
2017    6  408.54485
2017    7  406.27335
2017    8  404.64508
2017    9  404.14391
2017   10  404.53399
2017   11  404.95335
2017   12  405.82748
