yy mm co2
2000    1  370.76150
2000    2  371.34928
2000    3  372.53791
2000    4  373.11335
2000    5  373.48087
2000    6  372.09870
2000    7  369.74280
2000    8  367.70303
2000    9  366.51670
2000   10  367.33999
2000   11  369.18648
2000   12  370.17083
2001    1  371.70571
2001    2  372.34236
2001    3  373.65983
2001    4  374.90414
2001    5  374.57584
2001    6  373.51131
2001    7  370.90870
2001    8  368.88794
2001    9  367.54401
2001   10  368.58843
2001   11  370.04153
2001   12  372.27618
2002    1  372.94492
2002    2  373.99464
2002    3  374.77046
2002    4  375.74003
2002    5  376.42536
2002    6  375.50193
2002    7  373.49190
2002    8  371.08886
2002    9  369.61434
2002   10  370.85926
2002   11  372.61643
2002   12  374.41548
2003    1  375.14488
2003    2  376.34248
2003    3  377.71990
2003    4  379.08630
2003    5  379.40271
2003    6  378.36147
2003    7  376.40607
2003    8  374.06298
2003    9  372.47711
2003   10  373.45747
2003   11  375.29625
2003   12  376.48706
2004    1  377.65378
2004    2  378.75740
2004    3  379.74055
2004    4  381.13969
2004    5  381.20864
2004    6  380.07167
2004    7  377.82668
2004    8  375.50504
2004    9  373.93754
2004   10  375.14378
2004   11  377.05112
2004   12  378.30774
2005    1  379.26625
2005    2  381.25456
2005    3  381.92750
2005    4  383.46724
2005    5  383.17137
2005    6  382.20265
2005    7  379.45042
2005    8  377.32362
2005    9  376.29969
2005   10  377.37869
2005   11  379.18819
2005   12  380.64364
2006    1  382.30946
2006    2  382.62477
2006    3  384.40365
2006    4  385.61414
2006    5  385.75314
2006    6  384.95447
2006    7  382.76333
2006    8  379.45123
2006    9  378.13355
2006   10  379.62320
2006   11  381.33262
2006   12  383.27812
2007    1  384.49949
2007    2  385.23597
2007    3  385.63187
2007    4  387.45927
2007    5  387.62178
2007    6  386.09389
2007    7  383.83884
2007    8  380.77481
2007    9  380.35261
2007   10  381.50256
2007   11  383.07841
2007   12  384.95389
2008    1  385.99517
2008    2  386.87637
2008    3  388.67400
2008    4  389.51120
2008    5  389.89529
2008    6  388.58311
2008    7  385.76699
2008    8  382.77678
2008    9  381.75777
2008   10  382.95725
2008   11  384.99973
2008   12  386.29377
2009    1  387.42076
2009    2  388.60471
2009    3  389.22043
2009    4  390.59183
2009    5  390.58356
2009    6  389.81973
2009    7  387.26215
2009    8  384.62851
2009    9  383.54244
2009   10  384.42152
2009   11  386.63018
2009   12  387.82938
2010    1  389.61769
2010    2  391.18019
2010    3  392.45028
2010    4  393.70786
2010    5  393.70541
2010    6  392.41122
2010    7  389.13815
2010    8  386.53295
2010    9  385.86938
2010   10  387.61474
2010   11  389.29057
2010   12  390.73892
2011    1  391.84076
2011    2  393.09665
2011    3  394.35551
2011    4  395.39751
2011    5  395.48293
2011    6  394.37032
2011    7  390.95513
2011    8  389.05544
2011    9  387.88258
2011   10  389.13032
2011   11  391.38546
2011   12  392.94554
2012    1  393.25020
2012    2  394.98796
2012    3  396.04947
2012    4  398.12364
2012    5  397.88467
2012    6  396.25590
2012    7  393.74435
2012    8  391.16640
2012    9  390.67827
2012   10  391.57891
2012   11  393.15911
2012   12  395.05848
2013    1  396.82339
2013    2  397.57052
2013    3  398.47571
2013    4  399.53258
2013    5  399.73101
2013    6  399.36294
2013    7  396.45439
2013    8  393.87101
2013    9  392.76324
2013   10  393.92742
2013   11  395.99504
2013   12  397.77753
2014    1  398.34381
2014    2  399.56867
2014    3  400.69848
2014    4  402.18994
2014    5  402.66642
2014    6  401.41522
2014    7  398.70822
2014    8  396.32490
2014    9  394.81814
2014   10  395.76340
2014   11  398.05548
2014   12  399.45287
2015    1  400.06571
2015    2  400.98888
2015    3  402.92289
2015    4  404.30814
2015    5  404.49048
2015    6  402.58633
2015    7  400.45104
2015    8  398.69454
2015    9  397.13352
2015   10  398.42742
2015   11  400.72828
2015   12  402.83639
2016    1  404.16396
2016    2  404.66606
2016    3  405.94974
2016    4  407.67450
2016    5  407.74018
2016    6  406.43950
2016    7  403.51611
2016    8  401.40617
2016    9  400.42170
2016   10  401.49130
2016   11  403.80599
2016   12  405.75064
2017    1  406.69739
2017    2  407.89100
2017    3  409.04011
2017    4  410.54646
2017    5  411.21809
2017    6  409.67492
2017    7  406.64081
2017    8  404.54423
2017    9  402.92169
2017   10  403.99123
2017   11  405.28388
2017   12  407.06815
