yy mm co2
2000    1  372.63497
2000    2  372.93995
2000    3  373.72595
2000    4  374.41147
2000    5  372.62868
2000    6  371.07905
2000    7  366.14010
2000    8  365.29807
2000    9  365.78663
2000   10  368.05958
2000   11  370.09703
2000   12  371.52713
2001    1  372.85293
2001    2  373.96635
2001    3  374.63865
2001    4  375.87274
2001    5  373.94257
2001    6  372.14370
2001    7  369.04251
2001    8  366.62444
2001    9  366.49490
2001   10  368.96640
2001   11  371.88223
2001   12  373.36382
2002    1  374.13285
2002    2  375.51316
2002    3  376.56308
2002    4  377.64452
2002    5  376.33796
2002    6  374.51350
2002    7  370.58242
2002    8  368.75048
2002    9  369.22621
2002   10  371.24395
2002   11  373.89062
2002   12  376.10982
2003    1  377.24237
2003    2  378.59118
2003    3  378.79549
2003    4  380.21887
2003    5  378.48498
2003    6  376.06535
2003    7  373.82983
2003    8  372.66916
2003    9  371.87466
2003   10  374.22354
2003   11  376.55808
2003   12  378.25553
2004    1  379.49462
2004    2  380.63797
2004    3  382.67471
2004    4  382.85161
2004    5  380.70290
2004    6  378.61252
2004    7  375.02617
2004    8  372.82918
2004    9  373.06937
2004   10  375.38359
2004   11  378.12255
2004   12  379.92169
2005    1  381.21452
2005    2  384.71087
2005    3  383.27943
2005    4  384.16276
2005    5  382.65620
2005    6  380.46343
2005    7  376.16829
2005    8  374.22180
2005    9  376.10138
2005   10  378.04878
2005   11  380.86617
2005   12  382.73234
2006    1  384.18156
2006    2  384.98605
2006    3  385.85375
2006    4  386.47995
2006    5  385.29618
2006    6  383.51974
2006    7  379.43237
2006    8  376.59405
2006    9  378.79572
2006   10  379.86418
2006   11  382.06973
2006   12  384.22810
2007    1  385.06926
2007    2  386.52378
2007    3  388.17697
2007    4  387.78799
2007    5  386.73476
2007    6  383.60912
2007    7  381.05913
2007    8  378.58670
2007    9  379.47227
2007   10  382.45870
2007   11  384.33110
2007   12  386.59506
2008    1  386.99782
2008    2  388.15002
2008    3  390.23580
2008    4  390.93706
2008    5  388.99126
2008    6  385.28471
2008    7  383.17207
2008    8  380.92604
2008    9  381.91260
2008   10  383.26703
2008   11  386.23923
2008   12  388.63040
2009    1  389.49371
2009    2  390.43659
2009    3  391.08304
2009    4  392.11035
2009    5  390.63874
2009    6  387.70124
2009    7  384.47208
2009    8  382.71557
2009    9  382.43600
2009   10  384.90994
2009   11  387.57426
2009   12  390.42145
2010    1  391.81602
2010    2  393.46388
2010    3  393.55294
2010    4  394.54468
2010    5  392.24990
2010    6  389.37098
2010    7  386.23245
2010    8  384.15199
2010    9  385.63018
2010   10  388.51760
2010   11  391.61023
2010   12  393.36926
2011    1  394.08027
2011    2  395.21130
2011    3  396.70945
2011    4  395.81902
2011    5  394.07163
2011    6  392.11378
2011    7  387.45100
2011    8  386.44165
2011    9  387.71096
2011   10  389.55046
2011   11  392.50785
2011   12  394.05873
2012    1  395.24239
2012    2  397.00244
2012    3  397.05067
2012    4  398.66916
2012    5  396.55203
2012    6  394.54291
2012    7  390.35964
2012    8  389.00014
2012    9  389.66635
2012   10  392.23125
2012   11  394.83773
2012   12  397.33158
2013    1  398.30233
2013    2  401.35518
2013    3  400.79153
2013    4  401.55236
2013    5  399.62103
2013    6  396.73195
2013    7  392.31151
2013    8  390.38947
2013    9  392.32991
2013   10  394.91203
2013   11  398.63371
2013   12  398.79797
2014    1  400.74522
2014    2  402.15295
2014    3  403.10368
2014    4  402.72120
2014    5  401.68635
2014    6  398.99143
2014    7  394.95830
2014    8  392.22551
2014    9  394.11537
2014   10  396.72325
2014   11  399.12289
2014   12  401.58225
2015    1  402.37908
2015    2  403.86425
2015    3  404.70573
2015    4  405.26164
2015    5  403.24431
2015    6  400.63061
2015    7  397.98662
2015    8  395.21352
2015    9  395.69454
2015   10  399.24766
2015   11  401.36912
2015   12  402.71098
2016    1  405.40338
2016    2  406.52821
2016    3  408.62800
2016    4  407.88969
2016    5  406.35793
2016    6  402.89407
2016    7  401.43030
2016    8  398.34974
2016    9  399.88747
2016   10  402.91288
2016   11  405.10204
2016   12  406.55842
2017    1  409.09700
2017    2  409.42233
2017    3  410.30237
2017    4  411.75284
2017    5  410.16290
2017    6  406.65458
2017    7  403.22033
2017    8  402.07984
2017    9  401.31042
2017   10  404.51292
2017   11  407.18642
2017   12  409.12846
