yy mm co2
2000    1  373.72415
2000    2  375.66121
2000    3  375.83258
2000    4  378.98886
2000    5  377.08797
2000    6  371.14249
2000    7  367.63650
2000    8  362.68067
2000    9  368.53086
2000   10  369.49140
2000   11  379.70493
2000   12  382.81316
2001    1  385.45032
2001    2  378.93280
2001    3  376.04844
2001    4  377.11792
2001    5  377.27357
2001    6  374.35591
2001    7  368.93316
2001    8  368.48400
2001    9  369.10005
2001   10  372.92685
2001   11  372.71489
2001   12  376.97700
2002    1  380.74373
2002    2  374.86662
2002    3  377.82540
2002    4  377.51516
2002    5  379.23973
2002    6  375.32387
2002    7  372.25176
2002    8  376.21340
2002    9  371.37815
2002   10  374.55227
2002   11  381.46210
2002   12  378.57320
2003    1  375.23819
2003    2  384.99065
2003    3  379.63298
2003    4  381.36268
2003    5  382.09776
2003    6  381.59039
2003    7  376.59719
2003    8  371.95449
2003    9  375.98822
2003   10  377.99650
2003   11  384.23185
2003   12  382.92434
2004    1  383.46686
2004    2  381.90381
2004    3  383.62504
2004    4  385.65911
2004    5  384.55310
2004    6  379.58520
2004    7  374.64869
2004    8  371.07515
2004    9  374.68408
2004   10  376.92857
2004   11  383.51331
2004   12  386.24293
2005    1  390.92996
2005    2  386.08882
2005    3  386.23670
2005    4  386.04948
2005    5  385.90556
2005    6  382.11927
2005    7  380.51140
2005    8  376.00522
2005    9  376.67336
2005   10  381.31428
2005   11  386.62044
2005   12  386.73313
2006    1  389.34022
2006    2  390.07529
2006    3  387.24090
2006    4  387.66771
2006    5  389.20032
2006    6  384.60208
2006    7  383.51529
2006    8  374.89529
2006    9  378.33408
2006   10  382.49631
2006   11  384.41995
2006   12  389.95588
2007    1  392.07711
2007    2  391.69367
2007    3  392.68268
2007    4  389.89793
2007    5  387.65123
2007    6  386.00387
2007    7  380.72377
2007    8  381.64953
2007    9  378.33556
2007   10  382.52395
2007   11  388.30214
2007   12  391.54416
2008    1  392.20907
2008    2  390.14994
2008    3  393.79220
2008    4  394.10268
2008    5  393.26446
2008    6  391.76387
2008    7  389.31504
2008    8  385.52479
2008    9  381.33748
2008   10  384.32120
2008   11  398.72580
2008   12  400.78376
2009    1  398.21779
2009    2  393.87806
2009    3  392.38989
2009    4  396.12575
2009    5  392.40482
2009    6  391.31369
2009    7  387.28261
2009    8  387.23997
2009    9  385.09147
2009   10  389.06882
2009   11  393.33611
2009   12  399.22231
2010    1  399.28441
2010    2  396.27415
2010    3  395.27839
2010    4  395.82266
2010    5  395.91847
2010    6  392.70386
2010    7  388.36765
2010    8  384.80500
2010    9  386.57512
2010   10  390.49619
2010   11  396.55485
2010   12  397.60323
2011    1  397.51979
2011    2  396.14609
2011    3  397.01175
2011    4  398.32952
2011    5  397.46636
2011    6  394.35938
2011    7  391.53930
2011    8  387.96253
2011    9  387.19081
2011   10  399.62810
2011   11  397.81971
2011   12  397.15081
2012    1  400.08832
2012    2  399.01194
2012    3  399.50132
2012    4  398.62024
2012    5  399.75718
2012    6  396.87328
2012    7  393.76513
2012    8  389.53280
2012    9  388.30016
2012   10  392.67019
2012   11  392.86300
2012   12  396.50450
2013    1  402.14651
2013    2  401.33778
2013    3  402.73732
2013    4  403.45115
2013    5  403.14134
2013    6  399.08997
2013    7  392.68343
2013    8  389.61892
2013    9  391.16348
2013   10  397.56743
2013   11  408.02590
2013   12  406.99326
2014    1  408.87480
2014    2  404.14243
2014    3  408.07255
2014    4  410.97339
2014    5  404.16923
2014    6  402.68654
2014    7  398.01479
2014    8  391.73738
2014    9  393.25896
2014   10  399.85185
2014   11  410.01517
2014   12  404.91161
2015    1  417.48682
2015    2  414.60461
2015    3  411.87427
2015    4  407.06969
2015    5  406.62466
2015    6  403.50840
2015    7  399.68838
2015    8  391.14349
2015    9  396.94001
2015   10  406.37894
2015   11  406.37102
2015   12  407.63404
2016    1  406.88200
2016    2  408.51228
2016    3  409.39712
2016    4  411.59175
2016    5  410.50970
2016    6  406.59402
2016    7  401.73426
2016    8  395.72883
2016    9  400.41914
2016   10  403.13811
2016   11  406.97446
2016   12  410.09430
2017    1  413.36191
2017    2  411.55398
2017    3  410.78299
2017    4  412.69953
2017    5  411.94475
2017    6  409.24572
2017    7  404.85780
2017    8  402.86401
2017    9  401.38981
2017   10  406.03676
2017   11  413.93845
2017   12  427.84528
