yy mm co2
2000    1  374.62704
2000    2  374.30198
2000    3  375.33345
2000    4  374.76057
2000    5  371.23816
2000    6  369.00188
2000    7  366.06716
2000    8  363.27328
2000    9  363.89948
2000   10  368.24637
2000   11  370.78946
2000   12  372.74201
2001    1  374.10684
2001    2  376.01628
2001    3  375.10306
2001    4  376.36250
2001    5  372.08892
2001    6  368.28348
2001    7  367.30536
2001    8  364.91815
2001    9  365.95581
2001   10  369.22941
2001   11  373.51120
2001   12  374.89986
2002    1  375.42035
2002    2  377.40893
2002    3  378.12634
2002    4  378.49179
2002    5  376.26579
2002    6  373.07543
2002    7  368.87714
2002    8  367.05710
2002    9  368.52466
2002   10  371.97172
2002   11  374.57925
2002   12  377.65753
2003    1  378.51819
2003    2  381.06251
2003    3  380.67251
2003    4  380.37851
2003    5  377.34627
2003    6  374.12316
2003    7  371.39520
2003    8  370.46988
2003    9  370.81775
2003   10  375.13356
2003   11  377.64348
2003   12  379.79917
2004    1  381.05046
2004    2  383.49209
2004    3  384.69784
2004    4  382.77195
2004    5  378.87652
2004    6  375.58647
2004    7  372.60845
2004    8  370.77928
2004    9  371.14369
2004   10  375.35510
2004   11  380.11337
2004   12  381.51196
2005    1  383.03292
2005    2  387.56549
2005    3  384.51722
2005    4  384.71754
2005    5  380.98378
2005    6  375.76386
2005    7  373.28276
2005    8  372.07128
2005    9  375.26051
2005   10  379.02413
2005   11  382.44179
2005   12  383.95933
2006    1  386.76371
2006    2  387.54547
2006    3  387.26084
2006    4  386.32512
2006    5  385.39170
2006    6  380.12792
2006    7  380.17749
2006    8  375.36485
2006    9  378.63696
2006   10  380.88506
2006   11  383.34142
2006   12  385.33189
2007    1  386.86596
2007    2  388.22461
2007    3  389.45847
2007    4  385.68248
2007    5  385.13070
2007    6  379.24110
2007    7  378.38021
2007    8  376.06276
2007    9  378.24348
2007   10  384.19859
2007   11  386.11598
2007   12  387.79521
2008    1  387.96454
2008    2  390.39139
2008    3  391.35027
2008    4  391.06936
2008    5  386.79011
2008    6  382.12605
2008    7  379.12876
2008    8  377.57735
2008    9  381.86551
2008   10  383.32722
2008   11  387.92306
2008   12  390.10620
2009    1  390.98441
2009    2  392.40372
2009    3  392.58413
2009    4  393.12383
2009    5  388.61413
2009    6  383.71122
2009    7  382.11039
2009    8  379.85801
2009    9  381.73597
2009   10  384.77138
2009   11  388.34981
2009   12  392.51521
2010    1  394.69957
2010    2  396.70436
2010    3  395.23354
2010    4  394.29293
2010    5  389.86953
2010    6  385.45567
2010    7  383.87135
2010    8  382.66048
2010    9  383.74425
2010   10  389.45919
2010   11  392.94592
2010   12  395.27152
2011    1  395.87033
2011    2  396.52747
2011    3  399.43200
2011    4  395.83011
2011    5  391.34783
2011    6  391.70479
2011    7  384.71824
2011    8  385.42721
2011    9  386.65868
2011   10  389.84435
2011   11  394.23100
2011   12  395.55083
2012    1  396.87962
2012    2  398.56427
2012    3  398.58167
2012    4  398.83665
2012    5  392.79967
2012    6  393.32669
2012    7  387.62772
2012    8  386.83158
2012    9  389.14956
2012   10  392.59077
2012   11  396.68713
2012   12  398.58031
2013    1  399.42030
2013    2  404.66603
2013    3  402.89990
2013    4  402.47611
2013    5  398.45100
2013    6  393.60957
2013    7  389.18859
2013    8  386.52422
2013    9  390.23827
2013   10  395.75837
2013   11  400.02129
2013   12  399.90744
2014    1  401.83982
2014    2  403.18677
2014    3  404.69185
2014    4  401.62198
2014    5  399.49606
2014    6  395.35156
2014    7  392.51690
2014    8  388.91510
2014    9  393.23870
2014   10  396.74301
2014   11  399.81576
2014   12  404.02581
2015    1  404.50797
2015    2  406.23057
2015    3  406.10431
2015    4  404.90064
2015    5  399.15298
2015    6  395.16552
2015    7  395.07009
2015    8  392.26515
2015    9  394.93249
2015   10  400.96100
2015   11  402.26811
2015   12  403.13858
2016    1  406.45545
2016    2  408.78792
2016    3  410.49550
2016    4  407.97851
2016    5  402.67021
2016    6  401.03716
2016    7  397.36606
2016    8  395.81727
2016    9  398.61363
2016   10  403.68564
2016   11  406.79981
2016   12  408.02860
2017    1  410.35938
2017    2  411.49394
2017    3  411.23724
2017    4  412.10605
2017    5  409.04220
2017    6  402.40673
2017    7  399.86643
2017    8  398.86669
2017    9  400.02476
2017   10  404.55355
2017   11  408.28742
2017   12  410.19922
