yy mm co2
2000    1  374.49619
2000    2  375.31575
2000    3  376.50071
2000    4  377.82657
2000    5  373.68073
2000    6  370.23614
2000    7  369.13183
2000    8  367.11220
2000    9  367.35059
2000   10  369.79016
2000   11  373.50893
2000   12  374.93953
2001    1  375.39157
2001    2  377.90500
2001    3  378.87204
2001    4  379.04983
2001    5  375.49698
2001    6  369.93934
2001    7  367.92189
2001    8  366.19295
2001    9  367.35984
2001   10  371.31528
2001   11  374.59887
2001   12  375.86241
2002    1  377.39633
2002    2  379.75691
2002    3  381.84988
2002    4  380.69117
2002    5  377.44830
2002    6  372.35153
2002    7  372.57568
2002    8  371.43045
2002    9  369.22263
2002   10  374.28676
2002   11  376.79495
2002   12  378.32189
2003    1  379.30527
2003    2  381.05450
2003    3  382.56164
2003    4  384.16058
2003    5  381.75052
2003    6  378.23126
2003    7  375.06915
2003    8  374.39604
2003    9  373.09105
2003   10  376.13025
2003   11  379.51849
2003   12  381.14350
2004    1  382.16007
2004    2  385.21382
2004    3  385.71932
2004    4  386.43056
2004    5  382.56793
2004    6  378.65364
2004    7  376.06931
2004    8  371.74093
2004    9  374.20768
2004   10  377.78399
2004   11  381.44528
2004   12  382.92579
2005    1  383.98991
2005    2  384.70951
2005    3  387.68508
2005    4  387.96567
2005    5  384.81792
2005    6  379.12870
2005    7  376.11829
2005    8  378.54825
2005    9  377.78934
2005   10  380.39024
2005   11  384.15019
2005   12  384.60307
2006    1  386.68030
2006    2  388.97165
2006    3  389.53254
2006    4  389.76644
2006    5  387.07457
2006    6  381.56938
2006    7  380.21119
2006    8  380.40741
2006    9  379.40691
2006   10  383.28010
2006   11  386.17739
2006   12  387.90228
2007    1  388.77147
2007    2  391.23889
2007    3  392.33561
2007    4  390.69090
2007    5  389.19618
2007    6  383.25600
2007    7  378.55539
2007    8  381.33666
2007    9  381.87817
2007   10  384.31393
2007   11  387.72801
2007   12  389.52727
2008    1  390.50565
2008    2  392.55427
2008    3  395.04888
2008    4  394.74742
2008    5  391.87813
2008    6  385.74674
2008    7  384.40191
2008    8  381.60424
2008    9  382.30271
2008   10  385.75812
2008   11  389.06166
2008   12  391.15822
2009    1  391.68107
2009    2  394.24174
2009    3  395.42487
2009    4  396.70474
2009    5  393.22834
2009    6  390.56403
2009    7  387.40164
2009    8  381.83830
2009    9  382.38725
2009   10  387.54527
2009   11  390.34276
2009   12  392.77395
2010    1  393.63583
2010    2  395.75683
2010    3  398.24646
2010    4  397.76889
2010    5  396.30302
2010    6  390.44325
2010    7  390.49893
2010    8  388.27918
2010    9  388.05243
2010   10  390.94771
2010   11  394.74037
2010   12  396.57258
2011    1  397.01309
2011    2  399.32664
2011    3  400.61367
2011    4  401.28725
2011    5  396.27607
2011    6  392.49341
2011    7  388.81754
2011    8  388.14772
2011    9  388.75607
2011   10  392.43387
2011   11  396.79543
2011   12  397.57267
2012    1  398.72553
2012    2  400.24766
2012    3  401.24112
2012    4  401.64517
2012    5  399.02885
2012    6  395.90351
2012    7  393.25075
2012    8  393.50489
2012    9  391.20903
2012   10  395.17885
2012   11  398.25289
2012   12  400.25904
2013    1  401.06644
2013    2  403.34513
2013    3  405.43170
2013    4  405.11915
2013    5  403.87787
2013    6  398.36107
2013    7  395.61305
2013    8  393.01664
2013    9  392.84222
2013   10  396.49097
2013   11  401.24258
2013   12  402.13738
2014    1  404.42703
2014    2  406.01936
2014    3  408.21938
2014    4  407.07647
2014    5  405.16650
2014    6  399.03223
2014    7  394.89276
2014    8  395.13625
2014    9  394.06342
2014   10  398.62984
2014   11  402.23688
2014   12  404.80206
2015    1  405.42873
2015    2  407.55191
2015    3  410.99306
2015    4  409.94733
2015    5  405.96465
2015    6  402.46520
2015    7  400.60974
2015    8  397.90041
2015    9  397.13297
2015   10  401.34136
2015   11  404.71292
2015   12  408.16067
2016    1  408.72046
2016    2  410.60921
2016    3  413.02701
2016    4  411.64056
2016    5  410.04046
2016    6  404.98492
2016    7  402.69602
2016    8  399.89222
2016    9  400.61955
2016   10  405.32369
2016   11  409.36380
2016   12  411.33512
2017    1  412.40538
2017    2  413.76232
2017    3  415.24463
2017    4  416.53821
2017    5  413.29613
2017    6  405.75996
2017    7  406.26296
2017    8  403.74656
2017    9  402.63901
2017   10  407.12062
2017   11  411.62019
2017   12  413.06138
