yy mm co2
2000    1  370.97640
2000    2  371.81220
2000    3  371.31834
2000    4  371.09407
2000    5  370.83193
2000    6  370.04720
2000    7  369.48823
2000    8  368.93762
2000    9  368.26226
2000   10  368.28077
2000   11  369.37938
2000   12  371.54820
2001    1  372.38339
2001    2  373.14135
2001    3  372.66084
2001    4  372.46995
2001    5  371.56011
2001    6  370.88120
2001    7  370.38312
2001    8  370.09511
2001    9  369.92761
2001   10  369.75218
2001   11  371.80164
2001   12  373.27767
2002    1  374.13245
2002    2  375.59419
2002    3  374.49569
2002    4  374.51758
2002    5  373.47656
2002    6  372.66364
2002    7  372.76422
2002    8  372.33729
2002    9  372.46229
2002   10  371.71561
2002   11  373.03980
2002   12  374.65431
2003    1  376.92761
2003    2  377.03975
2003    3  377.54956
2003    4  376.84236
2003    5  376.23729
2003    6  375.76348
2003    7  375.75272
2003    8  375.30609
2003    9  374.71377
2003   10  375.04928
2003   11  375.95161
2003   12  378.50501
2004    1  379.69666
2004    2  380.53692
2004    3  380.41850
2004    4  380.44847
2004    5  378.22555
2004    6  377.97529
2004    7  377.52741
2004    8  376.86279
2004    9  376.98902
2004   10  376.98922
2004   11  377.49854
2004   12  380.03482
2005    1  381.98868
2005    2  381.96810
2005    3  382.55088
2005    4  381.92995
2005    5  380.06649
2005    6  379.92685
2005    7  379.85414
2005    8  379.13787
2005    9  378.80955
2005   10  378.91499
2005   11  380.13747
2005   12  382.15725
2006    1  384.13386
2006    2  384.31949
2006    3  384.22574
2006    4  383.75802
2006    5  383.22702
2006    6  382.15565
2006    7  381.11239
2006    8  380.77025
2006    9  380.59420
2006   10  381.29545
2006   11  382.24156
2006   12  384.62094
2007    1  386.01202
2007    2  385.52104
2007    3  385.89371
2007    4  386.17663
2007    5  385.05273
2007    6  384.43512
2007    7  383.69730
2007    8  382.90297
2007    9  382.61336
2007   10  382.97253
2007   11  385.30651
2007   12  386.26848
2008    1  387.31343
2008    2  390.59846
2008    3  388.27679
2008    4  387.64367
2008    5  386.41042
2008    6  386.08423
2008    7  385.59458
2008    8  384.75709
2008    9  384.42519
2008   10  383.80065
2008   11  385.46004
2008   12  387.72039
2009    1  390.22180
2009    2  388.55054
2009    3  388.98538
2009    4  388.76038
2009    5  388.95453
2009    6  386.94224
2009    7  386.72195
2009    8  386.37474
2009    9  386.01030
2009   10  385.94159
2009   11  387.71672
2009   12  390.89913
2010    1  391.11651
2010    2  390.97579
2010    3  392.05851
2010    4  392.05371
2010    5  391.31142
2010    6  389.74575
2010    7  389.40969
2010    8  388.48567
2010    9  388.26515
2010   10  388.90383
2010   11  389.92552
2010   12  393.53137
2011    1  395.76172
2011    2  395.27164
2011    3  395.30513
2011    4  395.54908
2011    5  393.15500
2011    6  391.20836
2011    7  390.89436
2011    8  390.37137
2011    9  389.96755
2011   10  390.10591
2011   11  392.47819
2011   12  395.04273
2012    1  396.24525
2012    2  396.08247
2012    3  396.66763
2012    4  395.68363
2012    5  394.38900
2012    6  393.42779
2012    7  393.07808
2012    8  392.54804
2012    9  392.29426
2012   10  393.50390
2012   11  393.49814
2012   12  397.13440
2013    1  399.95331
2013    2  398.57969
2013    3  398.65097
2013    4  397.68987
2013    5  397.04752
2013    6  396.61225
2013    7  396.32639
2013    8  395.65060
2013    9  395.29370
2013   10  396.74580
2013   11  396.77610
2013   12  401.48129
2014    1  402.18825
2014    2  402.08339
2014    3  401.81188
2014    4  400.70151
2014    5  399.98983
2014    6  398.36369
2014    7  397.86601
2014    8  397.46665
2014    9  397.14735
2014   10  397.62966
2014   11  398.53394
2014   12  401.45093
2015    1  403.71731
2015    2  404.58897
2015    3  403.47135
2015    4  403.02906
2015    5  401.36100
2015    6  400.36128
2015    7  399.94734
2015    8  399.64428
2015    9  399.41163
2015   10  400.09303
2015   11  400.28809
2015   12  403.91277
2016    1  404.48725
2016    2  407.61870
2016    3  406.56090
2016    4  405.82099
2016    5  405.09130
2016    6  403.52280
2016    7  403.37906
2016    8  402.72836
2016    9  402.38118
2016   10  402.52192
2016   11  404.39167
2016   12  406.79530
2017    1  408.83856
2017    2  410.07283
2017    3  409.79846
2017    4  408.83684
2017    5  407.61841
2017    6  406.36110
2017    7  405.94061
2017    8  405.49849
2017    9  404.82383
2017   10  406.16663
2017   11  406.48945
2017   12  411.00162
