yy mm co2
2000    1  370.51874
2000    2  371.43781
2000    3  371.02247
2000    4  370.59459
2000    5  369.96644
2000    6  369.71888
2000    7  369.28660
2000    8  368.68939
2000    9  368.18738
2000   10  368.10190
2000   11  368.99126
2000   12  371.39867
2001    1  371.78930
2001    2  372.82598
2001    3  372.06474
2001    4  371.56808
2001    5  370.81842
2001    6  370.39249
2001    7  370.12828
2001    8  370.29921
2001    9  370.08349
2001   10  369.91027
2001   11  371.24756
2001   12  372.71707
2002    1  373.71871
2002    2  375.20373
2002    3  374.28844
2002    4  373.83439
2002    5  372.71238
2002    6  372.00365
2002    7  372.55289
2002    8  372.73514
2002    9  373.24199
2002   10  372.73933
2002   11  372.75156
2002   12  374.16967
2003    1  376.38820
2003    2  376.76923
2003    3  377.16792
2003    4  376.71698
2003    5  374.78918
2003    6  374.84209
2003    7  375.22506
2003    8  375.35492
2003    9  375.06112
2003   10  375.02704
2003   11  375.54244
2003   12  378.15096
2004    1  379.09052
2004    2  380.11884
2004    3  380.07792
2004    4  379.43630
2004    5  377.33119
2004    6  377.35878
2004    7  377.42025
2004    8  376.89196
2004    9  377.84514
2004   10  376.78672
2004   11  377.16454
2004   12  379.34745
2005    1  381.54377
2005    2  381.43835
2005    3  382.02727
2005    4  381.37165
2005    5  379.24922
2005    6  379.43156
2005    7  379.57082
2005    8  379.31025
2005    9  379.07148
2005   10  378.94768
2005   11  379.79597
2005   12  381.86077
2006    1  383.56666
2006    2  383.80906
2006    3  384.02222
2006    4  383.31188
2006    5  382.52235
2006    6  381.53050
2006    7  381.02089
2006    8  380.98573
2006    9  381.23134
2006   10  382.05160
2006   11  381.44554
2006   12  383.76192
2007    1  385.22441
2007    2  385.30366
2007    3  385.55777
2007    4  385.31341
2007    5  383.98968
2007    6  383.95025
2007    7  383.62833
2007    8  382.86176
2007    9  382.82815
2007   10  382.87768
2007   11  384.79071
2007   12  385.47779
2008    1  387.01412
2008    2  389.71292
2008    3  387.51541
2008    4  386.72087
2008    5  384.86705
2008    6  385.50561
2008    7  385.31839
2008    8  384.69248
2008    9  384.54469
2008   10  383.90778
2008   11  384.81495
2008   12  387.28563
2009    1  389.78618
2009    2  388.45945
2009    3  388.24108
2009    4  387.20507
2009    5  387.50918
2009    6  386.45376
2009    7  386.39404
2009    8  386.32631
2009    9  386.40495
2009   10  386.01755
2009   11  386.95845
2009   12  389.94616
2010    1  390.56659
2010    2  390.52352
2010    3  391.20190
2010    4  391.46902
2010    5  390.73324
2010    6  389.14572
2010    7  389.21292
2010    8  388.48876
2010    9  388.13881
2010   10  388.41262
2010   11  389.38495
2010   12  392.40331
2011    1  394.86459
2011    2  394.51913
2011    3  393.96109
2011    4  395.12687
2011    5  392.15726
2011    6  390.32928
2011    7  390.56753
2011    8  390.25411
2011    9  390.13405
2011   10  389.96190
2011   11  391.55985
2011   12  394.39910
2012    1  395.33764
2012    2  395.60508
2012    3  396.11914
2012    4  394.44643
2012    5  392.99432
2012    6  392.62010
2012    7  392.79772
2012    8  392.32153
2012    9  392.48151
2012   10  392.89042
2012   11  392.92278
2012   12  395.79810
2013    1  399.13537
2013    2  397.88542
2013    3  398.44326
2013    4  396.61335
2013    5  396.22359
2013    6  397.12593
2013    7  396.49016
2013    8  395.67408
2013    9  395.38427
2013   10  396.10182
2013   11  396.29368
2013   12  400.24769
2014    1  401.75443
2014    2  401.46816
2014    3  401.27381
2014    4  399.78928
2014    5  399.18607
2014    6  397.57628
2014    7  397.75216
2014    8  397.28743
2014    9  397.23364
2014   10  397.28454
2014   11  397.76927
2014   12  400.27651
2015    1  403.28296
2015    2  404.19336
2015    3  402.75481
2015    4  402.39855
2015    5  400.26815
2015    6  399.35639
2015    7  399.59216
2015    8  399.65290
2015    9  400.55515
2015   10  399.58456
2015   11  399.54699
2015   12  403.04515
2016    1  403.69865
2016    2  406.48747
2016    3  405.89712
2016    4  405.13463
2016    5  404.24673
2016    6  403.19841
2016    7  403.17414
2016    8  402.86715
2016    9  402.45135
2016   10  402.45493
2016   11  404.03416
2016   12  406.18813
2017    1  407.98611
2017    2  409.39794
2017    3  408.95052
2017    4  407.59583
2017    5  405.79375
2017    6  405.85684
2017    7  405.44788
2017    8  405.38327
2017    9  404.77450
2017   10  405.50792
2017   11  405.98743
2017   12  410.68901
