yy mm co2
2000    1  372.51800
2000    2  373.60078
2000    3  373.22778
2000    4  371.81310
2000    5  371.88365
2000    6  370.64610
2000    7  369.86990
2000    8  368.95773
2000    9  367.82809
2000   10  368.42952
2000   11  370.92544
2000   12  373.80849
2001    1  374.12858
2001    2  375.14657
2001    3  375.03440
2001    4  373.93736
2001    5  372.44521
2001    6  371.28103
2001    7  370.52640
2001    8  369.92747
2001    9  369.37455
2001   10  370.47153
2001   11  372.72013
2001   12  374.75216
2002    1  375.84259
2002    2  377.38244
2002    3  375.38260
2002    4  375.41476
2002    5  374.64610
2002    6  373.30779
2002    7  373.26972
2002    8  372.57699
2002    9  371.83141
2002   10  372.10708
2002   11  375.15015
2002   12  376.60415
2003    1  378.52611
2003    2  378.52590
2003    3  379.37850
2003    4  377.33820
2003    5  377.59688
2003    6  376.69096
2003    7  376.42833
2003    8  375.10792
2003    9  374.53984
2003   10  375.85315
2003   11  377.59982
2003   12  380.21043
2004    1  382.12471
2004    2  382.41112
2004    3  382.77759
2004    4  381.84866
2004    5  379.47763
2004    6  378.59575
2004    7  377.76795
2004    8  376.68765
2004    9  376.38741
2004   10  378.08644
2004   11  379.24582
2004   12  382.20684
2005    1  383.69873
2005    2  384.43279
2005    3  385.00398
2005    4  383.53831
2005    5  380.66157
2005    6  380.49326
2005    7  380.22277
2005    8  379.13726
2005    9  378.92177
2005   10  380.25517
2005   11  381.91979
2005   12  385.25451
2006    1  386.53624
2006    2  386.92515
2006    3  386.34628
2006    4  385.01382
2006    5  384.23057
2006    6  382.92629
2006    7  381.65701
2006    8  380.76981
2006    9  380.91856
2006   10  382.84532
2006   11  383.43589
2006   12  386.57695
2007    1  389.60937
2007    2  387.01179
2007    3  387.97548
2007    4  388.25834
2007    5  385.99686
2007    6  384.94103
2007    7  383.79576
2007    8  383.43630
2007    9  383.33965
2007   10  384.19798
2007   11  386.97527
2007   12  389.21594
2008    1  390.94369
2008    2  394.21269
2008    3  390.95513
2008    4  389.91121
2008    5  388.20540
2008    6  386.57890
2008    7  385.87270
2008    8  384.99560
2008    9  384.71803
2008   10  384.53023
2008   11  387.83782
2008   12  390.31010
2009    1  392.36291
2009    2  390.74692
2009    3  391.03633
2009    4  391.04436
2009    5  390.43365
2009    6  387.93217
2009    7  387.21037
2009    8  386.85565
2009    9  385.80131
2009   10  388.00313
2009   11  390.76150
2009   12  393.84584
2010    1  393.40899
2010    2  393.01554
2010    3  394.48441
2010    4  393.49182
2010    5  391.91102
2010    6  390.87146
2010    7  389.81449
2010    8  388.86655
2010    9  388.49466
2010   10  390.41071
2010   11  393.33611
2010   12  396.65910
2011    1  399.24821
2011    2  398.95103
2011    3  400.20555
2011    4  397.96901
2011    5  394.69340
2011    6  392.45663
2011    7  391.28977
2011    8  390.73345
2011    9  390.59541
2011   10  392.16102
2011   11  394.01435
2011   12  398.30746
2012    1  401.44476
2012    2  399.74510
2012    3  399.02955
2012    4  396.61312
2012    5  395.08045
2012    6  394.63452
2012    7  393.64063
2012    8  392.86949
2012    9  392.93984
2012   10  394.81558
2012   11  396.42461
2012   12  400.71542
2013    1  403.72147
2013    2  402.01249
2013    3  400.10962
2013    4  400.42048
2013    5  397.69430
2013    6  397.62602
2013    7  396.60643
2013    8  395.96035
2013    9  395.45482
2013   10  398.41226
2013   11  399.69228
2013   12  404.54199
2014    1  404.60652
2014    2  404.28396
2014    3  404.47066
2014    4  402.22879
2014    5  400.86758
2014    6  399.61594
2014    7  398.43976
2014    8  397.67171
2014    9  397.40672
2014   10  398.94204
2014   11  401.95687
2014   12  405.12203
2015    1  406.27620
2015    2  407.52284
2015    3  405.97134
2015    4  404.87570
2015    5  402.22809
2015    6  401.78793
2015    7  400.38512
2015    8  399.93977
2015    9  399.41072
2015   10  401.51709
2015   11  402.46308
2015   12  408.65593
2016    1  408.59086
2016    2  411.49478
2016    3  409.56502
2016    4  406.52737
2016    5  405.92457
2016    6  404.25625
2016    7  403.84367
2016    8  402.97821
2016    9  403.10554
2016   10  403.86987
2016   11  407.22842
2016   12  410.51305
2017    1  413.25306
2017    2  413.44046
2017    3  413.81430
2017    4  411.01107
2017    5  409.33528
2017    6  407.04582
2017    7  406.77658
2017    8  405.86290
2017    9  404.96825
2017   10  408.06967
2017   11  409.31514
2017   12  414.76524
