yy mm co2
2000    1  370.21723
2000    2  371.28935
2000    3  370.87494
2000    4  370.48943
2000    5  369.64854
2000    6  369.58503
2000    7  369.18686
2000    8  368.57094
2000    9  368.12801
2000   10  368.29384
2000   11  368.76471
2000   12  371.24942
2001    1  371.51753
2001    2  372.58182
2001    3  371.86651
2001    4  371.07174
2001    5  370.41539
2001    6  370.15229
2001    7  370.05229
2001    8  370.33786
2001    9  370.11548
2001   10  370.10395
2001   11  370.97608
2001   12  372.42495
2002    1  373.41006
2002    2  374.90475
2002    3  374.19074
2002    4  373.50378
2002    5  372.49539
2002    6  371.93572
2002    7  372.44047
2002    8  372.83252
2002    9  373.54580
2002   10  373.32770
2002   11  372.86186
2002   12  373.98876
2003    1  376.00339
2003    2  376.55118
2003    3  377.00319
2003    4  376.41526
2003    5  374.42159
2003    6  374.45390
2003    7  374.91220
2003    8  375.25242
2003    9  374.91191
2003   10  374.99296
2003   11  375.43350
2003   12  377.86007
2004    1  378.65338
2004    2  379.87684
2004    3  379.83022
2004    4  378.75216
2004    5  376.94850
2004    6  376.96562
2004    7  377.22127
2004    8  376.83980
2004    9  377.98716
2004   10  376.65083
2004   11  377.03858
2004   12  378.89104
2005    1  381.12170
2005    2  381.22808
2005    3  381.78652
2005    4  380.96603
2005    5  378.86822
2005    6  379.18781
2005    7  379.41986
2005    8  379.21048
2005    9  379.00993
2005   10  378.95492
2005   11  379.61378
2005   12  381.71289
2006    1  383.05580
2006    2  383.45039
2006    3  383.87938
2006    4  383.12480
2006    5  382.21630
2006    6  381.25736
2006    7  380.89289
2006    8  380.97959
2006    9  381.57380
2006   10  382.37337
2006   11  380.98855
2006   12  383.14602
2007    1  384.74952
2007    2  385.14766
2007    3  385.12942
2007    4  384.93105
2007    5  383.55868
2007    6  383.63808
2007    7  383.49783
2007    8  382.82172
2007    9  382.85521
2007   10  382.77576
2007   11  384.37883
2007   12  385.08477
2008    1  386.71325
2008    2  389.22162
2008    3  386.90295
2008    4  385.91956
2008    5  384.29373
2008    6  385.05541
2008    7  385.11003
2008    8  384.62700
2008    9  384.49868
2008   10  383.98305
2008   11  384.66681
2008   12  386.97271
2009    1  389.33737
2009    2  388.28890
2009    3  387.76835
2009    4  386.72311
2009    5  386.95405
2009    6  386.28472
2009    7  386.23592
2009    8  386.25626
2009    9  386.70970
2009   10  386.21866
2009   11  386.76072
2009   12  389.25020
2010    1  390.27704
2010    2  390.34951
2010    3  390.75830
2010    4  391.06244
2010    5  390.50743
2010    6  388.89537
2010    7  389.08338
2010    8  388.54528
2010    9  388.16003
2010   10  388.35034
2010   11  389.21047
2010   12  391.69466
2011    1  394.07340
2011    2  394.05437
2011    3  393.42151
2011    4  394.81322
2011    5  391.69288
2011    6  390.02573
2011    7  390.46980
2011    8  390.03213
2011    9  390.07637
2011   10  389.88222
2011   11  391.12265
2011   12  393.86077
2012    1  394.75874
2012    2  395.14896
2012    3  395.62059
2012    4  393.65390
2012    5  392.50022
2012    6  392.43835
2012    7  392.62808
2012    8  392.16017
2012    9  392.61603
2012   10  392.68829
2012   11  392.85090
2012   12  395.12067
2013    1  398.53793
2013    2  397.49243
2013    3  398.20193
2013    4  396.34819
2013    5  395.80805
2013    6  397.08384
2013    7  396.42959
2013    8  395.57531
2013    9  395.41500
2013   10  395.97962
2013   11  396.17645
2013   12  399.49274
2014    1  401.30521
2014    2  400.98382
2014    3  400.94616
2014    4  399.38214
2014    5  398.35190
2014    6  397.26752
2014    7  397.59866
2014    8  397.16947
2014    9  397.33169
2014   10  397.46411
2014   11  397.46094
2014   12  399.70098
2015    1  402.85970
2015    2  403.74717
2015    3  402.39448
2015    4  401.76953
2015    5  399.80968
2015    6  399.05537
2015    7  399.35240
2015    8  399.56282
2015    9  401.20530
2015   10  399.61422
2015   11  399.36035
2015   12  402.57946
2016    1  403.11675
2016    2  405.65649
2016    3  405.48944
2016    4  404.78673
2016    5  403.69242
2016    6  403.09608
2016    7  403.11916
2016    8  402.90944
2016    9  402.58429
2016   10  402.64617
2016   11  403.73835
2016   12  405.88260
2017    1  407.38311
2017    2  409.01359
2017    3  408.44484
2017    4  407.01477
2017    5  405.13970
2017    6  405.63679
2017    7  405.27244
2017    8  405.26697
2017    9  404.75142
2017   10  405.20230
2017   11  405.82291
2017   12  410.29212
