yy mm co2
2000    1  370.98795
2000    2  371.80839
2000    3  371.43513
2000    4  371.28356
2000    5  371.02069
2000    6  370.21126
2000    7  369.57001
2000    8  369.06835
2000    9  368.18627
2000   10  368.25161
2000   11  369.33657
2000   12  371.08109
2001    1  372.39247
2001    2  373.16998
2001    3  372.93928
2001    4  372.74504
2001    5  371.81971
2001    6  371.02058
2001    7  370.52095
2001    8  370.17695
2001    9  369.87916
2001   10  369.60590
2001   11  371.68412
2001   12  373.05546
2002    1  374.23006
2002    2  375.78918
2002    3  374.67794
2002    4  374.83088
2002    5  373.92115
2002    6  372.91495
2002    7  372.93031
2002    8  372.46692
2002    9  372.37175
2002   10  371.52454
2002   11  373.00095
2002   12  374.47485
2003    1  376.95860
2003    2  377.16489
2003    3  377.79973
2003    4  376.93881
2003    5  376.75109
2003    6  375.91811
2003    7  376.03706
2003    8  375.27565
2003    9  374.65448
2003   10  374.86225
2003   11  375.80557
2003   12  378.24817
2004    1  379.69902
2004    2  380.47644
2004    3  380.65179
2004    4  380.94731
2004    5  378.50536
2004    6  378.26243
2004    7  377.57575
2004    8  376.87770
2004    9  376.67929
2004   10  376.92548
2004   11  377.40730
2004   12  379.91928
2005    1  381.83614
2005    2  382.14118
2005    3  382.74386
2005    4  382.23152
2005    5  380.39422
2005    6  380.13860
2005    7  379.94940
2005    8  379.18965
2005    9  378.95422
2005   10  378.77806
2005   11  379.88854
2005   12  381.83571
2006    1  383.76381
2006    2  384.24178
2006    3  384.47807
2006    4  384.05656
2006    5  383.59044
2006    6  382.43353
2006    7  381.25052
2006    8  380.86865
2006    9  380.60133
2006   10  381.23003
2006   11  382.04083
2006   12  384.35517
2007    1  385.88481
2007    2  385.70672
2007    3  386.19756
2007    4  386.41097
2007    5  385.34560
2007    6  384.69685
2007    7  383.75863
2007    8  383.03260
2007    9  382.88144
2007   10  382.90332
2007   11  384.89321
2007   12  386.07366
2008    1  387.10918
2008    2  390.37169
2008    3  388.43296
2008    4  387.85129
2008    5  386.90169
2008    6  386.29933
2008    7  385.72948
2008    8  384.85866
2008    9  384.44187
2008   10  383.70214
2008   11  385.23166
2008   12  387.45825
2009    1  390.05847
2009    2  388.63023
2009    3  389.32203
2009    4  389.16615
2009    5  389.38562
2009    6  387.15373
2009    7  386.88967
2009    8  386.50641
2009    9  386.12675
2009   10  386.30445
2009   11  387.47801
2009   12  390.96284
2010    1  391.32155
2010    2  391.26433
2010    3  392.31891
2010    4  392.27048
2010    5  391.50429
2010    6  390.06196
2010    7  389.60893
2010    8  388.65392
2010    9  388.27717
2010   10  389.30375
2010   11  389.33035
2010   12  393.31245
2011    1  395.07568
2011    2  395.66041
2011    3  395.47184
2011    4  395.80168
2011    5  393.83888
2011    6  391.63110
2011    7  391.10871
2011    8  390.52236
2011    9  390.24607
2011   10  390.28400
2011   11  392.18640
2011   12  394.34721
2012    1  396.08538
2012    2  395.72810
2012    3  396.67776
2012    4  395.85843
2012    5  394.65036
2012    6  393.74083
2012    7  393.28827
2012    8  392.72223
2012    9  392.42592
2012   10  393.64991
2012   11  393.53335
2012   12  397.02136
2013    1  399.77455
2013    2  398.78656
2013    3  398.83601
2013    4  398.13918
2013    5  397.34095
2013    6  396.84621
2013    7  396.38119
2013    8  395.72630
2013    9  395.36064
2013   10  397.08614
2013   11  396.73262
2013   12  401.08350
2014    1  402.02681
2014    2  402.27038
2014    3  402.25548
2014    4  401.00559
2014    5  400.29822
2014    6  398.74026
2014    7  398.00478
2014    8  397.56580
2014    9  397.22372
2014   10  397.64497
2014   11  398.43985
2014   12  401.41080
2015    1  403.72668
2015    2  404.84642
2015    3  403.70200
2015    4  403.31201
2015    5  401.85856
2015    6  400.93897
2015    7  400.12947
2015    8  399.76751
2015    9  399.32970
2015   10  400.12156
2015   11  400.39426
2015   12  403.84231
2016    1  404.65430
2016    2  407.64807
2016    3  406.76279
2016    4  406.09585
2016    5  405.41354
2016    6  403.83678
2016    7  403.54798
2016    8  402.81602
2016    9  402.49960
2016   10  402.66238
2016   11  404.06195
2016   12  406.30173
2017    1  408.74968
2017    2  410.09620
2017    3  410.35819
2017    4  409.12491
2017    5  408.15052
2017    6  406.62111
2017    7  406.18848
2017    8  405.61630
2017    9  404.89953
2017   10  406.21564
2017   11  406.23761
2017   12  410.40880
