yy mm co2
2000    1  371.86311
2000    2  372.99766
2000    3  372.49588
2000    4  371.53153
2000    5  371.57710
2000    6  370.56537
2000    7  369.80366
2000    8  369.07123
2000    9  367.90851
2000   10  368.36165
2000   11  370.15326
2000   12  372.64195
2001    1  373.50316
2001    2  374.30681
2001    3  374.28192
2001    4  373.46708
2001    5  372.14995
2001    6  371.20475
2001    7  370.48780
2001    8  370.13408
2001    9  369.49961
2001   10  369.93602
2001   11  372.28441
2001   12  373.98495
2002    1  375.16098
2002    2  376.72813
2002    3  375.07189
2002    4  375.19867
2002    5  374.38131
2002    6  373.16876
2002    7  373.04591
2002    8  372.60784
2002    9  372.09116
2002   10  371.68027
2002   11  374.32561
2002   12  375.80833
2003    1  377.93434
2003    2  377.92310
2003    3  378.73126
2003    4  377.14138
2003    5  377.42028
2003    6  376.48910
2003    7  376.29213
2003    8  375.16540
2003    9  374.56027
2003   10  375.38062
2003   11  376.83715
2003   12  379.43633
2004    1  381.11577
2004    2  381.51126
2004    3  381.85550
2004    4  381.57779
2004    5  379.18042
2004    6  378.54112
2004    7  377.69595
2004    8  376.69056
2004    9  376.42708
2004   10  377.60320
2004   11  378.49403
2004   12  381.33629
2005    1  382.87792
2005    2  383.46456
2005    3  384.13645
2005    4  383.00690
2005    5  380.60275
2005    6  380.39198
2005    7  380.10188
2005    8  379.16875
2005    9  378.77038
2005   10  379.44404
2005   11  381.08093
2005   12  384.05444
2006    1  385.44217
2006    2  385.61499
2006    3  385.52325
2006    4  384.70636
2006    5  384.00549
2006    6  382.80373
2006    7  381.47173
2006    8  380.89984
2006    9  380.70703
2006   10  382.18382
2006   11  382.66057
2006   12  385.74799
2007    1  388.16777
2007    2  386.51581
2007    3  387.21945
2007    4  387.51098
2007    5  385.80352
2007    6  384.90503
2007    7  383.82481
2007    8  383.41686
2007    9  383.18447
2007   10  383.66899
2007   11  385.93993
2007   12  387.97795
2008    1  389.07432
2008    2  392.78562
2008    3  389.92302
2008    4  389.05392
2008    5  387.72420
2008    6  386.47378
2008    7  385.80777
2008    8  384.95145
2008    9  384.58750
2008   10  383.97548
2008   11  386.80335
2008   12  389.19182
2009    1  391.38904
2009    2  389.78975
2009    3  390.24002
2009    4  390.30222
2009    5  390.06607
2009    6  387.57056
2009    7  387.09756
2009    8  386.80178
2009    9  385.90917
2009   10  387.49780
2009   11  389.51958
2009   12  392.75934
2010    1  392.46154
2010    2  392.31102
2010    3  393.67081
2010    4  392.88032
2010    5  391.78057
2010    6  390.57297
2010    7  389.74162
2010    8  388.74743
2010    9  388.44862
2010   10  389.97934
2010   11  391.60330
2010   12  395.46832
2011    1  397.69264
2011    2  397.49139
2011    3  398.47573
2011    4  397.12005
2011    5  394.46043
2011    6  392.18541
2011    7  391.24186
2011    8  390.61284
2011    9  390.63382
2011   10  391.30438
2011   11  393.23879
2011   12  396.81906
2012    1  399.52446
2012    2  397.98464
2012    3  398.13219
2012    4  396.34207
2012    5  394.99244
2012    6  394.28700
2012    7  393.40602
2012    8  392.78803
2012    9  392.73372
2012   10  394.33347
2012   11  394.90074
2012   12  399.32641
2013    1  402.24177
2013    2  400.84642
2013    3  399.61451
2013    4  399.52475
2013    5  397.61592
2013    6  397.39511
2013    7  396.50948
2013    8  395.85287
2013    9  395.53986
2013   10  397.91432
2013   11  398.50624
2013   12  403.24818
2014    1  403.60834
2014    2  403.44795
2014    3  403.64749
2014    4  401.61551
2014    5  400.72016
2014    6  399.26433
2014    7  398.21607
2014    8  397.65425
2014    9  397.22529
2014   10  398.27367
2014   11  400.66897
2014   12  403.70561
2015    1  405.19919
2015    2  406.32597
2015    3  404.94706
2015    4  404.10264
2015    5  402.15827
2015    6  401.62803
2015    7  400.17249
2015    8  399.87711
2015    9  399.31081
2015   10  400.84674
2015   11  401.57017
2015   12  406.65542
2016    1  406.87676
2016    2  409.98566
2016    3  408.49217
2016    4  406.43621
2016    5  405.78007
2016    6  404.14633
2016    7  403.76879
2016    8  402.85659
2016    9  402.78802
2016   10  403.32082
2016   11  405.62035
2016   12  408.75390
2017    1  411.31061
2017    2  412.09324
2017    3  412.61263
2017    4  410.24302
2017    5  408.95861
2017    6  406.88153
2017    7  406.60761
2017    8  405.74180
2017    9  404.96702
2017   10  407.40610
2017   11  407.64172
2017   12  413.14191
