yy mm co2
2000    1  368.95493
2000    2  369.89644
2000    3  369.76824
2000    4  367.92547
2000    5  367.77472
2000    6  367.92501
2000    7  368.23651
2000    8  368.25432
2000    9  368.30053
2000   10  368.39576
2000   11  368.48502
2000   12  368.59998
2001    1  370.70405
2001    2  370.85140
2001    3  370.30631
2001    4  369.05974
2001    5  368.79507
2001    6  369.31213
2001    7  369.80421
2001    8  369.83637
2001    9  369.91612
2001   10  370.05325
2001   11  369.91219
2001   12  370.06618
2002    1  372.07332
2002    2  372.72859
2002    3  372.20036
2002    4  371.12969
2002    5  370.75739
2002    6  371.39028
2002    7  371.75571
2002    8  371.88525
2002    9  372.34911
2002   10  372.48663
2002   11  372.57368
2002   12  372.85051
2003    1  374.58999
2003    2  375.26636
2003    3  375.16066
2003    4  374.51103
2003    5  373.38992
2003    6  374.05072
2003    7  374.11478
2003    8  374.46752
2003    9  374.35917
2003   10  374.24406
2003   11  374.74194
2003   12  375.01592
2004    1  376.45074
2004    2  377.33084
2004    3  377.42339
2004    4  376.08307
2004    5  375.48770
2004    6  375.95368
2004    7  376.10979
2004    8  376.13616
2004    9  375.77207
2004   10  376.26826
2004   11  376.21288
2004   12  376.64431
2005    1  378.38556
2005    2  379.63237
2005    3  379.55656
2005    4  377.43856
2005    5  377.75200
2005    6  377.92698
2005    7  378.32928
2005    8  378.27759
2005    9  378.39083
2005   10  378.34910
2005   11  378.67948
2005   12  379.34509
2006    1  380.72263
2006    2  381.33631
2006    3  381.02700
2006    4  380.42982
2006    5  379.80938
2006    6  380.06812
2006    7  379.70606
2006    8  379.88799
2006    9  379.72917
2006   10  380.07976
2006   11  380.37341
2006   12  380.92094
2007    1  382.29022
2007    2  383.66651
2007    3  382.66298
2007    4  381.45288
2007    5  381.58044
2007    6  381.97893
2007    7  382.06487
2007    8  382.37454
2007    9  382.23914
2007   10  382.32395
2007   11  382.68877
2007   12  383.53907
2008    1  384.88727
2008    2  386.38749
2008    3  384.31198
2008    4  383.72041
2008    5  383.59742
2008    6  383.86643
2008    7  384.17257
2008    8  384.15007
2008    9  383.87557
2008   10  383.72807
2008   11  383.79163
2008   12  384.65118
2009    1  386.04366
2009    2  386.62809
2009    3  387.09736
2009    4  385.28474
2009    5  385.20122
2009    6  385.29537
2009    7  385.29918
2009    8  385.57095
2009    9  385.60948
2009   10  385.70922
2009   11  385.74426
2009   12  386.26787
2010    1  388.57380
2010    2  388.98500
2010    3  388.09422
2010    4  387.83101
2010    5  386.93988
2010    6  387.26590
2010    7  387.51971
2010    8  387.72621
2010    9  387.71637
2010   10  388.07135
2010   11  388.30648
2010   12  388.58986
2011    1  390.92515
2011    2  391.61654
2011    3  390.97172
2011    4  389.66988
2011    5  388.77025
2011    6  389.35046
2011    7  389.74328
2011    8  389.80247
2011    9  389.51726
2011   10  389.72270
2011   11  389.88618
2011   12  390.51450
2012    1  392.87377
2012    2  393.42549
2012    3  393.00593
2012    4  392.44106
2012    5  391.41515
2012    6  391.03787
2012    7  391.55656
2012    8  391.82173
2012    9  391.49114
2012   10  391.97394
2012   11  392.33352
2012   12  392.48847
2013    1  394.78557
2013    2  395.89452
2013    3  395.82758
2013    4  394.24145
2013    5  393.59968
2013    6  393.94671
2013    7  394.73490
2013    8  394.70432
2013    9  394.82204
2013   10  395.03738
2013   11  395.30580
2013   12  395.96422
2014    1  397.79083
2014    2  398.11767
2014    3  398.14328
2014    4  396.59560
2014    5  396.03867
2014    6  396.02161
2014    7  396.35523
2014    8  396.86542
2014    9  396.74618
2014   10  396.59734
2014   11  396.73189
2014   12  397.03099
2015    1  399.80563
2015    2  399.94105
2015    3  399.14856
2015    4  397.81374
2015    5  398.07934
2015    6  398.63700
2015    7  398.64756
2015    8  398.79978
2015    9  398.54218
2015   10  399.06034
2015   11  399.24038
2015   12  399.94658
2016    1  402.17375
2016    2  403.01742
2016    3  402.90641
2016    4  402.20830
2016    5  400.97258
2016    6  401.12724
2016    7  401.70277
2016    8  402.30260
2016    9  401.98310
2016   10  402.16884
2016   11  402.10402
2016   12  402.96503
2017    1  405.21147
2017    2  405.83397
2017    3  406.08583
2017    4  403.85575
2017    5  403.52321
2017    6  404.07208
2017    7  404.54004
2017    8  404.18070
2017    9  404.12144
2017   10  404.31085
2017   11  404.63003
2017   12  406.13601
