yy mm co2
2000    1  383.94573
2000    2  380.23139
2000    3  379.82390
2000    4  377.49880
2000    5  372.05499
2000    6  374.71286
2000    7  365.45497
2000    8  374.54616
2000    9  373.06847
2000   10  377.31582
2000   11  383.47678
2000   12  380.83963
2001    1  383.29969
2001    2  384.58261
2001    3  373.29295
2001    4  379.44998
2001    5  378.16769
2001    6  375.70830
2001    7  377.64307
2001    8  374.51345
2001    9  368.66844
2001   10  378.48359
2001   11  383.60726
2001   12  381.25931
2002    1  381.61650
2002    2  384.44484
2002    3  384.45328
2002    4  388.51090
2002    5  384.50191
2002    6  371.73842
2002    7  372.94446
2002    8  373.99525
2002    9  375.66933
2002   10  383.04675
2002   11  380.81658
2002   12  389.55463
2003    1  381.73821
2003    2  382.87826
2003    3  385.30855
2003    4  386.39182
2003    5  392.25825
2003    6  381.43594
2003    7  381.88303
2003    8  369.14097
2003    9  381.18314
2003   10  388.93247
2003   11  384.21317
2003   12  387.48095
2004    1  391.41811
2004    2  389.25870
2004    3  391.49378
2004    4  390.76791
2004    5  384.67991
2004    6  383.70193
2004    7  380.93442
2004    8  387.44893
2004    9  381.01792
2004   10  387.01476
2004   11  389.20791
2004   12  386.14505
2005    1  387.00123
2005    2  387.72443
2005    3  391.91078
2005    4  389.24051
2005    5  387.39230
2005    6  380.45380
2005    7  382.13233
2005    8  391.93840
2005    9  387.15344
2005   10  387.20257
2005   11  387.46506
2005   12  392.27775
2006    1  389.13911
2006    2  390.69483
2006    3  392.43483
2006    4  390.34477
2006    5  393.13015
2006    6  388.22345
2006    7  383.21805
2006    8  384.66766
2006    9  395.33965
2006   10  395.85741
2006   11  392.92790
2006   12  393.95687
2007    1  392.70765
2007    2  390.75012
2007    3  390.78141
2007    4  394.18315
2007    5  394.44520
2007    6  385.65992
2007    7  386.83283
2007    8  386.81360
2007    9  388.40141
2007   10  390.76223
2007   11  393.41577
2007   12  400.98245
2008    1  393.27098
2008    2  399.72490
2008    3  398.11755
2008    4  395.00854
2008    5  394.85612
2008    6  392.57683
2008    7  394.37084
2008    8  393.56758
2008    9  397.54881
2008   10  395.31867
2008   11  400.22729
2008   12  397.58070
2009    1  397.87442
2009    2  394.59931
2009    3  396.37167
2009    4  397.09269
2009    5  394.02751
2009    6  390.42815
2009    7  388.00991
2009    8  394.77885
2009    9  394.22035
2009   10  399.05353
2009   11  402.17119
2009   12  402.58924
2010    1  404.20715
2010    2  401.17095
2010    3  400.27153
2010    4  398.18688
2010    5  397.91362
2010    6  391.62493
2010    7  389.09461
2010    8  389.08873
2010    9  377.65026
2010   10  393.77282
2010   11  399.08144
2010   12  402.09098
2011    1  400.84394
2011    2  401.88801
2011    3  404.72028
2011    4  400.23532
2011    5  397.75265
2011    6  396.91906
2011    7  391.82551
2011    8  396.28733
2011    9  402.75531
2011   10  401.54680
2011   11  403.60383
2011   12  402.92580
2012    1  399.85485
2012    2  405.32762
2012    3  406.95810
2012    4  406.69020
2012    5  399.21553
2012    6  398.09154
2012    7  394.62931
2012    8  391.74344
2012    9  402.96419
2012   10  398.26598
2012   11  406.59512
2012   12  406.13880
2013    1  404.24304
2013    2  401.14630
2013    3  410.67545
2013    4  405.32611
2013    5  407.93919
2013    6  405.41549
2013    7  400.76952
2013    8  410.76390
2013    9  419.72887
2013   10  408.30544
2013   11  406.35801
2013   12  408.19697
2014    1  403.95965
2014    2  409.12683
2014    3  406.31424
2014    4  405.85760
2014    5  402.43586
2014    6  398.51354
2014    7  398.16910
2014    8  409.82474
2014    9  408.15701
2014   10  414.41899
2014   11  407.31282
2014   12  415.60986
2015    1  410.39824
2015    2  410.43948
2015    3  412.03457
2015    4  409.06691
2015    5  410.84562
2015    6  403.34865
2015    7  400.85576
2015    8  397.57285
2015    9  398.92469
2015   10  405.82693
2015   11  407.80185
2015   12  413.81028
2016    1  413.00539
2016    2  412.56502
2016    3  415.20767
2016    4  413.92935
2016    5  415.69473
2016    6  404.91018
2016    7  408.19263
2016    8  400.88021
2016    9  411.01762
2016   10  414.07268
2016   11  413.35463
2016   12  416.92363
2017    1  418.86698
2017    2  415.89484
2017    3  417.02128
2017    4  418.70208
2017    5  416.87867
2017    6  410.88500
2017    7  405.63813
2017    8  403.71818
2017    9  409.94657
2017   10  411.54528
2017   11  422.04713
2017   12  417.81995
