yy mm co2
2000    1  373.13456
2000    2  374.26947
2000    3  374.52448
2000    4  375.24576
2000    5  374.14918
2000    6  371.36042
2000    7  365.57173
2000    8  361.85820
2000    9  364.52684
2000   10  368.21127
2000   11  371.99046
2000   12  373.77779
2001    1  375.85496
2001    2  376.24835
2001    3  377.50046
2001    4  377.06771
2001    5  375.20303
2001    6  372.18278
2001    7  367.06901
2001    8  363.55222
2001    9  365.38363
2001   10  370.41047
2001   11  371.94701
2001   12  375.73918
2002    1  376.54207
2002    2  376.91579
2002    3  378.42730
2002    4  378.81697
2002    5  376.95936
2002    6  372.94743
2002    7  368.81061
2002    8  365.93486
2002    9  367.10783
2002   10  371.46453
2002   11  376.52219
2002   12  379.42355
2003    1  378.05163
2003    2  382.16409
2003    3  382.14764
2003    4  382.53330
2003    5  380.34288
2003    6  376.70060
2003    7  372.49146
2003    8  368.40388
2003    9  369.86312
2003   10  373.90707
2003   11  379.62018
2003   12  379.78898
2004    1  380.63209
2004    2  381.53396
2004    3  383.41782
2004    4  383.30123
2004    5  381.20171
2004    6  378.64677
2004    7  374.49348
2004    8  368.80851
2004    9  370.17805
2004   10  376.36553
2004   11  378.63210
2004   12  381.38076
2005    1  382.28455
2005    2  383.50184
2005    3  384.83212
2005    4  385.55564
2005    5  384.32321
2005    6  381.05677
2005    7  375.96773
2005    8  370.77314
2005    9  373.10226
2005   10  378.19956
2005   11  381.33468
2005   12  384.62243
2006    1  385.67142
2006    2  386.91022
2006    3  388.28872
2006    4  387.39879
2006    5  386.37649
2006    6  384.03916
2006    7  378.61016
2006    8  374.44176
2006    9  378.41030
2006   10  380.96018
2006   11  383.51037
2006   12  386.82282
2007    1  386.66447
2007    2  389.50305
2007    3  389.41452
2007    4  388.49763
2007    5  387.74303
2007    6  384.56082
2007    7  378.54369
2007    8  374.15433
2007    9  375.89957
2007   10  382.30192
2007   11  385.25416
2007   12  388.84886
2008    1  389.71845
2008    2  391.40298
2008    3  391.73904
2008    4  392.54603
2008    5  390.24872
2008    6  386.62189
2008    7  381.30648
2008    8  377.40456
2008    9  379.47870
2008   10  382.13842
2008   11  387.12303
2008   12  390.12992
2009    1  391.19026
2009    2  391.42006
2009    3  393.08326
2009    4  393.28294
2009    5  391.62731
2009    6  388.51288
2009    7  381.75113
2009    8  378.86741
2009    9  378.88077
2009   10  385.51472
2009   11  390.21531
2009   12  391.79908
2010    1  394.49643
2010    2  396.47153
2010    3  394.61354
2010    4  395.10609
2010    5  393.77250
2010    6  390.45786
2010    7  385.35756
2010    8  380.90115
2010    9  384.07624
2010   10  388.90823
2010   11  392.63593
2010   12  395.18255
2011    1  394.90082
2011    2  398.18621
2011    3  397.41574
2011    4  397.40349
2011    5  395.74466
2011    6  392.95954
2011    7  386.59255
2011    8  382.12544
2011    9  384.78358
2011   10  389.36388
2011   11  396.53759
2011   12  395.80694
2012    1  397.28713
2012    2  397.67809
2012    3  398.87786
2012    4  399.73159
2012    5  397.10646
2012    6  395.64932
2012    7  388.50430
2012    8  385.07272
2012    9  386.80548
2012   10  392.44929
2012   11  395.68037
2012   12  399.80357
2013    1  400.96545
2013    2  403.20258
2013    3  402.34948
2013    4  402.50269
2013    5  400.49924
2013    6  398.15361
2013    7  392.42455
2013    8  387.99399
2013    9  389.83420
2013   10  394.73365
2013   11  397.83376
2013   12  400.58143
2014    1  404.33303
2014    2  404.44205
2014    3  404.69985
2014    4  403.94985
2014    5  402.22731
2014    6  399.12335
2014    7  392.78824
2014    8  389.58283
2014    9  391.76433
2014   10  396.14603
2014   11  403.09803
2014   12  401.96444
2015    1  403.73552
2015    2  405.69960
2015    3  407.00976
2015    4  406.18327
2015    5  404.82916
2015    6  401.94171
2015    7  395.27821
2015    8  391.72088
2015    9  394.02867
2015   10  399.66803
2015   11  403.27161
2015   12  405.22745
2016    1  407.97744
2016    2  408.57820
2016    3  408.71699
2016    4  409.62099
2016    5  406.91378
2016    6  404.04452
2016    7  399.14489
2016    8  395.28499
2016    9  397.70966
2016   10  402.85577
2016   11  406.64835
2016   12  408.79668
2017    1  410.58561
2017    2  413.31284
2017    3  412.77788
2017    4  412.91773
2017    5  410.35481
2017    6  407.87130
2017    7  401.72131
2017    8  397.57063
2017    9  400.38477
2017   10  404.47156
2017   11  408.61333
2017   12  410.28627
