yy mm co2
2000    1  368.22431
2000    2  368.16197
2000    3  368.39818
2000    4  368.33677
2000    5  367.95234
2000    6  367.89809
2000    7  368.76960
2000    8  368.71000
2000    9  368.42862
2000   10  368.34658
2000   11  368.46523
2000   12  368.51212
2001    1  368.79338
2001    2  369.24603
2001    3  369.42444
2001    4  369.11183
2001    5  368.94463
2001    6  369.56547
2001    7  370.22599
2001    8  370.13195
2001    9  369.94417
2001   10  369.81411
2001   11  369.87307
2001   12  370.05052
2002    1  370.51790
2002    2  370.98789
2002    3  371.47314
2002    4  371.02046
2002    5  370.97742
2002    6  371.31461
2002    7  371.96834
2002    8  372.21305
2002    9  372.16928
2002   10  372.16806
2002   11  372.38927
2002   12  372.37123
2003    1  373.43771
2003    2  372.94228
2003    3  374.05474
2003    4  373.79228
2003    5  373.69269
2003    6  373.80756
2003    7  374.39796
2003    8  374.75603
2003    9  374.46391
2003   10  374.36633
2003   11  374.44476
2003   12  374.90134
2004    1  374.80690
2004    2  375.64192
2004    3  375.89110
2004    4  376.01707
2004    5  375.62629
2004    6  375.97897
2004    7  376.41032
2004    8  376.76530
2004    9  376.18983
2004   10  376.17300
2004   11  376.11797
2004   12  376.33412
2005    1  377.09429
2005    2  377.35837
2005    3  377.77048
2005    4  377.69775
2005    5  377.30730
2005    6  378.07520
2005    7  378.62742
2005    8  378.62634
2005    9  378.56374
2005   10  378.67654
2005   11  378.72593
2005   12  378.88618
2006    1  379.51791
2006    2  380.54428
2006    3  379.91081
2006    4  380.03130
2006    5  380.29681
2006    6  380.24539
2006    7  380.42667
2006    8  379.92676
2006    9  379.99373
2006   10  379.94602
2006   11  380.02708
2006   12  380.31786
2007    1  380.55470
2007    2  381.84901
2007    3  381.90070
2007    4  382.02215
2007    5  382.05209
2007    6  381.99907
2007    7  382.36115
2007    8  382.45783
2007    9  382.33443
2007   10  382.48170
2007   11  382.57777
2007   12  382.76412
2008    1  383.81288
2008    2  383.56663
2008    3  383.82006
2008    4  383.70199
2008    5  384.13241
2008    6  384.17341
2008    7  384.06279
2008    8  383.98168
2008    9  383.91701
2008   10  383.92589
2008   11  383.83770
2008   12  384.25424
2009    1  385.02031
2009    2  385.19836
2009    3  385.45229
2009    4  385.29807
2009    5  385.23125
2009    6  385.09298
2009    7  385.71679
2009    8  385.74412
2009    9  385.70145
2009   10  385.55620
2009   11  385.48021
2009   12  385.47625
2010    1  386.18507
2010    2  386.25597
2010    3  386.99768
2010    4  386.86921
2010    5  386.93994
2010    6  387.37638
2010    7  388.02659
2010    8  388.27397
2010    9  387.89897
2010   10  387.96326
2010   11  388.11643
2010   12  388.47857
2011    1  389.08483
2011    2  388.91318
2011    3  388.97200
2011    4  388.86839
2011    5  389.14557
2011    6  389.28774
2011    7  389.70937
2011    8  389.97215
2011    9  390.10227
2011   10  389.72744
2011   11  389.80597
2011   12  389.92890
2012    1  390.61307
2012    2  391.14122
2012    3  391.19006
2012    4  391.29728
2012    5  391.09049
2012    6  391.19454
2012    7  391.68337
2012    8  392.11454
2012    9  392.02819
2012   10  391.91300
2012   11  392.25453
2012   12  392.23061
2013    1  393.02636
2013    2  393.52637
2013    3  393.71662
2013    4  393.77355
2013    5  393.90815
2013    6  394.23734
2013    7  394.73703
2013    8  394.93537
2013    9  394.82632
2013   10  394.76095
2013   11  394.72475
2013   12  395.21029
2014    1  395.97831
2014    2  395.89577
2014    3  396.12080
2014    4  395.65194
2014    5  395.75694
2014    6  396.13567
2014    7  396.97238
2014    8  396.86830
2014    9  396.52697
2014   10  396.35113
2014   11  396.37959
2014   12  396.32371
2015    1  397.22014
2015    2  397.70524
2015    3  398.25690
2015    4  397.69092
2015    5  397.59596
2015    6  398.02422
2015    7  398.30708
2015    8  398.69573
2015    9  398.52801
2015   10  398.61171
2015   11  398.82291
2015   12  399.26969
2016    1  399.42315
2016    2  399.93599
2016    3  400.70884
2016    4  400.95579
2016    5  401.16668
2016    6  401.25634
2016    7  402.27495
2016    8  402.61922
2016    9  402.52029
2016   10  402.22675
2016   11  402.15204
2016   12  402.49413
2017    1  402.72583
2017    2  403.82217
2017    3  403.20356
2017    4  403.83960
2017    5  403.45883
2017    6  403.76268
2017    7  404.52959
2017    8  404.22584
2017    9  404.20744
2017   10  404.34676
2017   11  404.57633
2017   12  404.87637
