yy mm co2
2000    1  373.06160
2000    2  373.69377
2000    3  374.89098
2000    4  374.86624
2000    5  372.10880
2000    6  370.56449
2000    7  365.94243
2000    8  364.61328
2000    9  366.32564
2000   10  368.93095
2000   11  370.64531
2000   12  372.13526
2001    1  373.48692
2001    2  375.00294
2001    3  375.53845
2001    4  376.90927
2001    5  372.17949
2001    6  370.43585
2001    7  366.98932
2001    8  366.08460
2001    9  367.23766
2001   10  369.29559
2001   11  371.99585
2001   12  374.26318
2002    1  374.83140
2002    2  376.05967
2002    3  377.67252
2002    4  379.08246
2002    5  375.12995
2002    6  373.08680
2002    7  368.47216
2002    8  369.02013
2002    9  369.28567
2002   10  371.69299
2002   11  374.22928
2002   12  376.50365
2003    1  377.97680
2003    2  378.55437
2003    3  380.19021
2003    4  381.19763
2003    5  378.25259
2003    6  375.11310
2003    7  372.40045
2003    8  372.49949
2003    9  371.97309
2003   10  375.08170
2003   11  377.11929
2003   12  378.45815
2004    1  380.56436
2004    2  382.18187
2004    3  383.34867
2004    4  383.16118
2004    5  380.83590
2004    6  378.33030
2004    7  374.75294
2004    8  372.03098
2004    9  373.08689
2004   10  376.38776
2004   11  378.82917
2004   12  380.07984
2005    1  382.19107
2005    2  385.76973
2005    3  384.39260
2005    4  384.98151
2005    5  382.30291
2005    6  380.14536
2005    7  374.24488
2005    8  373.48582
2005    9  376.63637
2005   10  378.26487
2005   11  382.04918
2005   12  383.99419
2006    1  384.41826
2006    2  385.94351
2006    3  387.71189
2006    4  387.25333
2006    5  385.12636
2006    6  383.37451
2006    7  379.31625
2006    8  376.40976
2006    9  378.48565
2006   10  380.27472
2006   11  382.51685
2006   12  384.61204
2007    1  386.27087
2007    2  387.43575
2007    3  388.88256
2007    4  387.40682
2007    5  385.84162
2007    6  382.21985
2007    7  378.97524
2007    8  377.81050
2007    9  379.36380
2007   10  382.95143
2007   11  385.12383
2007   12  386.80364
2008    1  387.66346
2008    2  388.63288
2008    3  391.42699
2008    4  392.12033
2008    5  388.14000
2008    6  383.98232
2008    7  380.12117
2008    8  378.66566
2008    9  382.38353
2008   10  383.79637
2008   11  386.58013
2008   12  389.03434
2009    1  389.63204
2009    2  391.95258
2009    3  392.58040
2009    4  391.94766
2009    5  389.94657
2009    6  386.99544
2009    7  383.59393
2009    8  382.56514
2009    9  382.50277
2009   10  385.38125
2009   11  387.92877
2009   12  391.29058
2010    1  392.82482
2010    2  394.61450
2010    3  394.31226
2010    4  394.85790
2010    5  392.00360
2010    6  388.17924
2010    7  385.26591
2010    8  382.84220
2010    9  385.70992
2010   10  389.26754
2010   11  392.58206
2010   12  394.38953
2011    1  394.53714
2011    2  395.89664
2011    3  397.12558
2011    4  396.52365
2011    5  393.57386
2011    6  390.46732
2011    7  386.47294
2011    8  386.01022
2011    9  387.84038
2011   10  389.44255
2011   11  392.38119
2011   12  395.03307
2012    1  395.82318
2012    2  397.33516
2012    3  397.34785
2012    4  399.25356
2012    5  395.63508
2012    6  392.73594
2012    7  388.33646
2012    8  387.47481
2012    9  389.88134
2012   10  392.98201
2012   11  395.32938
2012   12  398.53927
2013    1  399.19061
2013    2  402.92036
2013    3  402.02742
2013    4  402.93075
2013    5  399.26247
2013    6  395.73933
2013    7  392.84886
2013    8  390.05850
2013    9  392.48884
2013   10  395.70936
2013   11  398.70670
2013   12  399.44117
2014    1  401.56810
2014    2  402.79495
2014    3  403.68093
2014    4  403.18386
2014    5  400.91490
2014    6  397.26155
2014    7  394.73909
2014    8  391.02233
2014    9  394.64468
2014   10  397.59011
2014   11  399.70072
2014   12  401.94241
2015    1  403.08037
2015    2  404.61365
2015    3  405.63778
2015    4  405.97198
2015    5  401.98836
2015    6  398.45382
2015    7  396.84496
2015    8  394.64902
2015    9  396.12741
2015   10  400.54269
2015   11  401.79421
2015   12  403.09341
2016    1  406.15650
2016    2  407.65136
2016    3  409.29302
2016    4  408.45230
2016    5  405.18880
2016    6  400.20864
2016    7  398.21124
2016    8  397.33914
2016    9  399.90811
2016   10  404.24571
2016   11  405.82835
2016   12  407.08150
2017    1  409.47515
2017    2  409.95827
2017    3  411.06908
2017    4  412.54086
2017    5  409.17698
2017    6  405.42564
2017    7  402.54070
2017    8  401.82259
2017    9  401.66965
2017   10  404.85567
2017   11  407.93981
2017   12  409.83109
