yy mm co2
2000    1  366.22919
2000    2  366.07723
2000    3  366.18375
2000    4  366.43664
2000    5  366.78422
2000    6  367.29421
2000    7  367.72902
2000    8  368.02335
2000    9  368.16942
2000   10  368.02577
2000   11  367.90181
2000   12  367.76709
2001    1  367.48569
2001    2  367.31115
2001    3  367.28370
2001    4  367.56421
2001    5  367.93886
2001    6  368.50708
2001    7  369.06090
2001    8  369.45057
2001    9  369.80078
2001   10  369.71609
2001   11  369.67688
2001   12  369.54926
2002    1  369.33573
2002    2  369.30261
2002    3  369.38817
2002    4  369.59103
2002    5  370.00302
2002    6  370.54237
2002    7  371.08822
2002    8  371.57716
2002    9  371.90167
2002   10  372.04794
2002   11  371.99431
2002   12  371.89567
2003    1  371.76756
2003    2  371.70458
2003    3  371.78115
2003    4  372.02038
2003    5  372.39192
2003    6  372.95459
2003    7  373.52787
2003    8  374.08614
2003    9  374.35180
2003   10  374.20803
2003   11  374.07942
2003   12  373.95523
2004    1  373.81519
2004    2  373.66882
2004    3  373.85593
2004    4  374.11239
2004    5  374.42654
2004    6  375.08048
2004    7  375.57934
2004    8  376.07338
2004    9  376.17300
2004   10  375.95863
2004   11  375.76907
2004   12  375.55551
2005    1  375.42792
2005    2  375.22535
2005    3  375.41796
2005    4  375.70510
2005    5  376.27714
2005    6  376.94027
2005    7  377.57138
2005    8  378.05107
2005    9  378.34523
2005   10  378.32343
2005   11  378.19665
2005   12  377.96484
2006    1  377.82421
2006    2  377.63358
2006    3  377.83751
2006    4  378.05250
2006    5  378.43068
2006    6  379.05874
2006    7  379.40079
2006    8  379.61008
2006    9  379.79227
2006   10  379.76736
2006   11  379.69448
2006   12  379.56997
2007    1  379.41552
2007    2  379.42547
2007    3  379.49980
2007    4  379.77457
2007    5  380.16183
2007    6  380.76201
2007    7  381.28582
2007    8  381.69345
2007    9  381.97037
2007   10  382.05294
2007   11  381.99485
2007   12  381.76341
2008    1  381.63998
2008    2  381.59429
2008    3  381.74400
2008    4  382.04144
2008    5  382.40189
2008    6  382.81619
2008    7  383.36916
2008    8  383.64192
2008    9  383.71928
2008   10  383.74006
2008   11  383.56541
2008   12  383.38528
2009    1  383.24657
2009    2  383.13167
2009    3  383.30926
2009    4  383.47673
2009    5  383.78086
2009    6  384.18217
2009    7  384.79894
2009    8  385.21821
2009    9  385.40550
2009   10  385.35389
2009   11  385.29644
2009   12  385.08888
2010    1  384.87467
2010    2  384.65302
2010    3  384.67904
2010    4  384.94554
2010    5  385.36062
2010    6  386.10515
2010    7  386.87125
2010    8  387.39620
2010    9  387.76067
2010   10  387.71582
2010   11  387.57295
2010   12  387.40717
2011    1  387.13374
2011    2  386.92151
2011    3  386.94448
2011    4  387.18834
2011    5  387.51267
2011    6  388.05854
2011    7  388.66227
2011    8  388.97948
2011    9  389.26228
2011   10  389.11161
2011   11  389.18146
2011   12  388.98725
2012    1  388.80407
2012    2  388.55590
2012    3  388.69705
2012    4  389.09170
2012    5  389.63443
2012    6  390.22890
2012    7  390.88941
2012    8  391.30796
2012    9  391.55904
2012   10  391.52036
2012   11  391.52461
2012   12  391.39282
2013    1  391.22673
2013    2  391.20464
2013    3  391.37085
2013    4  391.86122
2013    5  392.43564
2013    6  393.06833
2013    7  393.73571
2013    8  394.26645
2013    9  394.49061
2013   10  394.37442
2013   11  394.26851
2013   12  394.07605
2014    1  393.98039
2014    2  393.75879
2014    3  393.80748
2014    4  394.08251
2014    5  394.58170
2014    6  395.08144
2014    7  395.65295
2014    8  396.05371
2014    9  396.22711
2014   10  396.11981
2014   11  395.94874
2014   12  395.70575
2015    1  395.49591
2015    2  395.44614
2015    3  395.71617
2015    4  396.10430
2015    5  396.57840
2015    6  397.17092
2015    7  397.79110
2015    8  398.37792
2015    9  398.61738
2015   10  398.60595
2015   11  398.62280
2015   12  398.51185
2016    1  398.35306
2016    2  398.37329
2016    3  398.68138
2016    4  399.19541
2016    5  399.49335
2016    6  400.09347
2016    7  401.00457
2016    8  401.65367
2016    9  401.92786
2016   10  401.90245
2016   11  401.78059
2016   12  401.42462
2017    1  401.12727
2017    2  400.90724
2017    3  400.93626
2017    4  401.24147
2017    5  401.89212
2017    6  402.49241
2017    7  403.11148
2017    8  403.68759
2017    9  403.88439
2017   10  403.75048
2017   11  403.68541
2017   12  403.62016
