yy mm co2
2000    1  375.95842
2000    2  375.23339
2000    3  376.61908
2000    4  375.73057
2000    5  370.96714
2000    6  367.17366
2000    7  364.10044
2000    8  362.42142
2000    9  365.49510
2000   10  369.89371
2000   11  371.29081
2000   12  372.78395
2001    1  375.34596
2001    2  377.57002
2001    3  376.40354
2001    4  377.09816
2001    5  371.72865
2001    6  370.32267
2001    7  370.34802
2001    8  366.06894
2001    9  366.92919
2001   10  370.51539
2001   11  374.06644
2001   12  375.70583
2002    1  375.85560
2002    2  377.69059
2002    3  380.37592
2002    4  379.24171
2002    5  375.28912
2002    6  372.99472
2002    7  367.25268
2002    8  368.91655
2002    9  369.79059
2002   10  372.86442
2002   11  375.97114
2002   12  378.41121
2003    1  380.55467
2003    2  383.16747
2003    3  382.48251
2003    4  381.77808
2003    5  378.59543
2003    6  375.25038
2003    7  373.53759
2003    8  373.13168
2003    9  371.69707
2003   10  376.85025
2003   11  378.40885
2003   12  380.39137
2004    1  382.36351
2004    2  384.50336
2004    3  385.82648
2004    4  384.24911
2004    5  379.97265
2004    6  376.94705
2004    7  374.79203
2004    8  371.87233
2004    9  372.95770
2004   10  376.83151
2004   11  381.43538
2004   12  381.66781
2005    1  383.81619
2005    2  389.04927
2005    3  385.85451
2005    4  385.67875
2005    5  379.38450
2005    6  377.69205
2005    7  372.71963
2005    8  373.93245
2005    9  376.65668
2005   10  379.96235
2005   11  383.91090
2005   12  385.02249
2006    1  386.19540
2006    2  389.24368
2006    3  389.88248
2006    4  386.99823
2006    5  384.07114
2006    6  379.45891
2006    7  380.55691
2006    8  375.60001
2006    9  379.74273
2006   10  381.84962
2006   11  383.75042
2006   12  385.85521
2007    1  387.82984
2007    2  388.96166
2007    3  391.13127
2007    4  386.70772
2007    5  385.16251
2007    6  379.69512
2007    7  376.02612
2007    8  375.62507
2007    9  378.81036
2007   10  386.58243
2007   11  386.83982
2007   12  388.07048
2008    1  388.96783
2008    2  391.08359
2008    3  392.78212
2008    4  392.03069
2008    5  385.63626
2008    6  380.00528
2008    7  378.72128
2008    8  378.13600
2008    9  382.66749
2008   10  385.28992
2008   11  387.54745
2008   12  391.73869
2009    1  391.86337
2009    2  394.11805
2009    3  394.53583
2009    4  392.85762
2009    5  389.05116
2009    6  383.95126
2009    7  380.72895
2009    8  382.19808
2009    9  383.60831
2009   10  386.00303
2009   11  389.89726
2009   12  393.62808
2010    1  398.55501
2010    2  398.17605
2010    3  396.55069
2010    4  394.96913
2010    5  390.55111
2010    6  385.06225
2010    7  385.52604
2010    8  382.49366
2010    9  385.19481
2010   10  391.54629
2010   11  395.04078
2010   12  396.63422
2011    1  397.13888
2011    2  398.15722
2011    3  400.43457
2011    4  396.12455
2011    5  390.35769
2011    6  389.31399
2011    7  384.55948
2011    8  385.50587
2011    9  386.98688
2011   10  391.05650
2011   11  393.81318
2011   12  396.27630
2012    1  397.89369
2012    2  399.93291
2012    3  399.28596
2012    4  399.76428
2012    5  394.43531
2012    6  389.33946
2012    7  387.73529
2012    8  386.47707
2012    9  390.31118
2012   10  393.67744
2012   11  398.67900
2012   12  400.09047
2013    1  402.11948
2013    2  407.66835
2013    3  404.61757
2013    4  405.69881
2013    5  397.54086
2013    6  393.51406
2013    7  388.53614
2013    8  386.54412
2013    9  391.75764
2013   10  396.88879
2013   11  401.96211
2013   12  400.30415
2014    1  403.22397
2014    2  405.01359
2014    3  406.51034
2014    4  403.01640
2014    5  398.77780
2014    6  395.65813
2014    7  392.06259
2014    8  388.48529
2014    9  394.46732
2014   10  398.46072
2014   11  401.13882
2014   12  405.55914
2015    1  405.14325
2015    2  407.15220
2015    3  407.81786
2015    4  406.14742
2015    5  399.93177
2015    6  395.87828
2015    7  395.84513
2015    8  394.58103
2015    9  395.58677
2015   10  403.79324
2015   11  402.62259
2015   12  403.24105
2016    1  407.01847
2016    2  410.11462
2016    3  411.61393
2016    4  408.92925
2016    5  402.10134
2016    6  398.29101
2016    7  396.49665
2016    8  396.50974
2016    9  399.74248
2016   10  405.21260
2016   11  407.48753
2016   12  408.18204
2017    1  410.63817
2017    2  412.08381
2017    3  411.98384
2017    4  413.05760
2017    5  408.62220
2017    6  403.26174
2017    7  399.98090
2017    8  401.13207
2017    9  400.82683
2017   10  405.28257
2017   11  409.96668
2017   12  411.05738
