yy mm co2
2000    1  373.29071
2000    2  374.42698
2000    3  373.89455
2000    4  374.93542
2000    5  373.86399
2000    6  371.15964
2000    7  365.72007
2000    8  362.01804
2000    9  363.53958
2000   10  367.40061
2000   11  370.92229
2000   12  372.76102
2001    1  373.89461
2001    2  375.29031
2001    3  376.05519
2001    4  375.99425
2001    5  374.89083
2001    6  372.28531
2001    7  366.92698
2001    8  362.64461
2001    9  364.78622
2001   10  368.97350
2001   11  372.16480
2001   12  374.49403
2002    1  375.73470
2002    2  376.61352
2002    3  378.20413
2002    4  377.93489
2002    5  377.05759
2002    6  373.61283
2002    7  368.66669
2002    8  365.64944
2002    9  366.27980
2002   10  370.70192
2002   11  374.46790
2002   12  376.59807
2003    1  377.60363
2003    2  379.05146
2003    3  380.09553
2003    4  380.89746
2003    5  380.24582
2003    6  376.94216
2003    7  372.11896
2003    8  367.96625
2003    9  369.82240
2003   10  373.72517
2003   11  377.75267
2003   12  378.70728
2004    1  379.97836
2004    2  381.41146
2004    3  382.60539
2004    4  382.42334
2004    5  381.44793
2004    6  379.12396
2004    7  373.51521
2004    8  369.31620
2004    9  369.90698
2004   10  374.67343
2004   11  378.21263
2004   12  381.22098
2005    1  381.96513
2005    2  383.01709
2005    3  383.53849
2005    4  384.63029
2005    5  383.46989
2005    6  380.50651
2005    7  375.51890
2005    8  370.45774
2005    9  373.43428
2005   10  376.92522
2005   11  381.28471
2005   12  383.55135
2006    1  384.30959
2006    2  385.76234
2006    3  386.88973
2006    4  386.76677
2006    5  386.38012
2006    6  382.77224
2006    7  377.99863
2006    8  375.03516
2006    9  375.59928
2006   10  379.54692
2006   11  383.82935
2006   12  385.97750
2007    1  386.92588
2007    2  387.75816
2007    3  388.56428
2007    4  388.56093
2007    5  387.24131
2007    6  384.36416
2007    7  378.48725
2007    8  375.53356
2007    9  376.99344
2007   10  381.44956
2007   11  384.88995
2007   12  387.38552
2008    1  389.20433
2008    2  390.39037
2008    3  391.22102
2008    4  391.43593
2008    5  389.86944
2008    6  387.54180
2008    7  381.01405
2008    8  377.31978
2008    9  378.31973
2008   10  382.63228
2008   11  386.24700
2008   12  389.58329
2009    1  390.59235
2009    2  391.44844
2009    3  391.90368
2009    4  393.13931
2009    5  392.05854
2009    6  387.92030
2009    7  382.60731
2009    8  377.52374
2009    9  378.88548
2009   10  384.08523
2009   11  388.49312
2009   12  390.93193
2010    1  392.02813
2010    2  393.49936
2010    3  393.96598
2010    4  394.32381
2010    5  392.55255
2010    6  389.96933
2010    7  385.00541
2010    8  381.25520
2010    9  383.55231
2010   10  387.90383
2010   11  391.86058
2010   12  393.80896
2011    1  394.99815
2011    2  395.99228
2011    3  397.02494
2011    4  397.81764
2011    5  396.02598
2011    6  393.27450
2011    7  386.85187
2011    8  383.05816
2011    9  383.58854
2011   10  389.14944
2011   11  393.60442
2011   12  395.91905
2012    1  396.78399
2012    2  397.33030
2012    3  398.45987
2012    4  398.62967
2012    5  396.78876
2012    6  395.41046
2012    7  387.46861
2012    8  384.45072
2012    9  387.15755
2012   10  391.74309
2012   11  396.02001
2012   12  398.14878
2013    1  399.71760
2013    2  400.18780
2013    3  402.22713
2013    4  402.68415
2013    5  400.53649
2013    6  398.03173
2013    7  392.45127
2013    8  386.87818
2013    9  389.68484
2013   10  394.18036
2013   11  398.27818
2013   12  400.60867
2014    1  402.27256
2014    2  403.83288
2014    3  404.13684
2014    4  403.88282
2014    5  402.36901
2014    6  398.92926
2014    7  393.23841
2014    8  390.06583
2014    9  390.60207
2014   10  395.29588
2014   11  400.05706
2014   12  401.66447
2015    1  403.52865
2015    2  404.34866
2015    3  406.00167
2015    4  406.03153
2015    5  404.84621
2015    6  401.47896
2015    7  395.89449
2015    8  391.04794
2015    9  392.88765
2015   10  397.74532
2015   11  402.19343
2015   12  405.36613
2016    1  406.87085
2016    2  408.01000
2016    3  408.68972
2016    4  409.10655
2016    5  407.04515
2016    6  402.34404
2016    7  398.83950
2016    8  394.66302
2016    9  396.45244
2016   10  401.45469
2016   11  405.74174
2016   12  408.56886
2017    1  410.02853
2017    2  410.86419
2017    3  412.30931
2017    4  412.51560
2017    5  411.15275
2017    6  407.56931
2017    7  400.67817
2017    8  396.99092
2017    9  399.14151
2017   10  404.06815
2017   11  407.51428
2017   12  410.54218
