yy mm co2
2000    1  373.68826
2000    2  374.40911
2000    3  374.73743
2000    4  374.59956
2000    5  374.23981
2000    6  372.06479
2000    7  366.24013
2000    8  362.51172
2000    9  364.12274
2000   10  367.23760
2000   11  371.02535
2000   12  372.23494
2001    1  373.88699
2001    2  375.16790
2001    3  375.70007
2001    4  376.50275
2001    5  375.63767
2001    6  372.79032
2001    7  367.41985
2001    8  363.62870
2001    9  364.79425
2001   10  368.81233
2001   11  372.56573
2001   12  374.52241
2002    1  375.45949
2002    2  376.91192
2002    3  377.67604
2002    4  378.10393
2002    5  377.29941
2002    6  373.84627
2002    7  369.92639
2002    8  365.54111
2002    9  367.20294
2002   10  370.86345
2002   11  374.31298
2002   12  376.81570
2003    1  377.65229
2003    2  379.07297
2003    3  380.06977
2003    4  380.74807
2003    5  380.41981
2003    6  377.97415
2003    7  372.91067
2003    8  369.17461
2003    9  370.51967
2003   10  373.75829
2003   11  378.00687
2003   12  379.70798
2004    1  380.12266
2004    2  381.31123
2004    3  383.26264
2004    4  383.24477
2004    5  381.85675
2004    6  379.40286
2004    7  374.52835
2004    8  370.33693
2004    9  370.68097
2004   10  374.98932
2004   11  378.78024
2004   12  381.46653
2005    1  382.36749
2005    2  382.96456
2005    3  383.79090
2005    4  385.05360
2005    5  384.06957
2005    6  381.08701
2005    7  375.63080
2005    8  371.23746
2005    9  372.73069
2005   10  376.76960
2005   11  380.48011
2005   12  383.52975
2006    1  384.53218
2006    2  385.83906
2006    3  386.46959
2006    4  387.54594
2006    5  386.96325
2006    6  384.19722
2006    7  379.18286
2006    8  375.42329
2006    9  375.99876
2006   10  379.69608
2006   11  383.89326
2006   12  385.87977
2007    1  387.00356
2007    2  387.88433
2007    3  388.50569
2007    4  389.07368
2007    5  387.65240
2007    6  384.72403
2007    7  378.63656
2007    8  375.64643
2007    9  376.32711
2007   10  381.19650
2007   11  384.79580
2007   12  387.09136
2008    1  389.52648
2008    2  390.47489
2008    3  390.93613
2008    4  391.83378
2008    5  390.85376
2008    6  387.55187
2008    7  382.26665
2008    8  377.90765
2008    9  379.17361
2008   10  382.53804
2008   11  386.52890
2008   12  389.36498
2009    1  390.30935
2009    2  390.64031
2009    3  392.91286
2009    4  392.83160
2009    5  392.14475
2009    6  388.80471
2009    7  383.06546
2009    8  378.79107
2009    9  379.49957
2009   10  383.54960
2009   11  388.25016
2009   12  390.50795
2010    1  392.08552
2010    2  392.95675
2010    3  393.81708
2010    4  394.98383
2010    5  393.14345
2010    6  391.14556
2010    7  385.82899
2010    8  381.59100
2010    9  384.04413
2010   10  387.57204
2010   11  391.37850
2010   12  393.75899
2011    1  394.84634
2011    2  396.38238
2011    3  397.27413
2011    4  397.59625
2011    5  396.69339
2011    6  393.25265
2011    7  387.75179
2011    8  382.85711
2011    9  384.17729
2011   10  388.70392
2011   11  393.14115
2011   12  396.12959
2012    1  396.99164
2012    2  397.20646
2012    3  398.56086
2012    4  399.10516
2012    5  398.40204
2012    6  394.27236
2012    7  389.81854
2012    8  385.33859
2012    9  387.41957
2012   10  391.67108
2012   11  395.36969
2012   12  397.61522
2013    1  399.64137
2013    2  400.62124
2013    3  401.65480
2013    4  402.25289
2013    5  401.50894
2013    6  398.61700
2013    7  393.18850
2013    8  387.92612
2013    9  390.19019
2013   10  394.03763
2013   11  398.01814
2013   12  400.44027
2014    1  402.92545
2014    2  404.08506
2014    3  404.40873
2014    4  404.33605
2014    5  403.66614
2014    6  399.92979
2014    7  394.21357
2014    8  390.65146
2014    9  391.15187
2014   10  395.24853
2014   11  400.20002
2014   12  402.14119
2015    1  403.55793
2015    2  404.58492
2015    3  405.53467
2015    4  406.44960
2015    5  405.42069
2015    6  402.08871
2015    7  396.51681
2015    8  392.13500
2015    9  393.63318
2015   10  397.84564
2015   11  402.32262
2015   12  405.03102
2016    1  406.60598
2016    2  407.99018
2016    3  408.52907
2016    4  408.80759
2016    5  408.06367
2016    6  404.51495
2016    7  398.99556
2016    8  395.18287
2016    9  396.81996
2016   10  401.79704
2016   11  406.01924
2016   12  408.34511
2017    1  410.17815
2017    2  410.90246
2017    3  411.83174
2017    4  412.83338
2017    5  411.54437
2017    6  408.08061
2017    7  403.18258
2017    8  398.26269
2017    9  399.83622
2017   10  404.33349
2017   11  408.63419
2017   12  410.32833
