yy mm co2
2000    1  376.35546
2000    2  377.96370
2000    3  376.56218
2000    4  376.44751
2000    5  373.58148
2000    6  368.93651
2000    7  360.47387
2000    8  360.32699
2000    9  368.02026
2000   10  373.95561
2000   11  376.98497
2000   12  378.37433
2001    1  379.20524
2001    2  378.43559
2001    3  379.99771
2001    4  376.66658
2001    5  376.23770
2001    6  367.80586
2001    7  363.53205
2001    8  366.57826
2001    9  367.66796
2001   10  370.71205
2001   11  374.42645
2001   12  377.04821
2002    1  379.10917
2002    2  380.31934
2002    3  380.91789
2002    4  378.94223
2002    5  376.65240
2002    6  373.51047
2002    7  366.33556
2002    8  362.55890
2002    9  366.02057
2002   10  371.86616
2002   11  378.46831
2002   12  379.21351
2003    1  380.87682
2003    2  382.03030
2003    3  381.69915
2003    4  382.31842
2003    5  380.21355
2003    6  378.02063
2003    7  371.76337
2003    8  370.42439
2003    9  369.96254
2003   10  375.77876
2003   11  380.51326
2003   12  382.05509
2004    1  386.49174
2004    2  385.50241
2004    3  385.25800
2004    4  385.07240
2004    5  381.01169
2004    6  373.57071
2004    7  368.59070
2004    8  367.73947
2004    9  375.83537
2004   10  376.18290
2004   11  381.12738
2004   12  384.80901
2005    1  387.16939
2005    2  386.54407
2005    3  385.85416
2005    4  386.67582
2005    5  384.78893
2005    6  379.55970
2005    7  372.03761
2005    8  374.11609
2005    9  375.92679
2005   10  379.65237
2005   11  385.21586
2005   12  387.26500
2006    1  389.36568
2006    2  389.18297
2006    3  389.69456
2006    4  389.78131
2006    5  388.16169
2006    6  383.48814
2006    7  375.21173
2006    8  374.69435
2006    9  378.60274
2006   10  380.78215
2006   11  390.27099
2006   12  389.50925
2007    1  392.58206
2007    2  391.73174
2007    3  391.42783
2007    4  390.28912
2007    5  387.97784
2007    6  385.22293
2007    7  376.76713
2007    8  379.71750
2007    9  377.65020
2007   10  383.33324
2007   11  388.51914
2007   12  391.01564
2008    1  392.12714
2008    2  391.94344
2008    3  396.36958
2008    4  393.57931
2008    5  392.24356
2008    6  384.54941
2008    7  380.12958
2008    8  377.82534
2008    9  380.78809
2008   10  383.46584
2008   11  389.81211
2008   12  395.12620
2009    1  393.81749
2009    2  396.65547
2009    3  396.06562
2009    4  394.75790
2009    5  392.55506
2009    6  388.56929
2009    7  378.27427
2009    8  374.95833
2009    9  377.63914
2009   10  385.54959
2009   11  396.55773
2009   12  396.48582
2010    1  397.66642
2010    2  400.41184
2010    3  398.14872
2010    4  396.20648
2010    5  388.46806
2010    6  388.15525
2010    7  379.17221
2010    8  380.84880
2010    9  391.14116
2010   10  394.09078
2010   11  394.76223
2010   12  398.02463
2011    1  401.60873
2011    2  401.74319
2011    3  399.97674
2011    4  399.42362
2011    5  395.87138
2011    6  389.79037
2011    7  385.29455
2011    8  385.24379
2011    9  389.47156
2011   10  394.90036
2011   11  395.95002
2011   12  399.57926
2012    1  403.42263
2012    2  403.09291
2012    3  401.97838
2012    4  400.55427
2012    5  397.52290
2012    6  395.68506
2012    7  388.51929
2012    8  387.77091
2012    9  391.72807
2012   10  395.85555
2012   11  400.52572
2012   12  403.60971
2013    1  402.75429
2013    2  405.49220
2013    3  404.29784
2013    4  403.59481
2013    5  397.85740
2013    6  392.94711
2013    7  391.26858
2013    8  387.25894
2013    9  392.37662
2013   10  397.78321
2013   11  399.96766
2013   12  402.52143
2014    1  405.93150
2014    2  408.62971
2014    3  406.75234
2014    4  404.98734
2014    5  403.13372
2014    6  400.25607
2014    7  391.28665
2014    8  391.63203
2014    9  395.36043
2014   10  397.79078
2014   11  403.09920
2014   12  404.03515
2015    1  407.01954
2015    2  407.08616
2015    3  410.06622
2015    4  408.94235
2015    5  402.07681
2015    6  400.76658
2015    7  395.79536
2015    8  389.01568
2015    9  397.25564
2015   10  400.97744
2015   11  407.29227
2015   12  409.88653
2016    1  414.84114
2016    2  413.17844
2016    3  412.72544
2016    4  410.52807
2016    5  404.20290
2016    6  401.96069
2016    7  392.38940
2016    8  400.35878
2016    9  396.47764
2016   10  403.91786
2016   11  411.62287
2016   12  411.34711
2017    1  412.63539
2017    2  413.70932
2017    3  415.22086
2017    4  414.87106
2017    5  412.81353
2017    6  402.41372
2017    7  395.88744
2017    8  398.66660
2017    9  407.90523
2017   10  411.10883
2017   11  412.41694
2017   12  414.87499
