yy mm co2
2000    1  365.83919
2000    2  365.96388
2000    3  366.56158
2000    4  366.85320
2000    5  367.16514
2000    6  367.49002
2000    7  368.35280
2000    8  368.26075
2000    9  368.57219
2000   10  368.39669
2000   11  367.74206
2000   12  367.32096
2001    1  367.11930
2001    2  367.18789
2001    3  367.39328
2001    4  367.81374
2001    5  368.59620
2001    6  368.89032
2001    7  369.49763
2001    8  369.99839
2001    9  370.35919
2001   10  369.86411
2001   11  369.64062
2001   12  369.07723
2002    1  369.03744
2002    2  368.90744
2002    3  369.46806
2002    4  369.99615
2002    5  370.10966
2002    6  370.67389
2002    7  371.86377
2002    8  372.45202
2002    9  372.76134
2002   10  372.19728
2002   11  371.94413
2002   12  371.35242
2003    1  371.35824
2003    2  371.52859
2003    3  372.07751
2003    4  372.51826
2003    5  372.79809
2003    6  373.31510
2003    7  374.00535
2003    8  374.87334
2003    9  374.67826
2003   10  374.34316
2003   11  373.90139
2003   12  373.48046
2004    1  373.21166
2004    2  373.40136
2004    3  374.16833
2004    4  374.68827
2004    5  374.94535
2004    6  375.49288
2004    7  376.21107
2004    8  376.48311
2004    9  376.52219
2004   10  376.23520
2004   11  375.41109
2004   12  374.79130
2005    1  374.92489
2005    2  374.83865
2005    3  375.48877
2005    4  376.11986
2005    5  376.99140
2005    6  377.53477
2005    7  378.09287
2005    8  378.69182
2005    9  379.20926
2005   10  378.54005
2005   11  377.76752
2005   12  377.59746
2006    1  377.34586
2006    2  377.49432
2006    3  377.96280
2006    4  378.53539
2006    5  379.26593
2006    6  379.50274
2006    7  379.77763
2006    8  380.54830
2006    9  380.03127
2006   10  379.87644
2006   11  379.46989
2006   12  379.05457
2007    1  378.89392
2007    2  379.24267
2007    3  379.77030
2007    4  379.99108
2007    5  380.50540
2007    6  380.90505
2007    7  381.70873
2007    8  382.28763
2007    9  383.24596
2007   10  382.36208
2007   11  381.59880
2007   12  381.09368
2008    1  380.98509
2008    2  381.35317
2008    3  381.91301
2008    4  382.27459
2008    5  382.69928
2008    6  383.33677
2008    7  383.79084
2008    8  383.92979
2008    9  384.55226
2008   10  383.83578
2008   11  383.24544
2008   12  383.01683
2009    1  382.77055
2009    2  382.92378
2009    3  383.51284
2009    4  383.66494
2009    5  383.93855
2009    6  384.64350
2009    7  385.41661
2009    8  385.86956
2009    9  385.58285
2009   10  385.37101
2009   11  385.19892
2009   12  384.54577
2010    1  384.47799
2010    2  384.46145
2010    3  384.82485
2010    4  385.29380
2010    5  385.88088
2010    6  386.55259
2010    7  387.20272
2010    8  388.02275
2010    9  388.03907
2010   10  387.71253
2010   11  387.30697
2010   12  386.92623
2011    1  386.72148
2011    2  386.64357
2011    3  387.12844
2011    4  387.38700
2011    5  387.91925
2011    6  388.35488
2011    7  388.93920
2011    8  389.42089
2011    9  389.50675
2011   10  389.13911
2011   11  388.93282
2011   12  388.54065
2012    1  388.24932
2012    2  388.36384
2012    3  388.92767
2012    4  389.45227
2012    5  389.98883
2012    6  390.34983
2012    7  391.25173
2012    8  392.09408
2012    9  392.33002
2012   10  391.62676
2012   11  391.29061
2012   12  390.90973
2013    1  390.76572
2013    2  390.94503
2013    3  391.63328
2013    4  392.54918
2013    5  392.72063
2013    6  393.37939
2013    7  394.17754
2013    8  394.78680
2013    9  394.83426
2013   10  394.49058
2013   11  394.02314
2013   12  393.63719
2014    1  393.62031
2014    2  393.58687
2014    3  394.03746
2014    4  394.90295
2014    5  394.98380
2014    6  395.36311
2014    7  396.20843
2014    8  396.68710
2014    9  396.56484
2014   10  396.20226
2014   11  395.65543
2014   12  395.12440
2015    1  394.90653
2015    2  395.11675
2015    3  395.93515
2015    4  396.54708
2015    5  397.09127
2015    6  397.35742
2015    7  398.47137
2015    8  399.10222
2015    9  398.88272
2015   10  398.78304
2015   11  398.42038
2015   12  397.83595
2016    1  397.76252
2016    2  398.15428
2016    3  398.75016
2016    4  399.25825
2016    5  400.46751
2016    6  400.77520
2016    7  402.33936
2016    8  402.37073
2016    9  402.63930
2016   10  402.13266
2016   11  401.33408
2016   12  400.92066
2017    1  400.66298
2017    2  400.57863
2017    3  401.30946
2017    4  401.95219
2017    5  402.33211
2017    6  402.72457
2017    7  403.65249
2017    8  404.45497
2017    9  403.97421
2017   10  403.75200
2017   11  403.46402
2017   12  403.32516
