yy mm co2
2000    1  374.84890
2000    2  375.82114
2000    3  376.36061
2000    4  377.18134
2000    5  375.49532
2000    6  370.17599
2000    7  365.77380
2000    8  362.18402
2000    9  366.24441
2000   10  370.20957
2000   11  373.50072
2000   12  375.53173
2001    1  376.99941
2001    2  377.26926
2001    3  378.00730
2001    4  379.11572
2001    5  375.56287
2001    6  370.44290
2001    7  364.08450
2001    8  362.28466
2001    9  366.88373
2001   10  371.60001
2001   11  373.58358
2001   12  376.23511
2002    1  376.87429
2002    2  378.24587
2002    3  378.59881
2002    4  378.76595
2002    5  378.14304
2002    6  373.06777
2002    7  364.68531
2002    8  365.11125
2002    9  368.63622
2002   10  373.92328
2002   11  377.23946
2002   12  379.20449
2003    1  379.48301
2003    2  380.12257
2003    3  381.22476
2003    4  383.17713
2003    5  382.59724
2003    6  376.41320
2003    7  371.44698
2003    8  368.19049
2003    9  371.69541
2003   10  375.95781
2003   11  379.98855
2003   12  381.08294
2004    1  382.06181
2004    2  383.39198
2004    3  383.85243
2004    4  385.51539
2004    5  383.36625
2004    6  377.45028
2004    7  370.54843
2004    8  369.84618
2004    9  373.16082
2004   10  377.51152
2004   11  380.32711
2004   12  384.26529
2005    1  384.15196
2005    2  384.64565
2005    3  385.52869
2005    4  386.11508
2005    5  384.43360
2005    6  377.64077
2005    7  371.17652
2005    8  370.12529
2005    9  376.18226
2005   10  380.04207
2005   11  382.75670
2005   12  386.29171
2006    1  387.60400
2006    2  387.49495
2006    3  388.08418
2006    4  389.70404
2006    5  388.52819
2006    6  382.97835
2006    7  375.40769
2006    8  374.33481
2006    9  379.34337
2006   10  384.06716
2006   11  386.34762
2006   12  388.01366
2007    1  388.74196
2007    2  390.11784
2007    3  390.12750
2007    4  391.77039
2007    5  387.95130
2007    6  384.06882
2007    7  376.25703
2007    8  375.39372
2007    9  379.63214
2007   10  383.36538
2007   11  388.15817
2007   12  390.01860
2008    1  390.66488
2008    2  391.54864
2008    3  393.72128
2008    4  392.74752
2008    5  392.08788
2008    6  385.40619
2008    7  376.83785
2008    8  377.17228
2008    9  381.76999
2008   10  385.22485
2008   11  388.43037
2008   12  390.45967
2009    1  391.24643
2009    2  392.80561
2009    3  393.38632
2009    4  396.40709
2009    5  393.21007
2009    6  387.87205
2009    7  380.32449
2009    8  379.36214
2009    9  381.96504
2009   10  386.15681
2009   11  390.58915
2009   12  393.86065
2010    1  394.22861
2010    2  395.35694
2010    3  397.55291
2010    4  397.88432
2010    5  396.90427
2010    6  389.97814
2010    7  384.89795
2010    8  381.49909
2010    9  387.06107
2010   10  390.76863
2010   11  394.05259
2010   12  396.00715
2011    1  397.34683
2011    2  398.87702
2011    3  398.79509
2011    4  400.97613
2011    5  398.02009
2011    6  391.58121
2011    7  383.79937
2011    8  385.14144
2011    9  386.50789
2011   10  392.92444
2011   11  396.43492
2011   12  397.92043
2012    1  400.02109
2012    2  399.63206
2012    3  401.40428
2012    4  401.34150
2012    5  399.16072
2012    6  393.50489
2012    7  386.89384
2012    8  386.81843
2012    9  390.31598
2012   10  395.14783
2012   11  399.20397
2012   12  402.40012
2013    1  401.68062
2013    2  403.49460
2013    3  403.69385
2013    4  404.69220
2013    5  403.22082
2013    6  397.44945
2013    7  389.84627
2013    8  386.66651
2013    9  392.61382
2013   10  398.58048
2013   11  400.50794
2013   12  402.42268
2014    1  403.50281
2014    2  406.76730
2014    3  405.27852
2014    4  403.94516
2014    5  403.15324
2014    6  398.16345
2014    7  393.18099
2014    8  389.21295
2014    9  394.42838
2014   10  398.83432
2014   11  401.92832
2014   12  404.81833
2015    1  406.28639
2015    2  407.00109
2015    3  407.44952
2015    4  408.35634
2015    5  406.66250
2015    6  400.67342
2015    7  394.38487
2015    8  390.97047
2015    9  396.56353
2015   10  400.95643
2015   11  405.90300
2015   12  408.88388
2016    1  409.30763
2016    2  409.98976
2016    3  410.66131
2016    4  410.90243
2016    5  408.82805
2016    6  402.28554
2016    7  397.52509
2016    8  395.97609
2016    9  399.85529
2016   10  405.87471
2016   11  409.45018
2016   12  410.57970
2017    1  412.82913
2017    2  413.29369
2017    3  414.60013
2017    4  414.87315
2017    5  412.32721
2017    6  406.35749
2017    7  401.73143
2017    8  397.29854
2017    9  403.42487
2017   10  407.45875
2017   11  411.55485
2017   12  413.32058
