yy mm co2
2000    1  375.33019
2000    2  376.46361
2000    3  376.59670
2000    4  375.17853
2000    5  373.61810
2000    6  369.84461
2000    7  368.90671
2000    8  366.60567
2000    9  367.68746
2000   10  370.31365
2000   11  371.93313
2000   12  373.93754
2001    1  375.33179
2001    2  376.83881
2001    3  376.20284
2001    4  377.54537
2001    5  375.23019
2001    6  372.33380
2001    7  368.32143
2001    8  368.30941
2001    9  368.88974
2001   10  371.65981
2001   11  373.57499
2001   12  376.00528
2002    1  377.55974
2002    2  378.29811
2002    3  379.14715
2002    4  378.59820
2002    5  376.67243
2002    6  372.79227
2002    7  371.48825
2002    8  369.74763
2002    9  370.95233
2002   10  374.33580
2002   11  375.53778
2002   12  377.73227
2003    1  378.71519
2003    2  380.98879
2003    3  381.57980
2003    4  381.26306
2003    5  381.25136
2003    6  377.92980
2003    7  373.83786
2003    8  373.78399
2003    9  374.18091
2003   10  376.20624
2003   11  379.66485
2003   12  380.20927
2004    1  381.82692
2004    2  383.57926
2004    3  384.15505
2004    4  383.68316
2004    5  382.22317
2004    6  379.36124
2004    7  376.89376
2004    8  373.87942
2004    9  375.78878
2004   10  378.88164
2004   11  379.96561
2004   12  382.65088
2005    1  383.73595
2005    2  384.99606
2005    3  385.95244
2005    4  385.77130
2005    5  384.10551
2005    6  380.49309
2005    7  378.46793
2005    8  377.36943
2005    9  377.92165
2005   10  381.50325
2005   11  383.65560
2005   12  386.62765
2006    1  387.19436
2006    2  387.88389
2006    3  388.34411
2006    4  387.98415
2006    5  386.52361
2006    6  383.27865
2006    7  378.22442
2006    8  381.61079
2006    9  380.61617
2006   10  382.97626
2006   11  385.48661
2006   12  387.92758
2007    1  388.95561
2007    2  389.62503
2007    3  390.16496
2007    4  389.95661
2007    5  388.16786
2007    6  385.65235
2007    7  383.30699
2007    8  381.31792
2007    9  382.18920
2007   10  385.06719
2007   11  387.66843
2007   12  389.35072
2008    1  390.47495
2008    2  391.82129
2008    3  391.41427
2008    4  392.13375
2008    5  390.14447
2008    6  387.60921
2008    7  384.55077
2008    8  384.01011
2008    9  384.51140
2008   10  385.72086
2008   11  388.04422
2008   12  390.67888
2009    1  391.04681
2009    2  393.26071
2009    3  394.19337
2009    4  393.51985
2009    5  391.12210
2009    6  389.05180
2009    7  385.55724
2009    8  383.11366
2009    9  384.81038
2009   10  387.73727
2009   11  390.97562
2009   12  392.72863
2010    1  393.70055
2010    2  394.35911
2010    3  395.43174
2010    4  396.19918
2010    5  393.66790
2010    6  391.14797
2010    7  386.56226
2010    8  389.05255
2010    9  388.37781
2010   10  391.16945
2010   11  393.98603
2010   12  394.80100
2011    1  396.56420
2011    2  397.72197
2011    3  399.17164
2011    4  398.20041
2011    5  395.86492
2011    6  391.57170
2011    7  389.88728
2011    8  387.33135
2011    9  389.29822
2011   10  391.96038
2011   11  395.32446
2011   12  398.32052
2012    1  398.24820
2012    2  399.89786
2012    3  401.15978
2012    4  400.40122
2012    5  398.36514
2012    6  396.17741
2012    7  393.78123
2012    8  391.59594
2012    9  392.73084
2012   10  395.97650
2012   11  397.35064
2012   12  399.89615
2013    1  402.20167
2013    2  402.06514
2013    3  402.66025
2013    4  403.82915
2013    5  401.15812
2013    6  397.93691
2013    7  394.76241
2013    8  392.57130
2013    9  394.06083
2013   10  398.64486
2013   11  399.45700
2013   12  402.14544
2014    1  403.71754
2014    2  405.29200
2014    3  405.55265
2014    4  404.87567
2014    5  402.87743
2014    6  400.08663
2014    7  397.35201
2014    8  396.34606
2014    9  396.32295
2014   10  399.53421
2014   11  402.53316
2014   12  403.93751
2015    1  405.81095
2015    2  406.65909
2015    3  407.13718
2015    4  407.58721
2015    5  405.03533
2015    6  399.81573
2015    7  397.90958
2015    8  398.45399
2015    9  399.43229
2015   10  401.81374
2015   11  404.13960
2015   12  407.40069
2016    1  408.79849
2016    2  410.05699
2016    3  409.90661
2016    4  410.35423
2016    5  407.82432
2016    6  405.24889
2016    7  400.65681
2016    8  399.86131
2016    9  401.97780
2016   10  405.18801
2016   11  408.03032
2016   12  410.24169
2017    1  411.27359
2017    2  413.18987
2017    3  413.56814
2017    4  413.87088
2017    5  411.59274
2017    6  407.01986
2017    7  406.03595
2017    8  404.34871
2017    9  404.65247
2017   10  407.31530
2017   11  409.95530
2017   12  412.23518
