yy mm co2
2000    1  372.57173
2000    2  373.08084
2000    3  373.77028
2000    4  374.35163
2000    5  372.84216
2000    6  368.64507
2000    7  366.49054
2000    8  363.41927
2000    9  366.35992
2000   10  367.92236
2000   11  369.98925
2000   12  371.16423
2001    1  372.88902
2001    2  373.90296
2001    3  375.02611
2001    4  375.79273
2001    5  374.26539
2001    6  370.87587
2001    7  366.69659
2001    8  365.95674
2001    9  367.13880
2001   10  368.78820
2001   11  370.99925
2001   12  373.20741
2002    1  374.49083
2002    2  375.10664
2002    3  376.21069
2002    4  377.10398
2002    5  376.06512
2002    6  372.62577
2002    7  366.66292
2002    8  366.79316
2002    9  369.07371
2002   10  371.21089
2002   11  373.35145
2002   12  375.41130
2003    1  376.34012
2003    2  377.60459
2003    3  379.12079
2003    4  379.61334
2003    5  379.22853
2003    6  376.15391
2003    7  372.77298
2003    8  370.84214
2003    9  372.26040
2003   10  374.12866
2003   11  376.15901
2003   12  377.63629
2004    1  379.01523
2004    2  380.21462
2004    3  381.40599
2004    4  382.03594
2004    5  381.10369
2004    6  376.03630
2004    7  373.09362
2004    8  372.22845
2004    9  373.53943
2004   10  375.79366
2004   11  377.96053
2004   12  379.27236
2005    1  380.73052
2005    2  382.39500
2005    3  383.72053
2005    4  384.30683
2005    5  383.31241
2005    6  379.62184
2005    7  376.75496
2005    8  375.55298
2005    9  376.82810
2005   10  378.35265
2005   11  380.46355
2005   12  382.09913
2006    1  383.84114
2006    2  384.52182
2006    3  385.65422
2006    4  386.84445
2006    5  385.24714
2006    6  381.75369
2006    7  378.11778
2006    8  376.97871
2006    9  378.22881
2006   10  379.80429
2006   11  382.31336
2006   12  383.93488
2007    1  386.39017
2007    2  386.26639
2007    3  387.44180
2007    4  388.29315
2007    5  386.59951
2007    6  383.79684
2007    7  378.85181
2007    8  379.47591
2007    9  381.20488
2007   10  383.08877
2007   11  383.98738
2007   12  386.69090
2008    1  388.30558
2008    2  389.22179
2008    3  389.77305
2008    4  391.02425
2008    5  389.20229
2008    6  384.97444
2008    7  381.27066
2008    8  381.26338
2008    9  382.90620
2008   10  383.71221
2008   11  386.22727
2008   12  386.91651
2009    1  388.76990
2009    2  389.88984
2009    3  391.33371
2009    4  392.60639
2009    5  390.86674
2009    6  386.74718
2009    7  383.67402
2009    8  383.44163
2009    9  384.45662
2009   10  385.64042
2009   11  388.19559
2009   12  389.75393
2010    1  390.67323
2010    2  392.12481
2010    3  393.24633
2010    4  394.12474
2010    5  393.23303
2010    6  388.98690
2010    7  387.56890
2010    8  384.45680
2010    9  387.45743
2010   10  389.02185
2010   11  390.30833
2010   12  392.58800
2011    1  394.65426
2011    2  394.58909
2011    3  396.48719
2011    4  397.60093
2011    5  395.21532
2011    6  390.49104
2011    7  386.39910
2011    8  388.04457
2011    9  388.88952
2011   10  389.85367
2011   11  392.61402
2011   12  394.75248
2012    1  396.97470
2012    2  397.44793
2012    3  398.12713
2012    4  398.33863
2012    5  397.52372
2012    6  393.96741
2012    7  389.16842
2012    8  388.46178
2012    9  391.27684
2012   10  392.96100
2012   11  395.16223
2012   12  397.08090
2013    1  398.22829
2013    2  399.06139
2013    3  399.87304
2013    4  402.22608
2013    5  400.52301
2013    6  397.69046
2013    7  395.18770
2013    8  393.01382
2013    9  392.51673
2013   10  395.35569
2013   11  398.16523
2013   12  399.46518
2014    1  400.35174
2014    2  403.47464
2014    3  403.97985
2014    4  403.97031
2014    5  402.16744
2014    6  398.67932
2014    7  396.55971
2014    8  393.46094
2014    9  395.99478
2014   10  396.91303
2014   11  399.64283
2014   12  401.34977
2015    1  402.47539
2015    2  403.47537
2015    3  404.47325
2015    4  405.37695
2015    5  403.82752
2015    6  400.46466
2015    7  396.04583
2015    8  394.48775
2015    9  397.74011
2015   10  399.91608
2015   11  401.81933
2015   12  404.42651
2016    1  405.58464
2016    2  406.85962
2016    3  408.01225
2016    4  408.93530
2016    5  407.23244
2016    6  403.46463
2016    7  400.30573
2016    8  401.19202
2016    9  399.69254
2016   10  402.94754
2016   11  405.18193
2016   12  407.22213
2017    1  409.23594
2017    2  410.42033
2017    3  413.03312
2017    4  412.33117
2017    5  410.31034
2017    6  406.20318
2017    7  403.34268
2017    8  401.88277
2017    9  402.89716
2017   10  406.07105
2017   11  407.18407
2017   12  408.96726
