yy mm co2
2000    1  374.42657
2000    2  375.66983
2000    3  374.71988
2000    4  374.64604
2000    5  372.58313
2000    6  370.34982
2000    7  364.54882
2000    8  365.30217
2000    9  366.37764
2000   10  369.72560
2000   11  371.78968
2000   12  374.38059
2001    1  376.86940
2001    2  377.50439
2001    3  377.20299
2001    4  377.32063
2001    5  374.23894
2001    6  370.48341
2001    7  368.10880
2001    8  369.65337
2001    9  365.75188
2001   10  370.74793
2001   11  374.05873
2001   12  377.52924
2002    1  378.97608
2002    2  377.88443
2002    3  378.91328
2002    4  378.61781
2002    5  377.36460
2002    6  372.90159
2002    7  370.31024
2002    8  367.90621
2002    9  369.24268
2002   10  372.73145
2002   11  375.90056
2002   12  378.60539
2003    1  379.59448
2003    2  380.69673
2003    3  380.71530
2003    4  381.67852
2003    5  380.07915
2003    6  377.43102
2003    7  374.20390
2003    8  371.14052
2003    9  371.21834
2003   10  375.94317
2003   11  379.70205
2003   12  381.47881
2004    1  382.48833
2004    2  383.36270
2004    3  383.72737
2004    4  382.75047
2004    5  381.44513
2004    6  378.25864
2004    7  375.81046
2004    8  370.98918
2004    9  372.24413
2004   10  376.02810
2004   11  381.08873
2004   12  382.91895
2005    1  384.35674
2005    2  384.12976
2005    3  384.76463
2005    4  385.20482
2005    5  383.75190
2005    6  380.80415
2005    7  374.64470
2005    8  372.59792
2005    9  375.94687
2005   10  379.03758
2005   11  383.83540
2005   12  386.46662
2006    1  387.09695
2006    2  387.34218
2006    3  388.05616
2006    4  387.01468
2006    5  384.43867
2006    6  382.89692
2006    7  380.70051
2006    8  374.75157
2006    9  378.03649
2006   10  381.76673
2006   11  385.08701
2006   12  387.74847
2007    1  389.41027
2007    2  389.42197
2007    3  389.66988
2007    4  389.04583
2007    5  386.83775
2007    6  382.56697
2007    7  381.40439
2007    8  375.77501
2007    9  379.16203
2007   10  384.32446
2007   11  386.83708
2007   12  389.43536
2008    1  391.77755
2008    2  392.61099
2008    3  392.03739
2008    4  391.20868
2008    5  389.74560
2008    6  386.17942
2008    7  384.85060
2008    8  379.58747
2008    9  381.86985
2008   10  384.50907
2008   11  388.91850
2008   12  391.14588
2009    1  392.52845
2009    2  393.25363
2009    3  393.21731
2009    4  393.73615
2009    5  391.55319
2009    6  388.14606
2009    7  384.37350
2009    8  381.27770
2009    9  381.32706
2009   10  385.98743
2009   11  390.30652
2009   12  391.96148
2010    1  394.38604
2010    2  394.79183
2010    3  396.01774
2010    4  395.13680
2010    5  393.26254
2010    6  388.81530
2010    7  385.24441
2010    8  382.62852
2010    9  385.88073
2010   10  389.44391
2010   11  392.87939
2010   12  395.39931
2011    1  397.50466
2011    2  398.16261
2011    3  397.80707
2011    4  397.87861
2011    5  393.95530
2011    6  391.67202
2011    7  387.12707
2011    8  384.51757
2011    9  388.93384
2011   10  392.73303
2011   11  396.43398
2011   12  397.31729
2012    1  398.78758
2012    2  399.41550
2012    3  399.95243
2012    4  398.81890
2012    5  397.38679
2012    6  394.14086
2012    7  389.05599
2012    8  388.10488
2012    9  388.82988
2012   10  394.02116
2012   11  397.04796
2012   12  399.95887
2013    1  401.81747
2013    2  401.81552
2013    3  402.63744
2013    4  402.14142
2013    5  400.81170
2013    6  397.67209
2013    7  394.45565
2013    8  386.37337
2013    9  391.61419
2013   10  396.70186
2013   11  400.12313
2013   12  402.42751
2014    1  403.81498
2014    2  405.90766
2014    3  405.13635
2014    4  403.49612
2014    5  402.14273
2014    6  398.62274
2014    7  395.25205
2014    8  390.64119
2014    9  393.22622
2014   10  398.05871
2014   11  401.64354
2014   12  403.78296
2015    1  404.84217
2015    2  406.10426
2015    3  407.59376
2015    4  406.74553
2015    5  403.91454
2015    6  400.29234
2015    7  394.71564
2015    8  392.77069
2015    9  395.90240
2015   10  400.17668
2015   11  405.05535
2015   12  407.24265
2016    1  409.05748
2016    2  409.56595
2016    3  409.95062
2016    4  409.49628
2016    5  406.22571
2016    6  402.31421
2016    7  397.25154
2016    8  396.17746
2016    9  399.37094
2016   10  404.01594
2016   11  408.57863
2016   12  410.73546
2017    1  411.86943
2017    2  412.34112
2017    3  413.17288
2017    4  413.17471
2017    5  410.52714
2017    6  405.93033
2017    7  401.09857
2017    8  397.81988
2017    9  402.64562
2017   10  406.36319
2017   11  409.41813
2017   12  412.27913
