yy mm co2
2000    1  374.57098
2000    2  375.59861
2000    3  375.94183
2000    4  375.55932
2000    5  375.08801
2000    6  372.98276
2000    7  366.62520
2000    8  360.81226
2000    9  362.68876
2000   10  367.19933
2000   11  371.52108
2000   12  373.78157
2001    1  375.67058
2001    2  375.92190
2001    3  376.79705
2001    4  377.21157
2001    5  377.23410
2001    6  373.80890
2001    7  367.98313
2001    8  362.21324
2001    9  364.35836
2001   10  368.71870
2001   11  373.45535
2001   12  374.85294
2002    1  377.23294
2002    2  378.34758
2002    3  378.35899
2002    4  378.48434
2002    5  378.23711
2002    6  375.13973
2002    7  369.97171
2002    8  363.99977
2002    9  365.75139
2002   10  370.67753
2002   11  374.59497
2002   12  377.43343
2003    1  379.50239
2003    2  380.51064
2003    3  381.41487
2003    4  381.61391
2003    5  381.76266
2003    6  379.08065
2003    7  373.05633
2003    8  367.79686
2003    9  369.26073
2003   10  374.27736
2003   11  378.73871
2003   12  380.99111
2004    1  382.18495
2004    2  383.21564
2004    3  383.46284
2004    4  383.82283
2004    5  383.26505
2004    6  381.23099
2004    7  372.89778
2004    8  369.52447
2004    9  370.04409
2004   10  374.09391
2004   11  380.24172
2004   12  382.76907
2005    1  384.77438
2005    2  384.44303
2005    3  384.37961
2005    4  385.72410
2005    5  385.63900
2005    6  382.35440
2005    7  375.48997
2005    8  370.25241
2005    9  371.81843
2005   10  376.44719
2005   11  382.30926
2005   12  385.65040
2006    1  384.99519
2006    2  386.58263
2006    3  387.43092
2006    4  388.16896
2006    5  388.10496
2006    6  385.57517
2006    7  379.11761
2006    8  374.52308
2006    9  375.13894
2006   10  379.69786
2006   11  384.81620
2006   12  388.09367
2007    1  388.94059
2007    2  388.56143
2007    3  389.59004
2007    4  389.80279
2007    5  389.00503
2007    6  386.37916
2007    7  378.68120
2007    8  373.52985
2007    9  375.78712
2007   10  380.66795
2007   11  385.68236
2007   12  388.30709
2008    1  390.96895
2008    2  391.13869
2008    3  393.18373
2008    4  393.24473
2008    5  392.16643
2008    6  388.87942
2008    7  382.83333
2008    8  377.78576
2008    9  378.21886
2008   10  382.22395
2008   11  387.76992
2008   12  390.05387
2009    1  392.21512
2009    2  392.05523
2009    3  393.84444
2009    4  394.06019
2009    5  392.91504
2009    6  391.08269
2009    7  382.63097
2009    8  377.97427
2009    9  379.24829
2009   10  383.83994
2009   11  389.71679
2009   12  391.82504
2010    1  393.22500
2010    2  395.23511
2010    3  395.61046
2010    4  395.92158
2010    5  394.78514
2010    6  392.31099
2010    7  385.60794
2010    8  381.32095
2010    9  383.32536
2010   10  388.48186
2010   11  392.09457
2010   12  394.46633
2011    1  396.26425
2011    2  396.94193
2011    3  397.82838
2011    4  397.90981
2011    5  397.65943
2011    6  394.67361
2011    7  387.49838
2011    8  380.31474
2011    9  384.15569
2011   10  388.96114
2011   11  393.51886
2011   12  397.49645
2012    1  397.88327
2012    2  398.71549
2012    3  400.20721
2012    4  400.85657
2012    5  399.86303
2012    6  396.90646
2012    7  388.66411
2012    8  383.98145
2012    9  387.04328
2012   10  392.19821
2012   11  396.62045
2012   12  398.89885
2013    1  400.62389
2013    2  401.63737
2013    3  401.98531
2013    4  402.58598
2013    5  402.25714
2013    6  398.98168
2013    7  392.66341
2013    8  387.92854
2013    9  389.60774
2013   10  393.83347
2013   11  398.85519
2013   12  401.85769
2014    1  403.08127
2014    2  405.49290
2014    3  405.26182
2014    4  405.13420
2014    5  404.71679
2014    6  401.94619
2014    7  395.04361
2014    8  389.78929
2014    9  390.43219
2014   10  394.92029
2014   11  400.01297
2014   12  403.98253
2015    1  404.39400
2015    2  406.48892
2015    3  406.55336
2015    4  407.51626
2015    5  406.34515
2015    6  403.56774
2015    7  395.34140
2015    8  389.94182
2015    9  392.40389
2015   10  396.93224
2015   11  403.81486
2015   12  407.15231
2016    1  408.10797
2016    2  410.14518
2016    3  409.92282
2016    4  409.91107
2016    5  408.82686
2016    6  405.81619
2016    7  397.35844
2016    8  394.01185
2016    9  396.39577
2016   10  402.03152
2016   11  407.69475
2016   12  409.31016
2017    1  411.46262
2017    2  412.02619
2017    3  413.53141
2017    4  414.25833
2017    5  413.66857
2017    6  409.77262
2017    7  402.95816
2017    8  397.58533
2017    9  399.40680
2017   10  405.26415
2017   11  410.21899
2017   12  412.15765
