yy mm co2
2000    1  373.05185
2000    2  373.53145
2000    3  374.65608
2000    4  374.90684
2000    5  372.14585
2000    6  370.02951
2000    7  366.17700
2000    8  365.05426
2000    9  366.05963
2000   10  368.61133
2000   11  370.59348
2000   12  372.02876
2001    1  373.39929
2001    2  374.85047
2001    3  375.32748
2001    4  376.77083
2001    5  372.51279
2001    6  370.98455
2001    7  368.53508
2001    8  366.24257
2001    9  366.88327
2001   10  369.26439
2001   11  372.02376
2001   12  374.03419
2002    1  374.71013
2002    2  375.99125
2002    3  377.47342
2002    4  378.81019
2002    5  375.87283
2002    6  373.82924
2002    7  369.46277
2002    8  368.91602
2002    9  369.32188
2002   10  371.57306
2002   11  374.23449
2002   12  376.56174
2003    1  377.90506
2003    2  378.48903
2003    3  379.77600
2003    4  381.12068
2003    5  378.46528
2003    6  375.78851
2003    7  373.31035
2003    8  372.49195
2003    9  372.11773
2003   10  374.79520
2003   11  377.12950
2003   12  378.42550
2004    1  380.38360
2004    2  381.84389
2004    3  382.97693
2004    4  383.42623
2004    5  380.94854
2004    6  378.32142
2004    7  374.80437
2004    8  372.39236
2004    9  373.01515
2004   10  376.01974
2004   11  378.74159
2004   12  380.09041
2005    1  381.98024
2005    2  385.74607
2005    3  383.97106
2005    4  384.82191
2005    5  382.17346
2005    6  380.33855
2005    7  374.61834
2005    8  373.65418
2005    9  376.47336
2005   10  378.35137
2005   11  381.75404
2005   12  383.70924
2006    1  384.49146
2006    2  385.61996
2006    3  387.52164
2006    4  387.16383
2006    5  385.10861
2006    6  383.14913
2006    7  379.91811
2006    8  376.48247
2006    9  378.77270
2006   10  380.13680
2006   11  382.43708
2006   12  384.59015
2007    1  385.99080
2007    2  387.26098
2007    3  388.96213
2007    4  387.30830
2007    5  386.33437
2007    6  382.35393
2007    7  379.37480
2007    8  377.49219
2007    9  379.24826
2007   10  382.94028
2007   11  385.08940
2007   12  386.69174
2008    1  387.54276
2008    2  388.51122
2008    3  391.26942
2008    4  392.00264
2008    5  388.08770
2008    6  383.76625
2008    7  380.73128
2008    8  379.16051
2008    9  382.25070
2008   10  383.70091
2008   11  386.51336
2008   12  389.06391
2009    1  389.83484
2009    2  391.66454
2009    3  392.59132
2009    4  392.17883
2009    5  390.05824
2009    6  387.02961
2009    7  383.41922
2009    8  382.09988
2009    9  382.77416
2009   10  385.26728
2009   11  387.98575
2009   12  391.33141
2010    1  392.43858
2010    2  394.58557
2010    3  394.10638
2010    4  394.77466
2010    5  391.95709
2010    6  388.68861
2010    7  385.43640
2010    8  383.31773
2010    9  385.62468
2010   10  388.97531
2010   11  392.63736
2010   12  394.14840
2011    1  394.59896
2011    2  395.74067
2011    3  396.95785
2011    4  396.15334
2011    5  393.37832
2011    6  391.01415
2011    7  386.48967
2011    8  385.69001
2011    9  387.51806
2011   10  389.36414
2011   11  392.48582
2011   12  394.95144
2012    1  395.71422
2012    2  397.12607
2012    3  397.28213
2012    4  399.25647
2012    5  396.05095
2012    6  393.32360
2012    7  389.43338
2012    8  388.38826
2012    9  389.73597
2012   10  392.47796
2012   11  395.25097
2012   12  398.34611
2013    1  399.19576
2013    2  402.83918
2013    3  401.77358
2013    4  402.81061
2013    5  399.31285
2013    6  395.43436
2013    7  392.22100
2013    8  389.91511
2013    9  392.27624
2013   10  395.53668
2013   11  398.82114
2013   12  399.27414
2014    1  401.45207
2014    2  402.83703
2014    3  403.60726
2014    4  403.18622
2014    5  401.26478
2014    6  398.47891
2014    7  394.16694
2014    8  390.65335
2014    9  394.38382
2014   10  397.32421
2014   11  399.69615
2014   12  401.95405
2015    1  403.13796
2015    2  404.61996
2015    3  405.42454
2015    4  405.78426
2015    5  401.98755
2015    6  398.65615
2015    7  396.88891
2015    8  394.92588
2015    9  395.95354
2015   10  400.41469
2015   11  401.75836
2015   12  403.05956
2016    1  406.01377
2016    2  407.59298
2016    3  409.01569
2016    4  408.78344
2016    5  405.10701
2016    6  401.08862
2016    7  399.17076
2016    8  397.87483
2016    9  400.02214
2016   10  403.82499
2016   11  405.54063
2016   12  406.87009
2017    1  409.46581
2017    2  409.77917
2017    3  410.91326
2017    4  412.40148
2017    5  409.67265
2017    6  405.90865
2017    7  402.72158
2017    8  401.69831
2017    9  401.49200
2017   10  404.80730
2017   11  407.82869
2017   12  409.66694
